flag_no_valid_votes,flag_naive_turnout_above_1,election_year,election_date,wkr_nr,wkr_name,state,state_name,stimme,eligible_voters,number_voters,valid_votes,invalid_votes,turnout,elected_party,50plus,ad_demokraten,adm,afd,agfg,appd,aufbruch,b,bgd,bge,big,bp,bsw,buendnis_21_rrp,buendnis21,buergerbewegung,bueso,bundnis_c,bundnis_deutschland,cdu,cm,csu,deutschland,dib,die_einheit,die_frauen,die_humanisten,die_partei,die_rechte,diebasis,dkp,dm,dsu,du,dvu,familie,fdp,fp_deutschl,freie_union,freie_wahler,fwd,gartenpartei,gesundheitsforschung,graue,gruene,hp,humanwirtschafts_partei,iii_weg,klimalistebw,kpd,lfk,liebe,linke_pds,lkr,menschliche_welt,mera25,mg,mieterpartei,mlpd,nein,neue_liberale,nichtwaehler,npd,odp,offensive_d,partei_der_vernunft,pbc,pdf,pdh,piraten,prg,pro_deutschland,pro_dm,psg,rentner,rep,schill,sgp,spd,ssw,statt_partei,team_todenhofer,thp,tierschutz,tierschutzallianz,unabhangige,v_partei3,violetten,volksabstimmung,volt,werteunion,zentrum,other,cdu_csu
0,0,2002,2002-09-22,001,Flensburg - Schleswig,01,Schleswig-Holstein,erststimme,217678,171856,170221,1635,0.789496412131681,spd,,,,,,,0,,,,,0,,,,,0,,,0.413380252730274,0,0,0,,,0,,,,,0,,0,,,0,0.041428495896511,0,,,,,,0,0.0437078856310326,0,,,,0,,,0.0113382015145017,,,,,,,,,,0,0,,,0.00345433289664612,,,,0,,,,,0,0,,0.486690831331034,,,,,0,,,,0,,,,0,0,0.413380252730274
0,0,2002,2002-09-22,001,Flensburg - Schleswig,01,Schleswig-Holstein,zweitstimme,217678,171856,170241,1615,0.789496412131681,spd,,,,,,,0,,,,,0,,,,,0,,,0.36418959005175,0,0,0,,,0,,,,,0,,0,,,0,0.0745296373963969,0,,,,,,0.00274904400232611,0.0913058546413614,0,,,,0,,,0.0129111083698991,,,,,,,,,,0.0018973102836567,0,,,0.00268442972022016,,,,0,,,,,0.001450884334561,0.00811790344276643,,0.440164237757062,,,,,0,,,,0,,,,0,0,0.36418959005175
0,0,2002,2002-09-22,002,Nordfriesland - Dithmarschen-Nord,01,Schleswig-Holstein,erststimme,181614,144507,142745,1762,0.795682050943209,cdu,,,,,,,0,,,,,0,,,,,0,,,0.442957721811622,0,0,0,,,0,,,,,0,,0,,,0,0.0532558058075589,0,,,,,,0.00520508599250412,0.0443518161756979,0,,,,0,,,0.0111527549126064,,,,,,,,,,0,0,,,0.00243791376230341,,,,0,,,,,0,0,,0.440638901537707,,,,,0,,,,0,,,,0,0,0.442957721811622
0,0,2002,2002-09-22,002,Nordfriesland - Dithmarschen-Nord,01,Schleswig-Holstein,zweitstimme,181614,144507,142901,1606,0.795682050943209,cdu,,,,,,,0,,,,,0,,,,,0,,,0.399815256716188,0,0,0,,,0,,,,,0,,0,,,0,0.0820218193014745,0,,,,,,0.00305806117521921,0.065275960280194,0,,,,0,,,0.0111055905836908,,,,,,,,,,0.00222531682773389,0,,,0.00182643928314008,,,,0,,,,,0.00101468849063338,0.00955206751527281,,0.424104799826453,,,,,0,,,,0,,,,0,0,0.399815256716188
0,0,2002,2002-09-22,003,Steinburg - Dithmarschen-Süd,01,Schleswig-Holstein,erststimme,175990,140495,138806,1689,0.79831240411387,spd,,,,,,,0,,,,,0,,,,,0,,,0.430017434404853,0,0,0,,,0,,,,,0,,0,,,0,0.0595147183839315,0,,,,,,0,0.038283647680936,0,,,,0,,,0.0127155886633143,,,,,,,,,,0,0,,,0,,,,0,,,,,0,0,,0.457898073570307,,,,,0,,,,0,,,,0,0.00157053729665865,0.430017434404853
0,0,2002,2002-09-22,003,Steinburg - Dithmarschen-Süd,01,Schleswig-Holstein,zweitstimme,175990,140495,138782,1713,0.79831240411387,spd,,,,,,,0,,,,,0,,,,,0,,,0.385460650516638,0,0,0,,,0,,,,,0,,0,,,0,0.0882679309996974,0,,,,,,0.00221930797942096,0.076839936014757,0,,,,0,,,0.0127538153362828,,,,,,,,,,0.00314882333443818,0,,,0.00198152498162586,,,,0,,,,,0.0013978758052197,0.0157729388537418,,0.412157196178179,,,,,0,,,,0,,,,0,0,0.385460650516638
0,0,2002,2002-09-22,004,Rendsburg-Eckernförde,01,Schleswig-Holstein,erststimme,195179,159411,157234,2177,0.816742579888205,spd,,,,,,,0,,,,,0,,,,,0,,,0.40445450729486,0,0,0,,,0,,,,,0,,0,,,0,0.0511276187084218,0,,,,,,0,0.043171324268288,0,,,,0,,,0.0102267957312032,,,,,,,,,,0,0,,,0.00346617143874734,,,,0,,,,,0,0,,0.480920157217905,,,,,0,,,,0,,,,0,0.00663342534057519,0.40445450729486
0,0,2002,2002-09-22,004,Rendsburg-Eckernförde,01,Schleswig-Holstein,zweitstimme,195179,159411,157713,1698,0.816742579888205,spd,,,,,,,0,,,,,0,,,,,0,,,0.373215904839804,0,0,0,,,0,,,,,0,,0,,,0,0.0803040966819476,0,,,,,,0.00223824288422641,0.0899672189356616,0,,,,0,,,0.0116604211447376,,,,,,,,,,0.00237139614362798,0,,,0.00241578056342851,,,,0,,,,,0.00109692923221294,0.0105254481241242,,0.426204561450229,,,,,0,,,,0,,,,0,0,0.373215904839804
0,0,2002,2002-09-22,005,Kiel,01,Schleswig-Holstein,erststimme,193933,152938,151063,1875,0.788612562070406,spd,,,,,,,0,,,,,0,,,,,0,,,0.307950987336409,0,0,0,,,0,,,,,0.00172775596936378,,0,,,0,0.060544276229123,0,,,,,,0,0.066660929545951,0,,,,0,,,0.0200975751838637,,,,,,,,,,0.00597101871404646,0,,,0,,,,0,,,,,0,0,,0.537047457021243,,,,,0,,,,0,,,,0,0,0.307950987336409
0,0,2002,2002-09-22,005,Kiel,01,Schleswig-Holstein,zweitstimme,193933,152938,151281,1657,0.788612562070406,spd,,,,,,,0,,,,,0,,,,,0,,,0.279413806095941,0,0,0,,,0,,,,,0,,0,,,0,0.0828259992993172,0,,,,,,0.00251849207765681,0.150494774624705,0,,,,0,,,0.0215162512146271,,,,,,,,,,0.00364883891566026,0,,,0.00216154044460309,,,,0,,,,,0.00168560493386479,0.0129626324521916,,0.442772059941434,,,,,0,,,,0,,,,0,0,0.279413806095941
0,0,2002,2002-09-22,006,Plön - Neumünster,01,Schleswig-Holstein,erststimme,172971,139038,137072,1966,0.803822606101601,spd,,,,,,,0,,,,,0,,,,,0,,,0.387861853624373,0,0,0,,,0,,,,,0.00142990545114976,,0,,,0,0.0455235204855842,0,,,,,,0,0.0505646667444847,0,,,,0,,,0.0102792692891327,,,,,,,,,,0,0,,,0,,,,0,,,,,0,0,,0.479083985058947,,,,,0,,,,0,,,,0,0.0252567993463289,0.387861853624373
0,0,2002,2002-09-22,006,Plön - Neumünster,01,Schleswig-Holstein,zweitstimme,172971,139038,137563,1475,0.803822606101601,spd,,,,,,,0,,,,,0,,,,,0,,,0.35808320551311,0,0,0,,,0,,,,,0,,0,,,0,0.076684864389407,0,,,,,,0.00225351293589119,0.084921090700261,0,,,,0,,,0.0122125862332168,,,,,,,,,,0.00302406897203463,0,,,0.00262425216082813,,,,0,,,,,0.00150476508944993,0.0131794159766798,,0.445512238029121,,,,,0,,,,0,,,,0,0,0.35808320551311
0,0,2002,2002-09-22,007,Pinneberg,01,Schleswig-Holstein,erststimme,223977,187495,185043,2452,0.837117203998625,spd,,,,,,,0,,,,,0,,,,,0,,,0.410228973806088,0,0,0,,,0,,,,,0.00243186718762666,,0,,,0,0.0519176623811763,0,,,,,,0,0.0579162681106554,0,,,,0,,,0.0103273293234545,,,,,,,,,,0,0,,,0.00364780078143999,,,,0,,,,,0,0,,0.463530098409559,,,,,0,,,,0,,,,0,0,0.410228973806088
0,0,2002,2002-09-22,007,Pinneberg,01,Schleswig-Holstein,zweitstimme,223977,187495,185700,1795,0.837117203998625,spd,,,,,,,0,,,,,0,,,,,0,,,0.355008077544426,0,0,0,,,0,,,,,0,,0,,,0,0.0830317716747442,0,,,,,,0.00266020463112547,0.10230479267636,0,,,,0,,,0.011868605277329,,,,,,,,,,0.0021486268174475,0,,,0.00236941303177167,,,,0,,,,,0.00129779213785676,0.023769520732364,,0.415541195476575,,,,,0,,,,0,,,,0,0,0.355008077544426
0,0,2002,2002-09-22,008,Segeberg - Stormarn-Nord,01,Schleswig-Holstein,erststimme,228709,187998,185935,2063,0.821996510850032,spd,,,,,,,0,,,,,0,,,,,0,,,0.404888805227633,0,0,0,,,0,,,,,0,,0,,,0,0.0594670180439401,0,,,,,,0.0076908597090381,0.050071261462339,0,,,,0,,,0.0106058568854707,,,,,,,,,,0,0,,,0,,,,0,,,,,0,0,,0.467276198671579,,,,,0,,,,0,,,,0,0,0.404888805227633
0,0,2002,2002-09-22,008,Segeberg - Stormarn-Nord,01,Schleswig-Holstein,zweitstimme,228709,187998,186335,1663,0.821996510850032,spd,,,,,,,0,,,,,0,,,,,0,,,0.366651461078166,0,0,0,,,0,,,,,0,,0,,,0,0.0869026216223469,0,,,,,,0.00344540746504951,0.0933909356803606,0,,,,0,,,0.0126814608098318,,,,,,,,,,0.00227547159685513,0,,,0.00158853677516301,,,,0,,,,,0.00146510317439021,0.0197815761934151,,0.411817425604422,,,,,0,,,,0,,,,0,0,0.366651461078166
0,0,2002,2002-09-22,009,Ostholstein,01,Schleswig-Holstein,erststimme,175045,141399,139487,1912,0.807786569167928,spd,,,,,,,0,,,,,0,,,,,0,,,0.40997368930438,0,0,0,,,0,,,,,0,,0,,,0,0.0522557657702868,0,,,,,,0,0.0391864474825611,0,,,,0,,,0.00921232803056916,,,,,,,,,,0,0,,,0.00401471104834142,,,,0,,,,,0,0,,0.485357058363862,,,,,0,,,,0,,,,0,0,0.40997368930438
0,0,2002,2002-09-22,009,Ostholstein,01,Schleswig-Holstein,zweitstimme,175045,141399,140005,1394,0.807786569167928,spd,,,,,,,0,,,,,0,,,,,0,,,0.38247205456948,0,0,0,,,0,,,,,0,,0,,,0,0.0783043462733474,0,,,,,,0.00187136173708082,0.0712688832541695,0,,,,0,,,0.00954251633870219,,,,,,,,,,0.00277847219742152,0,,,0.00294275204456984,,,,0,,,,,0.00123567015463733,0.00972108138995036,,0.439862862040641,,,,,0,,,,0,,,,0,0,0.38247205456948
0,0,2002,2002-09-22,010,Herzogtum Lauenburg - Stormarn-Süd,01,Schleswig-Holstein,erststimme,228765,190571,188398,2173,0.833042642012546,spd,,,,,,,0,,,,,0,,,,,0,,,0.423061815942844,0,0,0,,,0,,,,,0,,0,,,0,0.0532489729190331,0,,,,,,0,0.0463168398815274,0,,,,0,,,0.0102018068132358,,,,,,,,,,0.00613063832949394,0,,,0,,,,0,,,,,0,0,,0.461039926113865,,,,,0,,,,0,,,,0,0,0.423061815942844
0,0,2002,2002-09-22,010,Herzogtum Lauenburg - Stormarn-Süd,01,Schleswig-Holstein,zweitstimme,228765,190571,188741,1830,0.833042642012546,spd,,,,,,,0,,,,,0,,,,,0,,,0.377194144356552,0,0,0,,,0,,,,,0,,0,,,0,0.0816568737052363,0,,,,,,0.00203453409699006,0.0977477071754415,0,,,,0,,,0.0114919386884673,,,,,,,,,,0.00310478380426087,0,,,0.00175372600547841,,,,0,,,,,0.00142523352106855,0.0237203363339179,,0.399870722312587,,,,,0,,,,0,,,,0,0,0.377194144356552
0,0,2002,2002-09-22,011,Lübeck,01,Schleswig-Holstein,erststimme,178895,137518,135266,2252,0.768707901282876,spd,,,,,,,0,,,,,0,,,,,0,,,0.346154983513965,0,0,0,,,0,,,,,0,,0,,,0,0.0538938092351367,0,,,,,,0,0.068006742270785,0,,,,0,,,0.0189848151050523,,,,,,,,,,0,0,,,0.00451702571230021,,,,0,,,,,0,0,,0.508442624162761,,,,,0,,,,0,,,,0,0,0.346154983513965
0,0,2002,2002-09-22,011,Lübeck,01,Schleswig-Holstein,zweitstimme,178895,137518,135697,1821,0.768707901282876,spd,,,,,,,0,,,,,0,,,,,0,,,0.317589924611451,0,0,0,,,0,,,,,0,,0,,,0,0.0665232097983006,0,,,,,,0.00201920455131654,0.0989262842951576,0,,,,0,,,0.0160504653750636,,,,,,,,,,0.00355940072367112,0,,,0.00227713213998836,,,,0,,,,,0.0019528803142295,0.0146355483172067,,0.476465949873616,,,,,0,,,,0,,,,0,0,0.317589924611451
0,0,2002,2002-09-22,012,Wismar - Nordwestmecklenburg - Parchim,13,Mecklenburg-Vorpommern,erststimme,218477,154794,150321,4473,0.708513939682438,spd,,,,,,,0,,,,,0,,,,,0,,,0.301840727509796,0,0,0,,,0,,,,,0,,0,,,0,0.0469661590862222,0,,,,,,0,0.0290777735645718,0,,,,0,,,0.148103059452771,,,,,,,,,,0,0,,,0,,,,0,,,,,0,0,,0.474012280386639,,,,,0,,,,0,,,,0,0,0.301840727509796
0,0,2002,2002-09-22,012,Wismar - Nordwestmecklenburg - Parchim,13,Mecklenburg-Vorpommern,zweitstimme,218477,154794,151454,3340,0.708513939682438,spd,,,,,,,0,,,,,0,,,,,0,,,0.283894779933181,0,0,0,,,0,,,,,0,,0,,,0,0.0552444966788596,0,,,,,,0,0.0354563101667833,0,,,,0,,,0.142439288496837,,,,,,,,,,0.00522270788490235,0,,,0,,,,0,,,,,0.00213926340671095,0.0195835039021749,,0.456019649530551,,,,,0,,,,0,,,,0,0,0.283894779933181
0,0,2002,2002-09-22,013,Schwerin - Ludwigslust,13,Mecklenburg-Vorpommern,erststimme,184442,133843,131233,2610,0.725664436516628,spd,,,,,,,0,,,,,0,,,,,0,,,0.250074295337301,0,0,0,,,0,,,,,0,,0,,,0,0.0441657205123711,0,,,,,,0.00400051816235246,0.0253594751320171,0,,,,0,,,0.155524906083074,,,,,,,,,,0.00959362355505094,0,,,0,,,,0,,,,,0,0.0178461210213894,,0.493435340196445,,,,,0,,,,0,,,,0,0,0.250074295337301
0,0,2002,2002-09-22,013,Schwerin - Ludwigslust,13,Mecklenburg-Vorpommern,zweitstimme,184442,133843,131137,2706,0.725664436516628,spd,,,,,,,0,,,,,0,,,,,0,,,0.254215057535249,0,0,0,,,0,,,,,0,,0,,,0,0.0519609263594562,0,,,,,,0,0.0419484966104151,0,,,,0,,,0.155021084819692,,,,,,,,,,0.00912785865163912,0,,,0,,,,0,,,,,0.00187590077552483,0.0170051167862617,,0.468845558461761,,,,,0,,,,0,,,,0,0,0.254215057535249
0,0,2002,2002-09-22,014,Rostock,13,Mecklenburg-Vorpommern,erststimme,161960,115637,113370,2267,0.713984934551741,spd,,,,,,,0,,,,,0,,,,,0,,,0.211819705389433,0,0,0,,,0,,,,,0,,0,,,0,0.0367028314368881,0,,,,,,0.00366058040045868,0.0919820058216459,0,,,,0,,,0.185375319749493,,,,,,,,,,0,0,,,0,,,,0,,,,,0,0.0165299461938785,,0.451680338713946,,,,,0,,,,0,,,,0,0.00224927229425774,0.211819705389433
0,0,2002,2002-09-22,014,Rostock,13,Mecklenburg-Vorpommern,zweitstimme,161960,115637,113556,2081,0.713984934551741,spd,,,,,,,0,,,,,0,,,,,0,,,0.215259431469936,0,0,0,,,0,,,,,0,,0,,,0,0.0463119518123217,0,,,,,,0,0.0502923667617739,0,,,,0,,,0.182130402620733,,,,,,,,,,0.00542463630279334,0,,,0,,,,0,,,,,0.00140899644228398,0.013869808728733,,0.485302405861425,,,,,0,,,,0,,,,0,0,0.215259431469936
0,0,2002,2002-09-22,015,Stralsund - Nordvorpommern - Rügen,13,Mecklenburg-Vorpommern,erststimme,203657,138269,134703,3566,0.678930751214051,cdu,,,,,,,0,,,,,0,,,,,0,,,0.416241657572586,0,0,0,,,0,,,,,0,,0,,,0,0.0398060919207442,0,,,,,,0,0.0198807747414683,0,,,,0,,,0.16037504732634,,,,,,,,,,0,0,,,0,,,,0,,,,,0,0.0158496841198785,,0.347846744318983,,,,,0,,,,0,,,,0,0,0.416241657572586
0,0,2002,2002-09-22,015,Stralsund - Nordvorpommern - Rügen,13,Mecklenburg-Vorpommern,zweitstimme,203657,138269,134399,3870,0.678930751214051,cdu,,,,,,,0,,,,,0,,,,,0,,,0.363060737059056,0,0,0,,,0,,,,,0,,0,,,0,0.0526045580696285,0,,,,,,0,0.0295835534490584,0,,,,0,,,0.16303692735809,,,,,,,,,,0.00845244384258811,0,,,0,,,,0,,,,,0.00319198803562527,0.0185269235634194,,0.361542868622534,,,,,0,,,,0,,,,0,0,0.363060737059056
0,0,2002,2002-09-22,016,Greifswald - Demmin - Ostvorpommern,13,Mecklenburg-Vorpommern,erststimme,208696,143224,139749,3475,0.686280522865795,cdu,,,,,,,0,,,,,0,,,,,0,,,0.380546551317004,0,0,0,,,0,,,,,0,,0,,,0,0.0501542050390343,0,,,,,,0,0.0169875991957009,0,,,,0,,,0.156029739032122,,,,,,,,,,0,0,,,0,,,,0,,,,,0,0.0174384074304646,,0.372417691718724,,,,,0,,,,0,,,,0,0.00642580626695003,0.380546551317004
0,0,2002,2002-09-22,016,Greifswald - Demmin - Ostvorpommern,13,Mecklenburg-Vorpommern,zweitstimme,208696,143224,139558,3666,0.686280522865795,cdu,,,,,,,0,,,,,0,,,,,0,,,0.372303988305937,0,0,0,,,0,,,,,0,,0,,,0,0.0568150876338153,0,,,,,,0,0.0295432723312171,0,,,,0,,,0.161309276429871,,,,,,,,,,0.0125395892747102,0,,,0,,,,0,,,,,0.00371171842531421,0.0152266441192909,,0.348550423479844,,,,,0,,,,0,,,,0,0,0.372303988305937
0,0,2002,2002-09-22,017,Bad Doberan - Güstrow - Müritz,13,Mecklenburg-Vorpommern,erststimme,240166,172265,167570,4695,0.717274718319829,spd,,,,,,,0,,,,,0,,,,,0,,,0.306653935668676,0,0,0,,,0,,,,,0,,0,,,0,0.0533389031449543,0,,,,,,0,0.0282091066420004,0,,,,0,,,0.151691830279883,,,,,,,,,,0,0,,,0,,,,0,,,,,0,0.0149609118577311,,0.445145312406755,,,,,0,,,,0,,,,0,0,0.306653935668676
0,0,2002,2002-09-22,017,Bad Doberan - Güstrow - Müritz,13,Mecklenburg-Vorpommern,zweitstimme,240166,172265,167894,4371,0.717274718319829,spd,,,,,,,0,,,,,0,,,,,0,,,0.3020536767246,0,0,0,,,0,,,,,0,,0,,,0,0.0583046445971863,0,,,,,,0,0.0346945096310768,0,,,,0,,,0.156694104613625,,,,,,,,,,0.007063980845057,0,,,0,,,,0,,,,,0.00349625358857374,0.0157599437740479,,0.421932886225833,,,,,0,,,,0,,,,0,0,0.3020536767246
0,0,2002,2002-09-22,018,Neubrandenburg - Mecklenburg-Strelitz - Uecker-Randow,13,Mecklenburg-Vorpommern,erststimme,194621,138548,134641,3907,0.711886178778241,spd,,,,,,,0,,,,,0,,,,,0,,,0.321751918063591,0,0,0,,,0,,,,,0,,0,,,0,0.064334043864796,0,,,,,,0,0.0215239043084944,0,,,,0,,,0.198869586530106,,,,,,,,,,0,0,,,0,,,,0,,,,,0,0.0157381481123878,,0.377782399120625,,,,,0,,,,0,,,,0,0,0.321751918063591
0,0,2002,2002-09-22,018,Neubrandenburg - Mecklenburg-Strelitz - Uecker-Randow,13,Mecklenburg-Vorpommern,zweitstimme,194621,138548,135097,3451,0.711886178778241,spd,,,,,,,0,,,,,0,,,,,0,,,0.314603581130595,0,0,0,,,0,,,,,0,,0,,,0,0.0561670503416064,0,,,,,,0,0.0271952745064657,0,,,,0,,,0.1888050807938,,,,,,,,,,0.0112067625483912,0,,,0,,,,0,,,,,0.00453007838812113,0.0149300132497391,,0.382562159041281,,,,,0,,,,0,,,,0,0,0.314603581130595
0,0,2002,2002-09-22,019,Hamburg-Mitte,02,Hamburg,erststimme,243210,182934,180455,2479,0.752164795855434,spd,,,,,,,0,,,,,0,,,,,0.00274860768612674,,,0.264952481228007,0,0,0,,,0,,,,,0.00231636696129229,,0,,,0,0.046831620071486,0,,,,,,0,0.114061677426505,0,,,,0,,,0.0205314344296362,,,,,,,,,,0.00725942755811698,0,,,0,,,,0,,,,,0,0,,0.54129838463883,,,,,0,,,,0,,,,0,0,0.264952481228007
0,0,2002,2002-09-22,019,Hamburg-Mitte,02,Hamburg,zweitstimme,243210,182934,180923,2011,0.752164795855434,spd,,,,,,,0,,,,,0,,,,,0.00111096986010623,,,0.230396356461036,0,0,0,,,0.00287415088186687,,,,,0,,0,,,0,0.0592793619385042,0,,,,,,0,0.169320650221365,0,,,,0,,,0.0275255219071097,,,,,,,,,,0.00271938891130481,0,,,0,,,,0,,,,,0.0015642013453237,0.0462683019848223,,0.458941096488561,,,,,0,,,,0,,,,0,0,0.230396356461036
0,0,2002,2002-09-22,020,Hamburg-Altona,02,Hamburg,erststimme,168860,137534,135932,1602,0.814485372497927,spd,,,,,,,0,,,,,0,,,,,0,,,0.318056086866963,0,0,0,,,0,,,,,0,,0,,,0,0.0488773798664038,0,,,,,,0,0.109503281052291,0,,,,0,,,0.0204587587911603,,,,,,,,,,0.00476708942706648,0,,,0,,,,0,,,,,0,0,,0.494122061030515,,,,,0,,,,0,,,,0,0.00421534296560045,0.318056086866963
0,0,2002,2002-09-22,020,Hamburg-Altona,02,Hamburg,zweitstimme,168860,137534,136296,1238,0.814485372497927,spd,,,,,,,0,,,,,0,,,,,0.000601631742677702,,,0.278724247226624,0,0,0,,,0.00198831953982509,,,,,0,,0,,,0,0.0701487938017257,0,,,,,,0,0.202427070493632,0,,,,0,,,0.0292891941069437,,,,,,,,,,0.00186359100780654,0,,,0,,,,0,,,,,0.000843751834243118,0.0344397487820626,,0.37967365146446,,,,,0,,,,0,,,,0,0,0.278724247226624
0,0,2002,2002-09-22,021,Hamburg-Eimsbüttel,02,Hamburg,erststimme,180612,149594,147984,1610,0.828261688038447,spd,,,,,,,0,,,,,0,,,,,0.00325710887663531,,,0.299944588604173,0,0,0,,,0,,,,,0,,0,,,0,0.0550937939236674,0,,,,,,0,0.110680884419937,0,,,,0,,,0.0179884311817494,,,,,,,,,,0,0,,,0,,,,0,,,,,0,0,,0.513035192993837,,,,,0,,,,0,,,,0,0,0.299944588604173
0,0,2002,2002-09-22,021,Hamburg-Eimsbüttel,02,Hamburg,zweitstimme,180612,149594,148462,1132,0.828261688038447,spd,,,,,,,0,,,,,0,,,,,0.000902587867602484,,,0.258934946316229,0,0,0,,,0.00216890517438806,,,,,0,,0,,,0,0.0721396721046463,0,,,,,,0,0.201142379868249,0,,,,0,,,0.0232719483773626,,,,,,,,,,0.00105077393541782,0,,,0,,,,0,,,,,0.000821759103339575,0.0349314976222872,,0.404635529630478,,,,,0,,,,0,,,,0,0,0.258934946316229
0,0,2002,2002-09-22,022,Hamburg-Nord,02,Hamburg,erststimme,201238,170042,168613,1429,0.844979576421948,spd,,,,,,,0,,,,,0,,,,,0.00197493668934187,,,0.359503715609117,0,0,0,,,0,,,,,0.00118614816176689,,0,,,0,0.0490946724155314,0,,,,,,0,0.0887653976858249,0,,,,0,,,0.0116123905036978,,,,,,,,,,0,0,,,0,,,,0,,,,,0,0,,0.484452562969641,,,,,0,,,,0,,,,0,0.0034101759650798,0.359503715609117
0,0,2002,2002-09-22,022,Hamburg-Nord,02,Hamburg,zweitstimme,201238,170042,168955,1087,0.844979576421948,spd,,,,,,,0,,,,,0,,,,,0.000911485306738481,,,0.30807019620609,0,0,0,,,0.00159805865467136,,,,,0,,0,,,0,0.0819448965700926,0,,,,,,0,0.17581604569264,0,,,,0,,,0.0162410109200675,,,,,,,,,,0.00104761622917345,0,,,0,,,,0,,,,,0.00102394128614128,0.0288656742919712,,0.384481074842414,,,,,0,,,,0,,,,0,0,0.30807019620609
0,0,2002,2002-09-22,023,Hamburg-Wandsbek,02,Hamburg,erststimme,213526,167884,165933,1951,0.786246171426431,spd,,,,,,,0,,,,,0,,,,,0.00223584217726432,,,0.344862082888877,0,0,0,,,0,,,,,0.00115709352570013,,0,,,0,0.0486762729535415,0,,,,,,0,0.0548353853663828,0,,,,0,,,0.0113780863360513,,,,,,,,,,0.00651467761084293,0,,,0,,,,0,,,,,0,0,,0.53034055914134,,,,,0,,,,0,,,,0,0,0.344862082888877
0,0,2002,2002-09-22,023,Hamburg-Wandsbek,02,Hamburg,zweitstimme,213526,167884,166305,1579,0.786246171426431,spd,,,,,,,0,,,,,0,,,,,0.000841826764078049,,,0.299660262770211,0,0,0,,,0.00233907579447401,,,,,0,,0,,,0,0.0686990769970837,0,,,,,,0,0.121421484621629,0,,,,0,,,0.0150025555455338,,,,,,,,,,0.00256155858212321,0,,,0,,,,0,,,,,0.00141306635398815,0.0498662096749947,,0.438194882895884,,,,,0,,,,0,,,,0,0,0.299660262770211
0,0,2002,2002-09-22,024,Hamburg-Bergedorf - Harburg,02,Hamburg,erststimme,214337,164430,162178,2252,0.767156393903059,spd,,,,,,,0,,,,,0,,,,,0.00325568202838856,,,0.360030337037083,0,0,0,,,0,,,,,0,,0,,,0,0.0364969354659695,0,,,,,,0,0.0495936563528962,0,,,,0,,,0.0142066124875137,,,,,,,,,,0.00690599218143028,0,,,0,,,,0,,,,,0,0,,0.529510784446719,,,,,0,,,,0,,,,0,0,0.360030337037083
0,0,2002,2002-09-22,024,Hamburg-Bergedorf - Harburg,02,Hamburg,zweitstimme,214337,164430,162497,1933,0.767156393903059,spd,,,,,,,0,,,,,0,,,,,0.00110155879800858,,,0.309654947475953,0,0,0,,,0.00256620122217641,,,,,0,,0,,,0,0.0572810574964461,0,,,,,,0,0.1109312787313,0,,,,0,,,0.0159202939131184,,,,,,,,,,0.00277543585420039,0,,,0,,,,0,,,,,0.00168003101595722,0.0546963943949734,,0.443392801097866,,,,,0,,,,0,,,,0,0,0.309654947475953
0,0,2002,2002-09-22,025,Aurich - Emden,03,Niedersachsen,erststimme,184346,146852,144520,2332,0.796610721143936,spd,,,,,,,0,,,,,0,,,,,0,,,0.254705231109881,0,0,0,,,0,,,,,0,,0,,,0,0.0466717409355107,0,,,,,,0,0.0707030168834763,0,,,,0,,,0.0138665928591198,,,,,,,,,,0,0,,,0,,,,0,,,,,0,0,,0.614053418212012,,,,,0,,,,0,,,,0,0,0.254705231109881
0,0,2002,2002-09-22,025,Aurich - Emden,03,Niedersachsen,zweitstimme,184346,146852,145412,1440,0.796610721143936,spd,,,,,,,0,,,,,0,,,,,0.000137540230517426,,,0.240131488460375,0,0,0,,,0,,,,,0,,0,,,0,0.0596305669408302,0,,,,,,0.00118284598244987,0.0555731301405661,0,,,,0,,,0.009565923032487,,,,,,,,,,0.00221439771133056,0.000247572414931367,,,0.00215938161912359,,,,0,,,,,0.00267515748356394,0.00583170577393888,,0.617067367204907,,,,,0.00358292300497896,,,,0,,,,0,0,0.240131488460375
0,0,2002,2002-09-22,026,Unterems,03,Niedersachsen,erststimme,223672,178243,175894,2349,0.796894559891269,cdu,,,,,,,0,,,,,0,,,,,0,,,0.473921793807634,0,0,0,,,0,,,,,0,,0,,,0,0.0589047949333121,0,,,,,,0,0.0339863781595734,0,,,,0,,,0.00847101094977657,,,,,,,,,,0,0,,,0,,,,0,,,,,0,0,,0.424716022149704,,,,,0,,,,0,,,,0,0,0.473921793807634
0,0,2002,2002-09-22,026,Unterems,03,Niedersachsen,zweitstimme,223672,178243,176409,1834,0.796894559891269,cdu,,,,,,,0,,,,,0,,,,,0.000164390705689619,,,0.416815468598541,0,0,0,,,0,,,,,0,,0,,,0,0.0682391487962632,0,,,,,,0.00112806035973221,0.0419026240157815,0,,,,0,,,0.00755630381669869,,,,,,,,,,0.00223911478439309,0.000249420381046319,,,0.00311775476307898,,,,0,,,,,0.00217675968913151,0.00522082206690135,,0.447363796631691,,,,,0.00382633539105148,,,,0,,,,0,0,0.416815468598541
0,0,2002,2002-09-22,027,Friesland - Wilhelmshaven,03,Niedersachsen,erststimme,189511,148578,146328,2250,0.78400726079225,spd,,,,,,,0,,,,,0,,,,,0,,,0.321387567656224,0,0,0,,,0,,,,,0,,0,,,0,0.0709023563501176,0,,,,,,0,0.0415026515772784,0,,,,0,,,0.0136405882674539,,,,,,,,,,0,0,,,0,,,,0,,,,,0,0,,0.548152096659559,,,,,0,,,,0,,,,0,0.00441473948936635,0.321387567656224
0,0,2002,2002-09-22,027,Friesland - Wilhelmshaven,03,Niedersachsen,zweitstimme,189511,148578,147160,1418,0.78400726079225,spd,,,,,,,0,,,,,0,,,,,0.000292198967110628,,,0.306659418320196,0,0,0,,,0,,,,,0,,0,,,0,0.081727371568361,0,,,,,,0.0015289480837184,0.0573253601522153,0,,,,0,,,0.0103424843707529,,,,,,,,,,0.00214732264202229,0.000285403642294102,,,0.000761076379450938,,,,0,,,,,0.00429464528404458,0.00959499864093504,,0.520250067953248,,,,,0.00479070399565099,,,,0,,,,0,0,0.306659418320196
0,0,2002,2002-09-22,028,Oldenburg - Ammerland,03,Niedersachsen,erststimme,205499,164427,162352,2075,0.800135280463652,spd,,,,,,,0,,,,,0,,,,,0,,,0.333226569429388,0,0,0,,,0,,,,,0.00137971814329358,,0,,,0,0.070316349659998,0,,,,,,0,0.107716566472849,0,,,,0,,,0.0160392234157879,,,,,,,,,,0,0,,,0,,,,0,,,,,0,0,,0.471321572878683,,,,,0,,,,0,,,,0,0,0.333226569429388
0,0,2002,2002-09-22,028,Oldenburg - Ammerland,03,Niedersachsen,zweitstimme,205499,164427,163100,1327,0.800135280463652,spd,,,,,,,0,,,,,0,,,,,0.000177805027590435,,,0.281128142244022,0,0,0,,,0,,,,,0,,0,,,0,0.087952176578786,0,,,,,,0.00153280196198651,0.113182096873084,0,,,,0,,,0.0158553034947885,,,,,,,,,,0.0020907418761496,0.00032495401594114,,,0.000968730839975475,,,,0,,,,,0.00126302881667689,0.00871857755977928,,0.483500919681177,,,,,0.00330472103004292,,,,0,,,,0,0,0.281128142244022
0,0,2002,2002-09-22,029,Delmenhorst - Wesermarsch - Oldenburg-Land,03,Niedersachsen,erststimme,222218,176606,174454,2152,0.794742100099902,spd,,,,,,,0,,,,,0,,,,,0,,,0.308660162564344,0,0,0,,,0,,,,,0,,0,,,0,0.0788746603689225,0,,,,,,0.00624233322251138,0.056112212961583,0,,,,0,,,0.0124216125740883,,,,,,,,,,0,0,,,0,,,,0,,,,,0,0,,0.537689018308551,,,,,0,,,,0,,,,0,0,0.308660162564344
0,0,2002,2002-09-22,029,Delmenhorst - Wesermarsch - Oldenburg-Land,03,Niedersachsen,zweitstimme,222218,176606,175179,1427,0.794742100099902,spd,,,,,,,0,,,,,0,,,,,0.000188378744027538,,,0.299870418257896,0,0,0,,,0,,,,,0,,0,,,0,0.0842795083885626,0,,,,,,0.00257450950170968,0.0705792360956507,0,,,,0,,,0.0102181197517967,,,,,,,,,,0.00216920977971104,0.000336798360534082,,,0.000776348763265003,,,,0,,,,,0.00243750677878056,0.00921914156377191,,0.513874379919968,,,,,0.00347644409432638,,,,0,,,,0,0,0.299870418257896
0,0,2002,2002-09-22,030,Cuxhaven - Osterholz,03,Niedersachsen,erststimme,208331,169037,167216,1821,0.8113866875309,spd,,,,,,,0,,,,,0,,,,,0.00225456894077122,,,0.335548033680987,0,0,0,,,0,,,,,0,,0,,,0,0.0647545689407712,0,,,,,,0,0.0538046598411635,0,,,,0,,,0.0114941153956559,,,,,,,,,,0,0,,,0,,,,0,,,,,0,0,,0.532144053200651,,,,,0,,,,0,,,,0,0,0.335548033680987
0,0,2002,2002-09-22,030,Cuxhaven - Osterholz,03,Niedersachsen,zweitstimme,208331,169037,167813,1224,0.8113866875309,spd,,,,,,,0,,,,,0,,,,,0.000458844070483216,,,0.313128303528332,0,0,0,,,0,,,,,0,,0,,,0,0.0742731492792573,0,,,,,,0.00162085178144721,0.0806016220435842,0,,,,0,,,0.00951654520209996,,,,,,,,,,0.00296162990948258,0.00031582773682611,,,0.0014778354477901,,,,0,,,,,0.00281265456192309,0.0123828308891445,,0.495474128941143,,,,,0.00497577660848683,,,,0,,,,0,0,0.313128303528332
0,0,2002,2002-09-22,031,Stade - Cuxhaven,03,Niedersachsen,erststimme,186254,149562,147838,1724,0.803000204022464,spd,,,,,,,0,,,,,0,,,,,0,,,0.410510153005317,0,0,0,,,0,,,,,0,,0,,,0,0.0465712469053965,0,,,,,,0,0,0,,,,0,,,0.0116614131684682,,,,,,,,,,0.0086040125001691,0,,,0,,,,0,,,,,0,0,,0.52265317442065,,,,,0,,,,0,,,,0,0,0.410510153005317
0,0,2002,2002-09-22,031,Stade - Cuxhaven,03,Niedersachsen,zweitstimme,186254,149562,148557,1005,0.803000204022464,spd,,,,,,,0,,,,,0,,,,,0.000195211265709458,,,0.354146893111735,0,0,0,,,0,,,,,0,,0,,,0,0.0721271969681671,0,,,,,,0.00149437589612068,0.0733523159460678,0,,,,0,,,0.00994904312822688,,,,,,,,,,0.00392441958305566,0.000323108301863931,,,0.00122511897790074,,,,0,,,,,0.0014001359747437,0.0152197473023823,,0.463236333528545,,,,,0.00340610001548227,,,,0,,,,0,0,0.354146893111735
0,0,2002,2002-09-22,032,Mittelems,03,Niedersachsen,erststimme,219713,180640,178967,1673,0.822163458693842,cdu,,,,,,,0,,,,,0,,,,,0,,,0.532768610972973,0,0,0,,,0,,,,,0,,0,,,0,0.0472433465387474,0,,,,,,0,0.0366380394150877,0,,,,0,,,0.00693423927316209,,,,,,,,,,0,0,,,0,,,,0,,,,,0,0,,0.37641576380003,,,,,0,,,,0,,,,0,0,0.532768610972973
0,0,2002,2002-09-22,032,Mittelems,03,Niedersachsen,zweitstimme,219713,180640,179345,1295,0.822163458693842,cdu,,,,,,,0,,,,,0,,,,,0.00016169951768937,,,0.486576152109064,0,0,0,,,0,,,,,0,,0,,,0,0.0698932225598706,0,,,,,,0.000892135270010315,0.0456884775154033,0,,,,0,,,0.0056650589645655,,,,,,,,,,0.00180099807633332,0.000379157489754384,,,0.00160584348601857,,,,0,,,,,0.00137723382307842,0.00341241740778946,,0.379754105216203,,,,,0.0027934985642198,,,,0,,,,0,0,0.486576152109064
0,0,2002,2002-09-22,033,Cloppenburg - Vechta,03,Niedersachsen,erststimme,200389,161152,158715,2437,0.804195839092964,cdu,,,,,,,0,,,,,0,,,,,0,,,0.622089909586365,0,0,0,,,0,,,,,0,,0,,,0,0.0598620168226066,0,,,,,,0,0.0284409161074883,0,,,,0,,,0.00793875815140346,,,,,,,,,,0,0,,,0,,,,0,,,,,0,0,,0.281668399332136,,,,,0,,,,0,,,,0,0,0.622089909586365
0,0,2002,2002-09-22,033,Cloppenburg - Vechta,03,Niedersachsen,zweitstimme,200389,161152,159678,1474,0.804195839092964,cdu,,,,,,,0,,,,,0,,,,,0.000194140708175203,,,0.592811783714726,0,0,0,,,0,,,,,0,,0,,,0,0.0735918536053808,0,,,,,,0.000989491351344581,0.0339182604992548,0,,,,0,,,0.00502260799859718,,,,,,,,,,0.0014090857851426,0.000244241536091384,,,0.00204160873758439,,,,0,,,,,0.00190383146081489,0.00397049061235737,,0.281341199163316,,,,,0.00256140482721477,,,,0,,,,0,0,0.592811783714726
0,0,2002,2002-09-22,034,Diepholz - Nienburg I,03,Niedersachsen,erststimme,190154,153072,151404,1668,0.80498963997602,spd,,,,,,,0,,,,,0,,,,,0,,,0.373404929856543,0,0,0,,,0,,,,,0,,0,,,0,0.0674684948878497,0,,,,,,0,0.0706652400200787,0,,,,0,,,0,,,,,,,,,,0,0,,,0.0050262872843518,,,,0,,,,,0,0,,0.483435047951177,,,,,0,,,,0,,,,0,0,0.373404929856543
0,0,2002,2002-09-22,034,Diepholz - Nienburg I,03,Niedersachsen,zweitstimme,190154,153072,152053,1019,0.80498963997602,spd,,,,,,,0,,,,,0,,,,,0.000197299625788376,,,0.330595252971004,0,0,0,,,0,,,,,0,,0,,,0,0.0901856589478669,0,,,,,,0.0012035277173091,0.0702781267058197,0,,,,0,,,0.00935200226236904,,,,,,,,,,0.00230182896753106,0.000348562672226132,,,0.00261093171459951,,,,0,,,,,0.00316337066680697,0.008141897890867,,0.478017533360078,,,,,0.00360400649773434,,,,0,,,,0,0,0.330595252971004
0,0,2002,2002-09-22,035,Rotenburg - Verden,03,Niedersachsen,erststimme,225057,182294,180411,1883,0.809990357998196,spd,,,,,,,0,,,,,0,,,,,0.00231138899512779,,,0.379439169451974,0,0,0,,,0,,,,,0,,0,,,0,0.0664981625288924,0,,,,,,0,0.0633775102405064,0,,,,0,,,0.0113186003070766,,,,,,,,,,0,0,,,0,,,,0,,,,,0,0,,0.477055168476423,,,,,0,,,,0,,,,0,0,0.379439169451974
0,0,2002,2002-09-22,035,Rotenburg - Verden,03,Niedersachsen,zweitstimme,225057,182294,181013,1281,0.809990357998196,spd,,,,,,,0,,,,,0,,,,,0.000541397579179396,,,0.354433107014413,0,0,0,,,0,,,,,0,,0,,,0,0.0759282482473635,0,,,,,,0.00138111627341683,0.0783700618187644,0,,,,0,,,0.0100324286100998,,,,,,,,,,0.00303293133642335,0.000265174324496031,,,0.0022650306884036,,,,0,,,,,0.00261307198930464,0.00903250042814605,,0.458359344356483,,,,,0.00374558733350643,,,,0,,,,0,0,0.354433107014413
0,0,2002,2002-09-22,036,Soltau-Fallingbostel - Winsen L.,03,Niedersachsen,erststimme,248079,206287,204105,2182,0.831537534414441,spd,,,,,,,0,,,,,0,,,,,0,,,0.40520810367213,0,0,0,,,0,,,,,0,,0,,,0,0.0533107959138679,0,,,,,,0,0.0525219862325764,0,,,,0,,,0.0106268832218711,,,,,,,,,,0.00738345459444894,0,,,0,,,,0,,,,,0,0,,0.470948776365106,,,,,0,,,,0,,,,0,0,0.40520810367213
0,0,2002,2002-09-22,036,Soltau-Fallingbostel - Winsen L.,03,Niedersachsen,zweitstimme,248079,206287,204849,1438,0.831537534414441,spd,,,,,,,0,,,,,0,,,,,0.000302661960761341,,,0.36162734501999,0,0,0,,,0,,,,,0,,0,,,0,0.0798978759964657,0,,,,,,0.00139126869059649,0.0845110300758119,0,,,,0,,,0.0097828156349311,,,,,,,,,,0.00283135382647706,0.000375886628687472,,,0.00244082226420437,,,,0,,,,,0.00340250623630089,0.0194191819340099,,0.429531020410156,,,,,0.00448623132160762,,,,0,,,,0,0,0.36162734501999
0,0,2002,2002-09-22,037,Lüchow-Dannenberg - Lüneburg,03,Niedersachsen,erststimme,213233,172351,170684,1667,0.808275454549718,spd,,,,,,,0,,,,,0,,,,,0,,,0.368212603407466,0,0,0,,,0,,,,,0,,0,,,0,0.0490145532094397,0,,,,,,0,0.0714712568254787,0,,,,0,,,0.0132174076070399,,,,,,,,,,0.00537250123034379,0,,,0,,,,0,,,,,0,0.0182559583792271,,0.467565794099037,,,,,0,,,,0,,,,0,0.00688992524196761,0.368212603407466
0,0,2002,2002-09-22,037,Lüchow-Dannenberg - Lüneburg,03,Niedersachsen,zweitstimme,213233,172351,170977,1374,0.808275454549718,spd,,,,,,,0,,,,,0,,,,,0.000356773133228446,,,0.337109669721658,0,0,0,,,0,,,,,0,,0,,,0,0.0765775513665581,0,,,,,,0.00146218497224773,0.107710393795657,0,,,,0,,,0.0158208413997204,,,,,,,,,,0.00353263889295051,0.000502991630453219,,,0.00174877322680828,,,,0,,,,,0.00188914298414407,0.0137445387391287,,0.435543962053376,,,,,0.00400053808406979,,,,0,,,,0,0,0.337109669721658
0,0,2002,2002-09-22,038,Osnabrück-Land,03,Niedersachsen,erststimme,191489,156405,154720,1685,0.816783209479396,cdu,,,,,,,0,,,,,0,,,,,0,,,0.456023784901758,0,0,0,,,0,,,,,0,,0,,,0,0.0607032057911065,0,,,,,,0,0.0436595139607032,0,,,,0,,,0.00859617373319545,,,,,,,,,,0,0,,,0,,,,0,,,,,0,0,,0.431017321613237,,,,,0,,,,0,,,,0,0,0.456023784901758
0,0,2002,2002-09-22,038,Osnabrück-Land,03,Niedersachsen,zweitstimme,191489,156405,155105,1300,0.816783209479396,cdu,,,,,,,0,,,,,0,,,,,8.38141903871571e-05,,,0.427284742593727,0,0,0,,,0,,,,,0,,0,,,0,0.078579027110667,0,,,,,,0.00105734824796106,0.0615647464620741,0,,,,0,,,0.00709841720125077,,,,,,,,,,0.00208246026885013,0.000386834724863802,,,0.00186970117017504,,,,0,,,,,0.00193417362431901,0.00397795042068276,,0.410289803681377,,,,,0.00379098030366526,,,,0,,,,0,0,0.427284742593727
0,0,2002,2002-09-22,039,Stadt Osnabrück,03,Niedersachsen,erststimme,191030,155747,153929,1818,0.81530126158195,spd,,,,,,,0,,,,,0,,,,,0,,,0.387568294473426,0,0,0,,,0,,,,,0.000643153661753146,,0,,,0,0.0773213624463227,0,,,,,,0,0.0677065400281948,0,,,,0,,,0.0098616894802149,,,,,,,,,,0,0,,,0,,,,0,,,,,0,0,,0.456898959910089,,,,,0,,,,0,,,,0,0,0.387568294473426
0,0,2002,2002-09-22,039,Stadt Osnabrück,03,Niedersachsen,zweitstimme,191030,155747,154080,1667,0.81530126158195,spd,,,,,,,0,,,,,0,,,,,0.000136292834890966,,,0.367283229491173,0,0,0,,,0,,,,,0,,0,,,0,0.0806464174454829,0,,,,,,0.00149273104880582,0.0958138629283489,0,,,,0,,,0.00943016614745587,,,,,,,,,,0.00185617860851506,0.000674974039460021,,,0.00105789200415369,,,,0,,,,,0.001317497403946,0.00344626168224299,,0.434267912772586,,,,,0.00257658359293873,,,,0,,,,0,0,0.367283229491173
0,0,2002,2002-09-22,040,Nienburg II - Schaumburg,03,Niedersachsen,erststimme,198646,160102,157902,2200,0.80596639247707,spd,,,,,,,0,,,,,0,,,,,0,,,0.371901559194944,0,0,0,,,0,,,,,0,,0,,,0,0.0427733657585084,0,,,,,,0,0.0465795240085623,0,,,,0,,,0,,,,,,,,,,0,0,,,0,,,,0,,,,,0,0,,0.538745551037986,,,,,0,,,,0,,,,0,0,0.371901559194944
0,0,2002,2002-09-22,040,Nienburg II - Schaumburg,03,Niedersachsen,zweitstimme,198646,160102,158923,1179,0.80596639247707,spd,,,,,,,0,,,,,0,,,,,0.000232817150443926,,,0.336005486933924,0,0,0,,,0,,,,,0,,0,,,0,0.0604066120070726,0,,,,,,0.00128364050515029,0.0569772783045878,0,,,,0,,,0.00880300522894735,,,,,,,,,,0.00252323452237876,0.000308325415452766,,,0.00263020456447462,,,,0,,,,,0.0040837386658948,0.00960213436695758,,0.513223384909673,,,,,0.00392013742504232,,,,0,,,,0,0,0.336005486933924
0,0,2002,2002-09-22,041,Stadt Hannover I,03,Niedersachsen,erststimme,179678,143510,142012,1498,0.798706575095449,spd,,,,,,,0,,,,,0,,,,,0.00126045686280033,,,0.304896769287103,0,0,0,,,0,,,,,0,,0,,,0,0.0500873165647973,0,,,,,,0.00447849477508943,0.0585161817311213,0,,,,0,,,0.0130200264766358,,,,,,,,,,0,0,,,0,,,,0,,,,,0,0.0129284849167676,,0.554812269385686,,,,,0,,,,0,,,,0,0,0.304896769287103
0,0,2002,2002-09-22,041,Stadt Hannover I,03,Niedersachsen,zweitstimme,179678,143510,142287,1223,0.798706575095449,spd,,,,,,,0,,,,,0,,,,,0.000491963426033299,,,0.2800818064897,0,0,0,,,0,,,,,0,,0,,,0,0.0628729258470556,0,,,,,,0.00226303175975318,0.110909640374736,0,,,,0,,,0.0138452564183657,,,,,,,,,,0.00219977931926318,0.000358430496109975,,,0.00213652687877318,,,,0,,,,,0.00315559397555645,0.009523006318216,,0.508999416671938,,,,,0.00316262202449978,,,,0,,,,0,0,0.2800818064897
0,0,2002,2002-09-22,042,Stadt Hannover II,03,Niedersachsen,erststimme,188563,151400,149852,1548,0.802914675731718,spd,,,,,,,0,,,,,0,,,,,0.00126124442783546,,,0.286169020099832,0,0,0,,,0,,,,,0.00187518351440088,,0,,,0,0.0414408883431653,0,,,,,,0.00340335797987348,0.0741264714518325,0,,,,0,,,0.0155153084376585,,,,,,,,,,0,0,,,0,,,,0,,,,,0,0.0111176360675867,,0.563022181886128,,,,,0,,,,0,,,,0,0.0020687077916878,0.286169020099832
0,0,2002,2002-09-22,042,Stadt Hannover II,03,Niedersachsen,zweitstimme,188563,151400,150122,1278,0.802914675731718,spd,,,,,,,0,,,,,0,,,,,0.000386352433354205,,,0.261733789850921,0,0,0,,,0,,,,,0,,0,,,0,0.0610436844699644,0,,,,,,0.00195840716217476,0.138167623666085,0,,,,0,,,0.0207897576637668,,,,,,,,,,0.00171194095469019,0.00055288365462757,,,0.00175856969664673,,,,0,,,,,0.00247132332369673,0.00788691863950653,,0.498721040220621,,,,,0.00281770826394532,,,,0,,,,0,0,0.261733789850921
0,0,2002,2002-09-22,043,Hannover-Land I,03,Niedersachsen,erststimme,228792,189610,187589,2021,0.828744012028393,spd,,,,,,,0,,,,,0,,,,,0.00100219096002431,,,0.356902590237167,0,0,0,,,0,,,,,0,,0,,,0,0.0508611912212337,0,,,,,,0,0.0400556535830992,0,,,,0,,,0.00851862316020662,,,,,,,,,,0,0,,,0,,,,0,,,,,0,0.0151554728688782,,0.527504277969391,,,,,0,,,,0,,,,0,0,0.356902590237167
0,0,2002,2002-09-22,043,Hannover-Land I,03,Niedersachsen,zweitstimme,228792,189610,188187,1423,0.828744012028393,spd,,,,,,,0,,,,,0,,,,,0.000345401116974074,,,0.328444579062316,0,0,0,,,0,,,,,0,,0,,,0,0.0732037813451514,0,,,,,,0.00161541445477105,0.0670875246430412,0,,,,0,,,0.00833213771408227,,,,,,,,,,0.00185985216832194,0.000324145663621823,,,0.002035209658478,,,,0,,,,,0.00399071136688507,0.0116320468470192,,0.497930250229825,,,,,0.00319894572951373,,,,0,,,,0,0,0.328444579062316
0,0,2002,2002-09-22,044,Celle - Uelzen,03,Niedersachsen,erststimme,216639,173848,171927,1921,0.802477854864544,spd,,,,,,,0,,,,,0,,,,,0,,,0.398698284737127,0,0,0,,,0,,,,,0,,0,,,0,0.0480843613859371,0,,,,,,0,0.0308561191668557,0,,,,0,,,0.00987046828014215,,,,,,,,,,0,0,,,0.00456589133760259,,,,0,,,,,0,0,,0.500753226660152,,,,,0,,,,0,,,,0,0.00717164843218343,0.398698284737127
0,0,2002,2002-09-22,044,Celle - Uelzen,03,Niedersachsen,zweitstimme,216639,173848,172379,1469,0.802477854864544,spd,,,,,,,0,,,,,0,,,,,0.000185637461639759,,,0.381867860934337,0,0,0,,,0,,,,,0,,0,,,0,0.0709309138584166,0,,,,,,0.00147929852244183,0.0655126204468062,0,,,,0,,,0.00982718312555474,,,,,,,,,,0.00223345071035335,0.00037707609395576,,,0.00308042162908475,,,,0,,,,,0.00793020031442345,0.00990259834434589,,0.443296457225068,,,,,0.00337628133357312,,,,0,,,,0,0,0.381867860934337
0,0,2002,2002-09-22,045,Gifhorn - Peine,03,Niedersachsen,erststimme,212606,174874,173129,1745,0.822526175178499,spd,,,,,,,0,,,,,0,,,,,0,,,0.368268747581283,0,0,0,,,0,,,,,0,,0,,,0,0.0395716488860907,0,,,,,,0,0.0350778898971287,0,,,,0,,,0.00861785142870345,,,,,,,,,,0,0,,,0.00597820122567565,,,,0,,,,,0,0,,0.542485660981118,,,,,0,,,,0,,,,0,0,0.368268747581283
0,0,2002,2002-09-22,045,Gifhorn - Peine,03,Niedersachsen,zweitstimme,212606,174874,173534,1340,0.822526175178499,spd,,,,,,,0,,,,,0,,,,,0.000242027498933927,,,0.335980268996277,0,0,0,,,0,,,,,0,,0,,,0,0.0614058340152362,0,,,,,,0.00134267636313345,0.0578733850427006,0,,,,0,,,0.00811368377378497,,,,,,,,,,0.0025355261793078,0.000242027498933927,,,0.00394159069692395,,,,0,,,,,0.00311754468864891,0.00738760127698319,,0.514550462733528,,,,,0.00326737123560801,,,,0,,,,0,0,0.335980268996277
0,0,2002,2002-09-22,046,Hameln-Pyrmont - Holzminden,03,Niedersachsen,erststimme,203553,165253,163073,2180,0.811842615928038,spd,,,,,,,0,,,,,0,,,,,0,,,0.354381166716746,0,0,0,,,0,,,,,0,,0,,,0,0.0690733597836552,0,,,,,,0,0.0472794392695296,0,,,,0,,,0.0118781159358079,,,,,,,,,,0,0,,,0,,,,0,,,,,0,0,,0.514800120191571,,,,,0,,,,0,,,,0,0.00258779810269021,0.354381166716746
0,0,2002,2002-09-22,046,Hameln-Pyrmont - Holzminden,03,Niedersachsen,zweitstimme,203553,165253,163760,1493,0.811842615928038,spd,,,,,,,0,,,,,0,,,,,0.000299218368343918,,,0.329421104054714,0,0,0,,,0,,,,,0,,0,,,0,0.0672936003908158,0,,,,,,0.00119687347337567,0.0534379579872985,0,,,,0,,,0.00929408891060088,,,,,,,,,,0.00348070346849047,0.000299218368343918,,,0.0019418661455789,,,,0,,,,,0.00302882266731803,0.011504640937958,,0.514612848070347,,,,,0.00418905715681485,,,,0,,,,0,0,0.329421104054714
0,0,2002,2002-09-22,047,Hannover-Land II,03,Niedersachsen,erststimme,236507,198162,196115,2047,0.837869492234902,spd,,,,,,,0,,,,,0,,,,,0.00111669173699105,,,0.335471534558805,0,0,0,,,0,,,,,0,,0,,,0,0.0461820870407669,0,,,,,,0.00319710374015246,0.0480228437396426,0,,,,0,,,0.00878566147413507,,,,,,,,,,0,0,,,0,,,,0,,,,,0,0.0157101700532851,,0.541513907656222,,,,,0,,,,0,,,,0,0,0.335471534558805
0,0,2002,2002-09-22,047,Hannover-Land II,03,Niedersachsen,zweitstimme,236507,198162,196630,1532,0.837869492234902,spd,,,,,,,0,,,,,0,,,,,0.000533997864008544,,,0.308625336927224,0,0,0,,,0,,,,,0,,0,,,0,0.0660936784824289,0,,,,,,0.00174439302242791,0.0721049687229823,0,,,,0,,,0.00867110817271017,,,,,,,,,,0.00211564868026242,0.000422112597263897,,,0.00188170675888725,,,,0,,,,,0.00433809693332655,0.0101612164979912,,0.519991862889691,,,,,0.00331587245079591,,,,0,,,,0,0,0.308625336927224
0,0,2002,2002-09-22,048,Hildesheim,03,Niedersachsen,erststimme,225028,186886,184916,1970,0.830501093197291,spd,,,,,,,0,,,,,0,,,,,0,,,0.349623612883688,0,0,0,,,0,,,,,0,,0,,,0,0.0363300093015207,0,,,,,,0.00394773843258561,0.0477405957299531,0,,,,0,,,0.00864176166475589,,,,,,,,,,0,0,,,0,,,,0,,,,,0,0.0185922256592182,,0.535124056328279,,,,,0,,,,0,,,,0,0,0.349623612883688
0,0,2002,2002-09-22,048,Hildesheim,03,Niedersachsen,zweitstimme,225028,186886,185390,1496,0.830501093197291,spd,,,,,,,0,,,,,0,,,,,0.000188791196936189,,,0.329899131560494,0,0,0,,,0,,,,,0,,0,,,0,0.0547170829063056,0,,,,,,0.00182318355898376,0.0657209126705863,0,,,,0,,,0.00866281892227197,,,,,,,,,,0.00208749123469443,0.00035600625707967,,,0.00212524947408167,,,,0,,,,,0.00283726198824101,0.0132045957171368,,0.514828200010788,,,,,0.00354927450240035,,,,0,,,,0,0,0.329899131560494
0,0,2002,2002-09-22,049,Salzgitter - Wolfenbüttel,03,Niedersachsen,erststimme,220223,177103,174935,2168,0.804198471549293,spd,,,,,,,0,,,,,0,,,,,0,,,0.340475033583903,0,0,0,,,0,,,,,0,,0,,,0,0.0476405522051048,0,,,,,,0,0.0346300054305885,0,,,,0,,,0.00943779117958099,,,,,,,,,,0,0,,,0,,,,0,,,,,0,0,,0.567816617600823,,,,,0,,,,0,,,,0,0,0.340475033583903
0,0,2002,2002-09-22,049,Salzgitter - Wolfenbüttel,03,Niedersachsen,zweitstimme,220223,177103,175636,1467,0.804198471549293,spd,,,,,,,0,,,,,0,,,,,0.000153727026349951,,,0.324050877952128,0,0,0,,,0,,,,,0,,0,,,0,0.0599535402764809,0,,,,,,0.00120134824295702,0.0529333394064998,0,,,,0,,,0.00918376642601744,,,,,,,,,,0.0030005238106083,0.000210662962035118,,,0.00170238447698649,,,,0,,,,,0.00347878567036371,0.00917237923888041,,0.530500580746544,,,,,0.00445808376414858,,,,0,,,,0,0,0.324050877952128
0,0,2002,2002-09-22,050,Braunschweig,03,Niedersachsen,erststimme,188217,150095,148535,1560,0.797457190370689,spd,,,,,,,0,,,,,0,,,,,0.00143400545326017,,,0.34031709698051,0,0,0.00210051503012758,,,0,,,,,0,,0,,,0,0.0432288686168243,0,,,,,,0,0.0542027131652472,0,,,,0,,,0.0152893257481402,,,,,,,,,,0,0,,,0.00242367118860875,,,,0,,,,,0,0,,0.541003803817282,,,,,0,,,,0,,,,0,0,0.34031709698051
0,0,2002,2002-09-22,050,Braunschweig,03,Niedersachsen,zweitstimme,188217,150095,148899,1196,0.797457190370689,spd,,,,,,,0,,,,,0,,,,,0.000510413098811946,,,0.297920066622341,0,0,0,,,0,,,,,0,,0,,,0,0.0688251767976951,0,,,,,,0.00137005621260049,0.100141706794539,0,,,,0,,,0.0162123318491058,,,,,,,,,,0.00179316180766829,0.000389525785935433,,,0.00149765948730347,,,,0,,,,,0.00360647150081599,0.00644732335341406,,0.497350553059456,,,,,0.00393555363031317,,,,0,,,,0,0,0.297920066622341
0,0,2002,2002-09-22,051,Helmstedt - Wolfsburg,03,Niedersachsen,erststimme,187801,150834,148922,1912,0.80315866262693,spd,,,,,,,0,,,,,0,,,,,0,,,0.367917433287224,0,0,0,,,0,,,,,0,,0,,,0,0.0350921959146399,0,,,,,,0.0025583862693222,0.0352667839540162,0,,,,0,,,0.00942775412632116,,,,,,,,,,0.0106834450249124,0.00183317441345134,,,0.00216892064302118,,,,0,,,,,0,0,,0.535051906367092,,,,,0,,,,0,,,,0,0,0.367917433287224
0,0,2002,2002-09-22,051,Helmstedt - Wolfsburg,03,Niedersachsen,zweitstimme,187801,150834,149612,1222,0.80315866262693,spd,,,,,,,0,,,,,0,,,,,0.000113627249151138,,,0.33882977301286,0,0,0,,,0,,,,,0,,0,,,0,0.0547616501350159,0,,,,,,0.00173114456059674,0.050497286313932,0,,,,0,,,0.00852204368633532,,,,,,,,,,0.00731893163649975,0.000534716466593589,,,0.00167098895810496,,,,0,,,,,0.00133010721065155,0.00618265914498837,,0.525111622062401,,,,,0.00339544956286929,,,,0,,,,0,0,0.33882977301286
0,0,2002,2002-09-22,052,Goslar - Northeim - Osterode,03,Niedersachsen,erststimme,223193,179177,176996,2181,0.802789514008056,spd,,,,,,,0,,,,,0,,,,,0,,,0.356522181292233,0,0,0,,,0,,,,,0,,0,,,0,0.0637472033266289,0,,,,,,0.00400009039752311,0.0400235033560081,0,,,,0,,,0.0116951795520803,,,,,,,,,,0,0,,,0,,,,0,,,,,0,0,,0.524011842075527,,,,,0,,,,0,,,,0,0,0.356522181292233
0,0,2002,2002-09-22,052,Goslar - Northeim - Osterode,03,Niedersachsen,zweitstimme,223193,179177,177553,1624,0.802789514008056,spd,,,,,,,0,,,,,0,,,,,0.000152067270054575,,,0.33666003953749,0,0,0,,,0,,,,,0,,0,,,0,0.0699847369517834,0,,,,,,0.00150940845831949,0.0541641087449945,0,,,,0,,,0.0108305689005536,,,,,,,,,,0.00315398782335415,0.000247813328977826,,,0.00129538785602046,,,,0,,,,,0.00333984782008752,0.00582361323097892,,0.509290183776112,,,,,0.00354823630127342,,,,0,,,,0,0,0.33666003953749
0,0,2002,2002-09-22,053,Göttingen,03,Niedersachsen,erststimme,226749,184220,182197,2023,0.812440187167308,spd,,,,,,,0,,,,,0,,,,,0,,,0.357794036125732,0,0,0,,,0,,,,,0,,0,,,0,0.0445067701444041,0,,,,,,0.00386943802587309,0.0962584455287409,0,,,,0,,,0.0146489788525607,,,,,,,,,,0.00685521715505744,0.00199234894098147,,,0,,,,0,,,,,0,0,,0.47407476522665,,,,,0,,,,0,,,,0,0,0.357794036125732
0,0,2002,2002-09-22,053,Göttingen,03,Niedersachsen,zweitstimme,226749,184220,182591,1629,0.812440187167308,spd,,,,,,,0,,,,,0,,,,,0.000180731799486284,,,0.325487017432404,0,0,0,,,0,,,,,0,,0,,,0,0.0669419631854801,0,,,,,,0.00194971274597324,0.109172960332108,0,,,,0,,,0.017229764884359,,,,,,,,,,0.00472641039262614,0.000542195398458851,,,0.00112272784529358,,,,0,,,,,0.0015499120986248,0.00498381628886418,,0.462421477509844,,,,,0.00369131008647743,,,,0,,,,0,0,0.325487017432404
0,0,2002,2002-09-22,054,Bremen I,04,Bremen,erststimme,249388,201901,199768,2133,0.809585866200459,spd,,,,,,,0,,,,,0,,,,,0,,,0.271249649593528,0,0,0,,,0,,,,,0,,0,,,0,0.0481458491850547,0,,,,,,0,0.127052380761684,0,,,,0,,,0.020323575347403,,,,,,,,,,0,0,,,0,,,,0,,,,,0,0.0175353409955548,,0.513665852388771,,,,,0,,,,0,,,,0,0.00202735172800449,0.271249649593528
0,0,2002,2002-09-22,054,Bremen I,04,Bremen,zweitstimme,249388,201901,199848,2053,0.809585866200459,spd,,,,,,,0,,,,,0,,,,,0,,,0.255444137544534,0,0,0,,,0,,,,,0,,0,,,0,0.0716044193587126,0,,,,,,0.00435831231736119,0.175938713422201,0,,,,0,,,0.0245036227532925,,,,,,,,,,0.00310736159481206,0,,,0,,,,0,,,,,0.00240182538729434,0.0134552259717385,,0.449186381650054,,,,,0,,,,0,,,,0,0,0.255444137544534
0,0,2002,2002-09-22,055,Bremen II - Bremerhaven,04,Bremen,erststimme,235105,180108,177873,2235,0.7660747325663,spd,,,,,,,0,,,,,0,,,,,0,,,0.243252208036071,0,0,0,,,0,,,,,0,,0,,,0,0.0475339146469672,0,,,,,,0.00658334879380232,0.0745307044914068,0,,,,0,,,0.0168772101443165,,,,,,,,,,0.00719052357580971,0,,,0,,,,0,,,,,0,0.0236292185997875,,0.580402871711839,,,,,0,,,,0,,,,0,0,0.243252208036071
0,0,2002,2002-09-22,055,Bremen II - Bremerhaven,04,Bremen,zweitstimme,235105,180108,177776,2332,0.7660747325663,spd,,,,,,,0,,,,,0,,,,,0,,,0.23469984699847,0,0,0,,,0,,,,,0,,0,,,0,0.0618531185311853,0,,,,,,0.00609193591935919,0.120775582755828,0,,,,0,,,0.0199464494644946,,,,,,,,,,0.00663756637566376,0,,,0,,,,0,,,,,0.00258752587525875,0.0209083340833408,,0.5264996399964,,,,,0,,,,0,,,,0,0,0.23469984699847
0,0,2002,2002-09-22,056,Prignitz - Ostprignitz-Ruppin - Havelland I,12,Brandenburg,erststimme,176708,126723,124658,2065,0.717132218122552,spd,,,,,,,0,,,,,0,,,,,0,,,0.231858364485232,0,0,0,,,0,,,,,0,,0,,,0,0.047987293234289,0,,,,,,0,0.0484445442731313,0,,,,0,,,0.165733446710199,,,,,,,,,,0.0204639894752042,0,,,0,,,,0,,,,,0,0,,0.482046880264403,,,,,0,,,,0,,,,0,0.00346548155754143,0.231858364485232
0,0,2002,2002-09-22,056,Prignitz - Ostprignitz-Ruppin - Havelland I,12,Brandenburg,zweitstimme,176708,126723,124861,1862,0.717132218122552,spd,,,,,,,0,,,,,0,,,,,0,,,0.226996420019061,0,0,0,,,0,,,,,0,,0,,,0,0.0572877039267666,0,,,,,,0.00340378500892993,0.0340698857129128,0,,,,0,,,0.155861317785377,,,,,,,,,,0.0160017939949224,0,,,0,,,,0,,,,,0,0.0116369402775887,,0.494742153274441,,,,,0,,,,0,,,,0,0,0.226996420019061
0,0,2002,2002-09-22,057,Uckermark - Barnim I,12,Brandenburg,erststimme,179647,126778,124643,2135,0.70570619047354,spd,,,,,,,0,,,,,0,,,,,0,,,0.213642162014714,0,0,0,,,0,,,,,0,,0,,,0,0.0507288816860955,0,,,,,,0,0.02130885809873,0,,,,0,,,0.204945323844901,,,,,,,,,,0,0,,,0,,,,0,,,,,0,0,,0.493016053849795,,,,,0,,,,0,,,,0,0.0163587205057645,0.213642162014714
0,0,2002,2002-09-22,057,Uckermark - Barnim I,12,Brandenburg,zweitstimme,179647,126778,124890,1888,0.70570619047354,spd,,,,,,,0,,,,,0,,,,,0,,,0.206757946993354,0,0,0,,,0,,,,,0,,0,,,0,0.0512210745456001,0,,,,,,0.00466810793498279,0.0330691008087117,0,,,,0,,,0.186155817119065,,,,,,,,,,0.0142445351909681,0,,,0,,,,0,,,,,0,0.0181759948754904,,0.485707422531828,,,,,0,,,,0,,,,0,0,0.206757946993354
0,0,2002,2002-09-22,058,Oberhavel - Havelland II,12,Brandenburg,erststimme,229920,172416,169955,2461,0.749895615866388,spd,,,,,,,0,,,,,0,,,,,0,,,0.242934894530905,0,0,0,,,0,,,,,0,,0,,,0,0.0597275749463093,0,,,,,,0,0.0406519372775146,0,,,,0,,,0.179006207525521,,,,,,,,,,0.0274543261451561,0,,,0,,,,0,,,,,0,0,,0.450225059574593,,,,,0,,,,0,,,,0,0,0.242934894530905
0,0,2002,2002-09-22,058,Oberhavel - Havelland II,12,Brandenburg,zweitstimme,229920,172416,170335,2081,0.749895615866388,spd,,,,,,,0,,,,,0,,,,,0,,,0.233903777849532,0,0,0,,,0,,,,,0,,0,,,0,0.0644083717380456,0,,,,,,0.0062817389262336,0.0603340476120586,0,,,,0,,,0.142683535386151,,,,,,,,,,0.0200076320192562,0,,,0,,,,0,,,,,0,0.0215046819502745,,0.450876214518449,,,,,0,,,,0,,,,0,0,0.233903777849532
0,0,2002,2002-09-22,059,Märkisch-Oderland - Barnim II,12,Brandenburg,erststimme,233502,173166,170573,2593,0.7416039263047,spd,,,,,,,0,,,,,0,,,,,0,,,0.210367408675464,0,0,0,,,0,,,,,0,,0,,,0,0.0476628774776782,0,,,,,,0,0.0293598635188453,0,,,,0,,,0.247207940295357,,,,,,,,,,0,0,,,0,,,,0,,,,,0,0.0365591271772203,,0.428842782855434,,,,,0,,,,0,,,,0,0,0.210367408675464
0,0,2002,2002-09-22,059,Märkisch-Oderland - Barnim II,12,Brandenburg,zweitstimme,233502,173166,170853,2313,0.7416039263047,spd,,,,,,,0,,,,,0,,,,,0,,,0.21046747789035,0,0,0,,,0,,,,,0,,0,,,0,0.0556150609003061,0,,,,,,0.00613978098131142,0.0451382182343886,0,,,,0,,,0.207137129579229,,,,,,,,,,0.0147553745032279,0,,,0,,,,0,,,,,0,0.0272983207786811,,0.433448637132506,,,,,0,,,,0,,,,0,0,0.21046747789035
0,0,2002,2002-09-22,060,Brandenburg an der Havel - Potsdam-Mittelmark I - Havelland III - Teltow-Fläming I,12,Brandenburg,erststimme,203652,144473,141998,2475,0.709411152357944,spd,,,,,,,0,,,,,0,,,,,0,,,0.23424977816589,0,0,0,,,0,,,,,0,,0,,,0,0.0828391949182383,0,,,,,,0,0.0320779165903745,0,,,,0,,,0.187066015014296,,,,,,,,,,0,0,,,0,,,,0,,,,,0,0,,0.463767095311202,,,,,0,,,,0,,,,0,0,0.23424977816589
0,0,2002,2002-09-22,060,Brandenburg an der Havel - Potsdam-Mittelmark I - Havelland III - Teltow-Fläming I,12,Brandenburg,zweitstimme,203652,144473,142191,2282,0.709411152357944,spd,,,,,,,0,,,,,0,,,,,0,,,0.223143518225485,0,0,0,,,0,,,,,0,,0,,,0,0.0591246984689608,0,,,,,,0.00527459543852987,0.0407339423732866,0,,,,0,,,0.163554655357934,,,,,,,,,,0.0140726206299977,0,,,0,,,,0,,,,,0,0.0141921781266044,,0.479903791379201,,,,,0,,,,0,,,,0,0,0.223143518225485
0,0,2002,2002-09-22,061,Potsdam - Potsdam-Mittelmark II - Teltow-Fläming II,12,Brandenburg,erststimme,241453,189560,186513,3047,0.785080326191847,spd,,,,,,,0,,,,,0,,,,,0,,,0.220483290708959,0,0,0,,,0,,,,,0,,0,,,0.0117364473253875,0.0435358393248728,0,,,,,,0,0.0511117187541887,0,,,,0,,,0.252207620916505,,,,,,,,,,0,0,,,0,,,,0,,,,,0,0,,0.417863634170272,,,,,0,,,,0,,,,0,0.00306144879981556,0.220483290708959
0,0,2002,2002-09-22,061,Potsdam - Potsdam-Mittelmark II - Teltow-Fläming II,12,Brandenburg,zweitstimme,241453,189560,186971,2589,0.785080326191847,spd,,,,,,,0,,,,,0,,,,,0,,,0.199448042744597,0,0,0,,,0,,,,,0,,0,,,0,0.0602285915997668,0,,,,,,0.00536446828652572,0.0790710858903252,0,,,,0,,,0.182456102818084,,,,,,,,,,0.0105149996523525,0,,,0,,,,0,,,,,0,0.0136866145017142,,0.449230094506635,,,,,0,,,,0,,,,0,0,0.199448042744597
0,0,2002,2002-09-22,062,Dahme-Spreewald - Teltow-Fläming III - Oberspreewald-Lausitz I,12,Brandenburg,erststimme,210588,158885,156094,2791,0.754482686572834,spd,,,,,,,0,,,,,0,,,,,0,,,0.236793214345202,0,0,0,,,0,,,,,0,,0,,,0,0.0550053173088011,0,,,,,,0,0.0295527054210924,0,,,,0,,,0.196067754045639,,,,,,,,,,0,0,,,0,,,,0,,,,,0,0,,0.482581008879265,,,,,0,,,,0,,,,0,0,0.236793214345202
0,0,2002,2002-09-22,062,Dahme-Spreewald - Teltow-Fläming III - Oberspreewald-Lausitz I,12,Brandenburg,zweitstimme,210588,158885,156520,2365,0.754482686572834,spd,,,,,,,0,,,,,0,,,,,0,,,0.225926399182213,0,0,0,,,0,,,,,0,,0,,,0,0.059257602862254,0,,,,,,0.00592256580628674,0.0435152057245081,0,,,,0,,,0.17004216713519,,,,,,,,,,0.0142473805264503,0,,,0,,,,0,,,,,0,0.0174865831842576,,0.46360209557884,,,,,0,,,,0,,,,0,0,0.225926399182213
0,0,2002,2002-09-22,063,Frankfurt (Oder) - Oder-Spree,12,Brandenburg,erststimme,213200,155120,152910,2210,0.727579737335835,spd,,,,,,,0,,,,,0,,,,,0,,,0.220567654175659,0,0,0,,,0,,,,,0,,0,,,0,0.0503433392191485,0,,,,,,0.0124125302465503,0.0359361716042116,0,,,,0,,,0.218769210646786,,,,,,,,,,0.0232489699823426,0,,,0,,,,0,,,,,0,0,,0.438722124125303,,,,,0,,,,0,,,,0,0,0.220567654175659
0,0,2002,2002-09-22,063,Frankfurt (Oder) - Oder-Spree,12,Brandenburg,zweitstimme,213200,155120,153209,1911,0.727579737335835,spd,,,,,,,0,,,,,0,,,,,0,,,0.218635980914959,0,0,0,,,0,,,,,0,,0,,,0,0.0540438224908458,0,,,,,,0.00751261348876372,0.042216841047197,0,,,,0,,,0.189159905749662,,,,,,,,,,0.0176360396582446,0,,,0,,,,0,,,,,0,0.0159063762572695,,0.454888420393058,,,,,0,,,,0,,,,0,0,0.218635980914959
0,0,2002,2002-09-22,064,Cottbus - Spree-Neiße,12,Brandenburg,erststimme,207295,150774,148896,1878,0.727340263875154,spd,,,,,,,0,,,,,0,,,,,0,,,0.230241242209327,0,0,0,,,0,,,,,0,,0,,,0,0.0866578014184397,0,,,,,,0.0177842252310337,0.0299067805716742,0,,,,0,,,0.201509778637438,,,,,,,,,,0,0,,,0,,,,0,,,,,0,0,,0.433900171932087,,,,,0,,,,0,,,,0,0,0.230241242209327
0,0,2002,2002-09-22,064,Cottbus - Spree-Neiße,12,Brandenburg,zweitstimme,207295,150774,149260,1514,0.727340263875154,spd,,,,,,,0,,,,,0,,,,,0,,,0.225184242261825,0,0,0,,,0,,,,,0,,0,,,0,0.0561436419670374,0,,,,,,0.0076510786546965,0.0309326008307651,0,,,,0,,,0.165570146053866,,,,,,,,,,0.0147393809460003,0,,,0,,,,0,,,,,0,0.0131850462280584,,0.486593863057752,,,,,0,,,,0,,,,0,0,0.225184242261825
0,0,2002,2002-09-22,065,Elbe-Elster - Oberspreewald-Lausitz II,12,Brandenburg,erststimme,205060,150062,147118,2944,0.731795572027699,spd,,,,,,,0,,,,,0,,,,,0,,,0.279428757867834,0,0,0,,,0,,,,,0,,0,,,0,0.0667423428812246,0,,,,,,0,0.0224445683057138,0,,,,0,,,0.186408189344608,,,,,,,,,,0,0,,,0,,,,0,,,,,0,0,,0.44497614160062,,,,,0,,,,0,,,,0,0,0.279428757867834
0,0,2002,2002-09-22,065,Elbe-Elster - Oberspreewald-Lausitz II,12,Brandenburg,zweitstimme,205060,150062,147416,2646,0.731795572027699,spd,,,,,,,0,,,,,0,,,,,0,,,0.260568730666956,0,0,0,,,0,,,,,0,,0,,,0,0.0614519455147338,0,,,,,,0.00414473327182938,0.0265914147718022,0,,,,0,,,0.157004667064633,,,,,,,,,,0.0167281706192001,0,,,0,,,,0,,,,,0,0.0158598795246106,,0.457650458566234,,,,,0,,,,0,,,,0,0,0.260568730666956
0,0,2002,2002-09-22,066,Altmark,15,Sachsen-Anhalt,erststimme,190453,131259,129385,1874,0.689193659328023,spd,,,,,,,0,,,,,0,,,,,0,,,0.307384936430034,0,0,0,,,0,,,,,0,,0,,,0,0.0566371681415929,0,,,,,,0.00838582525022221,0.020033234146153,0,,,,0,,,0.146871739382463,,,,,,,,,,0,0,,,0,,,,0,,,,,0,0,,0.451783437029022,,,,,0,,,,0,,,,0.00890365962051243,0,0.307384936430034
0,0,2002,2002-09-22,066,Altmark,15,Sachsen-Anhalt,zweitstimme,190453,131259,129346,1913,0.689193659328023,spd,,,,,,,0,,,,,0,,,,,0,,,0.279637561269773,0,0,0,,,0,,,,,0,,0,,,0,0.0714672274364882,0,,,,,,0.00517990506084456,0.0312031295904009,0,,,,0,,,0.138821455630634,,,,,,,,,,0.0091073554651864,0,,,0,,,,0,,,,,0,0,,0.456079043804988,,,,,0.00850432174168509,,,,0,,,,0,0,0.279637561269773
0,0,2002,2002-09-22,067,Elbe-Havel-Gebiet,15,Sachsen-Anhalt,erststimme,239673,164081,161347,2734,0.684603605746163,spd,,,,,,,0,,,,,0,,,,,0,,,0.324301040614328,0,0,0,,,0,,,,,0,,0,,,0,0.0716530211283755,0,,,,,,0,0.0227955896298041,0,,,,0,,,0.129943537840803,,,,,,,,,,0,0,,,0,,,,0,,,,,0,0,,0.45130681078669,,,,,0,,,,0,,,,0,0,0.324301040614328
0,0,2002,2002-09-22,067,Elbe-Havel-Gebiet,15,Sachsen-Anhalt,zweitstimme,239673,164081,161896,2185,0.684603605746163,spd,,,,,,,0,,,,,0,,,,,0,,,0.301656619064091,0,0,0,,,0,,,,,0,,0,,,0,0.079791965212235,0,,,,,,0.00383579581953847,0.0308160794584178,0,,,,0,,,0.130756782131739,,,,,,,,,,0.00847457627118644,0,,,0,,,,0,,,,,0,0,,0.435211493798488,,,,,0.00945668824430498,,,,0,,,,0,0,0.301656619064091
0,0,2002,2002-09-22,068,Harz,15,Sachsen-Anhalt,erststimme,207469,144588,142085,2503,0.696913755790022,spd,,,,,,,0,,,,,0,,,,,0,,,0.297195340817117,0,0,0,,,0,,,,,0,,0,,,0,0.0740331491712707,0,,,,,,0,0.0339444698595911,0,,,,0,,,0.134130977935743,,,,,,,,,,0.0113171693000669,0,,,0,,,,0,,,,,0,0,,0.449378892916212,,,,,0,,,,0,,,,0,0,0.297195340817117
0,0,2002,2002-09-22,068,Harz,15,Sachsen-Anhalt,zweitstimme,207469,144588,142521,2067,0.696913755790022,spd,,,,,,,0,,,,,0,,,,,0,,,0.29025196286863,0,0,0,,,0,,,,,0,,0,,,0,0.0761782474161703,0,,,,,,0.00350123841398811,0.0347948723346033,0,,,,0,,,0.127812743385185,,,,,,,,,,0.0097248826488728,0,,,0,,,,0,,,,,0,0,,0.448474259933624,,,,,0.00926179299892647,,,,0,,,,0,0,0.29025196286863
0,0,2002,2002-09-22,069,Magdeburg,15,Sachsen-Anhalt,erststimme,189697,130746,129081,1665,0.689235992134826,spd,,,,,,,0,,,,,0,,,,,0,,,0.26454706734531,0,0,0,,,0,,,,,0,,0,,,0,0.0588157823382217,0,,,,,,0,0.0309030763629039,0,,,,0,,,0.155723925287223,,,,,,,,,,0,0,,,0,,,,0,,,,,0,0,,0.476723917540149,,,,,0.0132862311261921,,,,0,,,,0,0,0.26454706734531
0,0,2002,2002-09-22,069,Magdeburg,15,Sachsen-Anhalt,zweitstimme,189697,130746,129271,1475,0.689235992134826,spd,,,,,,,0,,,,,0,,,,,0,,,0.237632570336734,0,0,0,,,0,,,,,0,,0,,,0,0.0715473694796203,0,,,,,,0.00461820516589181,0.0513185478568279,0,,,,0,,,0.154017529066844,,,,,,,,,,0.00755776624300887,0,,,0,,,,0,,,,,0,0,,0.463406332433415,,,,,0.00990167941765748,,,,0,,,,0,0,0.237632570336734
0,0,2002,2002-09-22,070,Börde,15,Sachsen-Anhalt,erststimme,210062,138022,135511,2511,0.657053631784902,spd,,,,,,,0,,,,,0,,,,,0,,,0.324637852277675,0,0,0,,,0,,,,,0,,0,,,0,0.057309000745327,0,,,,,,0,0.0175041140571614,0,,,,0,,,0.148762831061685,,,,,,,,,,0,0,,,0,,,,0,,,,,0,0,,0.451786201858152,,,,,0,,,,0,,,,0,0,0.324637852277675
0,0,2002,2002-09-22,070,Börde,15,Sachsen-Anhalt,zweitstimme,210062,138022,135490,2532,0.657053631784902,spd,,,,,,,0,,,,,0,,,,,0,,,0.304051959554211,0,0,0,,,0,,,,,0,,0,,,0,0.0673407631559525,0,,,,,,0.00291534430585283,0.0262011956601963,0,,,,0,,,0.134113218687726,,,,,,,,,,0.00932910177872906,0,,,0,,,,0,,,,,0,0,,0.446232194257879,,,,,0.00981622259945384,,,,0,,,,0,0,0.304051959554211
0,0,2002,2002-09-22,071,Anhalt,15,Sachsen-Anhalt,erststimme,229541,160188,157620,2568,0.697862255544761,spd,,,,,,,0,,,,,0,,,,,0,,,0.332476843040223,0,0,0,,,0,,,,,0,,0,,,0,0.0636277122192615,0,,,,,,0,0.0385801294251998,0,,,,0,,,0.161857632280168,,,,,,,,,,0,0,,,0,,,,0,,,,,0,0,,0.403457683035148,,,,,0,,,,0,,,,0,0,0.332476843040223
0,0,2002,2002-09-22,071,Anhalt,15,Sachsen-Anhalt,zweitstimme,229541,160188,158086,2102,0.697862255544761,spd,,,,,,,0,,,,,0,,,,,0,,,0.297477322470048,0,0,0,,,0,,,,,0,,0,,,0,0.0724479081006541,0,,,,,,0.00352972432726491,0.0321470591956277,0,,,,0,,,0.144674417721999,,,,,,,,,,0.0100261882772668,0,,,0,,,,0,,,,,0,0,,0.428893134116873,,,,,0.0108042457902661,,,,0,,,,0,0,0.297477322470048
0,0,2002,2002-09-22,072,Bernburg - Bitterfeld - Saalkreis,15,Sachsen-Anhalt,erststimme,211316,146804,144030,2774,0.694713131045449,spd,,,,,,,0,,,,,0,,,,,0,,,0.325237797681039,0,0,0,,,0,,,,,0,,0,,,0,0.0794487259598695,0,,,,,,0,0.0183642296743734,0,,,,0,,,0.144247726168159,,,,,,,,,,0,0,,,0,,,,0,,,,,0,0,,0.432701520516559,,,,,0,,,,0,,,,0,0,0.325237797681039
0,0,2002,2002-09-22,072,Bernburg - Bitterfeld - Saalkreis,15,Sachsen-Anhalt,zweitstimme,211316,146804,144353,2451,0.694713131045449,spd,,,,,,,0,,,,,0,,,,,0,,,0.314645348555278,0,0,0,,,0,,,,,0,,0,,,0,0.085581872216026,0,,,,,,0.00393479872257591,0.0290953426669345,0,,,,0,,,0.141687391325431,,,,,,,,,,0.0105851627607324,0,,,0,,,,0,,,,,0,0,,0.40304669802498,,,,,0.0114233857280417,,,,0,,,,0,0,0.314645348555278
0,0,2002,2002-09-22,073,Halle,15,Sachsen-Anhalt,erststimme,196174,137668,135966,1702,0.701764759856046,spd,,,,,,,0,,,,,0,,,,,0,,,0.258351352544018,0,0,0,,,0,,,,,0,,0,,,0,0.0782989865113337,0,,,,,,0.0136431166615183,0.0309562684788844,0,,,,0,,,0.224835620669873,,,,,,,,,,0,0,,,0,,,,0,,,,,0,0,,0.393914655134372,,,,,0,,,,0,,,,0,0,0.258351352544018
0,0,2002,2002-09-22,073,Halle,15,Sachsen-Anhalt,zweitstimme,196174,137668,136194,1474,0.701764759856046,spd,,,,,,,0,,,,,0,,,,,0,,,0.244819889275592,0,0,0,,,0,,,,,0,,0,,,0,0.0798493325697167,0,,,,,,0.00701939879877234,0.059496013040222,0,,,,0,,,0.171894503428932,,,,,,,,,,0.00757008385097728,0,,,0,,,,0,,,,,0,0,,0.420370941451165,,,,,0.00897983758462194,,,,0,,,,0,0,0.244819889275592
0,0,2002,2002-09-22,074,Burgenland,15,Sachsen-Anhalt,erststimme,221118,151325,148613,2712,0.684363100245118,spd,,,,,,,0,,,,,0,,,,,0,,,0.345259163061105,0,0,0,,,0,,,,,0,,0,,,0,0.0769986474938263,0,,,,,,0,0.0315786640468869,0,,,,0,,,0.166136206119249,,,,,,,,,,0.0159003586496471,0,,,0.00260407905095786,,,,0,,,,,0,0,,0.355110252804263,,,,,0,,,,0,,,,0,0.00641262877406418,0.345259163061105
0,0,2002,2002-09-22,074,Burgenland,15,Sachsen-Anhalt,zweitstimme,221118,151325,149287,2038,0.684363100245118,spd,,,,,,,0,,,,,0,,,,,0,,,0.314086290165922,0,0,0,,,0,,,,,0,,0,,,0,0.0758070026191162,0,,,,,,0.00377795789318561,0.0252868635581129,0,,,,0,,,0.148686757721704,,,,,,,,,,0.0148170972690187,0,,,0,,,,0,,,,,0,0,,0.407610843542974,,,,,0.00992718722996644,,,,0,,,,0,0,0.314086290165922
0,0,2002,2002-09-22,075,Mansfelder Land,15,Sachsen-Anhalt,erststimme,213438,146412,143782,2630,0.685969696117842,spd,,,,,,,0,,,,,0,,,,,0,,,0.310657801393777,0,0,0,,,0,,,,,0,,0,,,0,0.0834249071511038,0,,,,,,0,0.0165180620661835,0,,,,0,,,0.169882182748884,,,,,,,,,,0.0140560014466345,0,,,0,,,,0,,,,,0,0,,0.398137458096285,,,,,0,,,,0,,,,0,0.00732358709713316,0.310657801393777
0,0,2002,2002-09-22,075,Mansfelder Land,15,Sachsen-Anhalt,zweitstimme,213438,146412,144146,2266,0.685969696117842,spd,,,,,,,0,,,,,0,,,,,0,,,0.308839648689523,0,0,0,,,0,,,,,0,,0,,,0,0.0754512785647885,0,,,,,,0.00308021034229184,0.0225188350699985,0,,,,0,,,0.151062117575236,,,,,,,,,,0.0122306550303165,0,,,0,,,,0,,,,,0,0,,0.417611310754374,,,,,0.00920594397347134,,,,0,,,,0,0,0.308839648689523
0,0,2002,2002-09-22,076,Berlin-Mitte,11,Berlin,erststimme,201240,150464,148071,2393,0.747684356986683,spd,,,,,,,0,,,,,0,,,,,0.00268789972378116,,,0.247030140945898,0,0,0,,,0,,,,,0.00145875964908726,,0,,,0,0.0483349204098034,0,,,,,,0,0.127972391622938,0,,,,0,,,0.12902594025839,,,,,,,,,,0,0,,,0,,,,0,,,,,0.0110082325370937,0.0174645946876836,,0.413085614333664,,,,,0,,,,0,,,,0,0.00193150583166184,0.247030140945898
0,0,2002,2002-09-22,076,Berlin-Mitte,11,Berlin,zweitstimme,201240,150464,148422,2042,0.747684356986683,spd,,,,,,,0,,,,,0,,,,,0.00103758202961825,,,0.232054547169557,0,0,0,,,0.00354394901025454,,,,,0,,0,,,0,0.0625378986942637,0,,,,,,0.00762690167225883,0.190167225882955,0.000619854199512202,,,,0.000747867566802765,,,0.0989341202786649,,,,,,,,,,0.00356416164719516,0.00129360876419938,,,0.00174502432253979,,,,0,,,,,0.00943930145126733,0.0172548544016386,,0.369433102909272,,,,,0,,,,0,,,,0,0,0.232054547169557
0,0,2002,2002-09-22,077,Berlin-Pankow,11,Berlin,erststimme,220153,169910,167669,2241,0.771781442905616,spd,,,,,,,0,,,,,0,,,,,0.00410928674948858,,,0.16752649565513,0,0,0,,,0,,,,,0,,0,,,0,0.0368106209257525,0,,,,,,0.0120415819262953,0.0643171963809649,0.00218883633826169,,,,0,,,0.261425785327043,,,,,,,,,,0,0,,,0,,,,0,,,,,0,0,,0.446999743542336,,,,,0,,,,0,,,,0,0.00458045315472747,0.16752649565513
0,0,2002,2002-09-22,077,Berlin-Pankow,11,Berlin,zweitstimme,220153,169910,167993,1917,0.771781442905616,spd,,,,,,,0,,,,,0,,,,,0.00152387301851863,,,0.159322114611918,0,0,0,,,0.00424422446173352,,,,,0,,0,,,0,0.0490972838153971,0,,,,,,0.00685147595435524,0.161750787235182,0.00114885739286756,,,,0.0013333888912038,,,0.202026274904311,,,,,,,,,,0.00751817039995714,0.00122624156958921,,,0.00160125719524028,,,,0,,,,,0.00780984921990797,0.0165364033025186,,0.378009798027299,,,,,0,,,,0,,,,0,0,0.159322114611918
0,0,2002,2002-09-22,078,Berlin-Reinickendorf,11,Berlin,erststimme,187183,150276,147677,2599,0.802829316764877,spd,,,,,,,0,,,,,0,,,,,0,,,0.420275330620205,0,0,0,,,0.00883008186786026,,,,,0,,0,,,0,0.0585805507966711,0,,,,,,0,0.0605172098566466,0,,,,0,,,0.0190618715168916,,,,,,,,,,0,0,,,0,,,,0,,,,,0,0,,0.424575255456165,,,,,0,,,,0,,,,0,0.00815969988556106,0.420275330620205
0,0,2002,2002-09-22,078,Berlin-Reinickendorf,11,Berlin,zweitstimme,187183,150276,148234,2042,0.802829316764877,spd,,,,,,,0,,,,,0,,,,,0.000539687251237908,,,0.381329519543425,0,0,0,,,0.00429725973798184,,,,,0,,0,,,0,0.0850884412482966,0,,,,,,0.0106318388493868,0.109691433814105,0.0004384958916308,,,,0.000236113172416585,,,0.0196648542169813,,,,,,,,,,0.00434448237246516,0.0013424720374543,,,0.00193612801381599,,,,0,,,,,0.0074814145202855,0.0221271773007542,,0.350850682029764,,,,,0,,,,0,,,,0,0,0.381329519543425
0,0,2002,2002-09-22,079,Berlin-Spandau - Charlottenburg-Nord,11,Berlin,erststimme,184596,143214,140699,2515,0.775823961515959,spd,,,,,,,0,,,,,0,,,,,0,,,0.390080952956311,0,0,0,,,0,,,,,0,,0,,,0,0.0543003148565377,0,,,,,,0.0176404949573202,0.0581454025970334,0,,,,0,,,0.0204265844106923,,,,,,,,,,0.00559350101990775,0,,,0,,,,0,,,,,0.0123668256348659,0,,0.441445923567332,,,,,0,,,,0,,,,0,0,0.390080952956311
0,0,2002,2002-09-22,079,Berlin-Spandau - Charlottenburg-Nord,11,Berlin,zweitstimme,184596,143214,140995,2219,0.775823961515959,spd,,,,,,,0,,,,,0,,,,,0.000702152558601369,,,0.349686159083656,0,0,0,,,0.00385120039717721,,,,,0,,0,,,0,0.0787332884144828,0,,,,,,0.0125465442036952,0.111188340012057,0.000354622504344126,,,,0.000262420653214653,,,0.0233838079364517,,,,,,,,,,0.00397177204865421,0.00169509557076492,,,0.00203553317493528,,,,0,,,,,0.00934075676442427,0.0245540622007873,,0.377694244476754,,,,,0,,,,0,,,,0,0,0.349686159083656
0,0,2002,2002-09-22,080,Berlin-Steglitz - Zehlendorf,11,Berlin,erststimme,217030,183251,180678,2573,0.844357922867806,spd,,,,,,,0,,,,,0,,,,,0.00283377057527757,,,0.384402085478033,0,0,0,,,0,,,,,0,,0,,,0,0.0737776597040038,0,,,,,,0.0119328307818329,0.0998073921562116,0,,,,0,,,0.0152481209665814,,,,,,,,,,0,0,,,0,,,,0,,,,,0,0,,0.408367371788486,,,,,0,,,,0,,,,0,0.00363076854957438,0.384402085478033
0,0,2002,2002-09-22,080,Berlin-Steglitz - Zehlendorf,11,Berlin,zweitstimme,217030,183251,181369,1882,0.844357922867806,spd,,,,,,,0,,,,,0,,,,,0.00103104720211282,,,0.353169505262752,0,0,0,,,0.00218890769646411,,,,,0,,0,,,0,0.0968026509491699,0,,,,,,0.00696370383031279,0.182484327531166,0.000463144197740518,,,,0.000148867777845167,,,0.0188235034653111,,,,,,,,,,0.00169268177031356,0.00125159205817973,,,0.00187463127656876,,,,0,,,,,0.00423446123648474,0.0132106368784081,,0.315660338867171,,,,,0,,,,0,,,,0,0,0.353169505262752
0,0,2002,2002-09-22,081,Berlin-Charlottenburg - Wilmersdorf,11,Berlin,erststimme,199931,164302,162248,2054,0.821793518763974,spd,,,,,,,0,,,,,0,,,,,0.0029830876189537,,,0.312250382131059,0,0,0,,,0,,,,,0,,0,,,0,0.0925496770376214,0,,,,,,0.0127705734431241,0.141789112962872,0,,,,0,,,0.020160495044623,,,,,,,,,,0,0,,,0,,,,0,,,,,0,0,,0.417496671761747,,,,,0,,,,0,,,,0,0,0.312250382131059
0,0,2002,2002-09-22,081,Berlin-Charlottenburg - Wilmersdorf,11,Berlin,zweitstimme,199931,164302,162755,1547,0.821793518763974,spd,,,,,,,0,,,,,0,,,,,0.000903198058431385,,,0.302626647414826,0,0,0,,,0.00219962520352677,,,,,0,,0,,,0,0.0906700254984486,0,,,,,,0.00729931492120058,0.224945470185248,0.000417805904580504,,,,0.000251912383644128,,,0.0229055942981782,,,,,,,,,,0.00172037725415502,0.00098307271666001,,,0.00135786918988664,,,,0,,,,,0.00350834075758041,0.0121225154373138,,0.32808823077632,,,,,0,,,,0,,,,0,0,0.302626647414826
0,0,2002,2002-09-22,082,Berlin-Tempelhof - Schöneberg,11,Berlin,erststimme,237943,191769,188958,2811,0.805945121310566,spd,,,,,,,0,,,,,0,,,,,0.0018522634659554,,,0.34617216524307,0,0,0,,,0.00508049407804909,,,,,0,,0,,,0,0.0568962414928185,0,,,,,,0.0123942886779073,0.199980948147207,0,,,,0,,,0.0174271531239746,,,,,,,,,,0,0,,,0.0028101482869209,,,,0,,,,,0,0,,0.357386297484097,,,,,0,,,,0,,,,0,0,0.34617216524307
0,0,2002,2002-09-22,082,Berlin-Tempelhof - Schöneberg,11,Berlin,zweitstimme,237943,191769,189309,2460,0.805945121310566,spd,,,,,,,0,,,,,0,,,,,0.000866308522045967,,,0.319937245455842,0,0,0,,,0.00339128092166775,,,,,0,,0,,,0,0.077772319329773,0,,,,,,0.00875816786312326,0.187460712380288,0.000501825058502237,,,,0.000338071618359402,,,0.0235171069521259,,,,,,,,,,0.00237706606658954,0.00127833330692149,,,0.00234008948333149,,,,0,,,,,0.00566269960751998,0.0161746139908826,,0.349624159443027,,,,,0,,,,0,,,,0,0,0.319937245455842
0,0,2002,2002-09-22,083,Berlin-Neukölln,11,Berlin,erststimme,197948,148765,145722,3043,0.751535756865439,spd,,,,,,,0,,,,,0,,,,,0,,,0.366169830224674,0,0,0,,,0,,,,,0,,0,,,0,0.0606771798355773,0,,,,,,0.0260496012956177,0.0929784109468714,0,,,,0,,,0.0346413033035506,,,,,,,,,,0,0,,,0,,,,0,,,,,0,0,,0.419483674393709,,,,,0,,,,0,,,,0,0,0.366169830224674
0,0,2002,2002-09-22,083,Berlin-Neukölln,11,Berlin,zweitstimme,197948,148765,146335,2430,0.751535756865439,spd,,,,,,,0,,,,,0,,,,,0.000744866231591895,,,0.338012095534219,0,0,0,,,0.0042300201592237,,,,,0,,0,,,0,0.0705367820412068,0,,,,,,0.0138586120887006,0.136344688557078,0.000533023541873099,,,,0.000505689001264223,,,0.031482557146274,,,,,,,,,,0.00402501110465712,0.00127788977346499,,,0.00175624423412034,,,,0,,,,,0.00943725014521475,0.0241979020740083,,0.363057368367103,,,,,0,,,,0,,,,0,0,0.338012095534219
0,0,2002,2002-09-22,084,Berlin-Friedrichshain - Kreuzberg - Prenzlauer Berg-Ost,11,Berlin,erststimme,209818,158449,155867,2582,0.755173531346214,gruene,,,,,,,0,,,,,0,,,,,0,,,0.130373972681838,0,0,0,,,0,,,,,0.00206586384545799,,0,,,0,0.0303977108688818,0,,,,,,0.0125170818710824,0.315679393328928,0,,,,0,,,0.213797660826217,,,,,,,,,,0,0,,,0,,,,0,,,,,0,0,,0.29127397075712,,,,,0,,,,0,,,,0,0.00389434582047515,0.130373972681838
0,0,2002,2002-09-22,084,Berlin-Friedrichshain - Kreuzberg - Prenzlauer Berg-Ost,11,Berlin,zweitstimme,209818,158449,156030,2419,0.755173531346214,gruene,,,,,,,0,,,,,0,,,,,0.000672947510094213,,,0.128481702236749,0,0,0,,,0.00411459334743319,,,,,0,,0,,,0,0.0377747868999551,0,,,,,,0.00708838043965904,0.231192719348843,0.000890854322886624,,,,0.0015702108568865,,,0.171941293341024,,,,,,,,,,0.00465295135550856,0.00145484842658463,,,0.00102544382490547,,,,0,,,,,0.00530026276998013,0.0118631032493751,,0.391975902070115,,,,,0,,,,0,,,,0,0,0.128481702236749
0,0,2002,2002-09-22,085,Berlin-Treptow - Köpenick,11,Berlin,erststimme,189307,147762,145776,1986,0.780541659843535,spd,,,,,,,0,,,,,0,,,,,0,,,0.181284985182746,0,0,0,,,0,,,,,0,,0,,,0,0.0415637690703545,0,,,,,,0.0120184392492591,0.0508588519372187,0,,,,0,,,0.301311601360992,,,,,,,,,,0.0175406102513445,0,,,0,,,,0,,,,,0,0,,0.393144276149709,,,,,0,,,,0,,,,0,0.00227746679837559,0.181284985182746
0,0,2002,2002-09-22,085,Berlin-Treptow - Köpenick,11,Berlin,zweitstimme,189307,147762,145972,1790,0.780541659843535,spd,,,,,,,0,,,,,0,,,,,0.000979639930945661,,,0.174560874688296,0,0,0,,,0.00551475625462417,,,,,0,,0,,,0,0.0477488833474913,0,,,,,,0.00790562573644261,0.0762954539226701,0.0007946729509769,,,,0.00128106760200586,,,0.234140794124901,,,,,,,,,,0.010296495218261,0.00115775628202669,,,0.00118515879757762,,,,0,,,,,0.00628202669005015,0.0197503630833311,,0.4121064313704,,,,,0,,,,0,,,,0,0,0.174560874688296
0,0,2002,2002-09-22,086,Berlin-Marzahn - Hellersdorf,11,Berlin,erststimme,198349,142239,140180,2059,0.717114782529783,linke_pds,,,,,,,0,,,,,0,,,,,0.00497217862747896,,,0.180418033956342,0,0,0,,,0,,,,,0,,0,,,0,0.0350691967470395,0,,,,,,0,0.0257597374803824,0.00402339848765872,,,,0,,,0.377200741903267,,,,,,,,,,0.0268369239549151,0,,,0,,,,0,,,,,0,0,,0.336781281209873,,,,,0,,,,0,,,,0,0.00893850763304323,0.180418033956342
0,0,2002,2002-09-22,086,Berlin-Marzahn - Hellersdorf,11,Berlin,zweitstimme,198349,142239,140475,1764,0.717114782529783,linke_pds,,,,,,,0,,,,,0,,,,,0.00238476597259299,,,0.176693361808151,0,0,0,,,0.00633564691226197,,,,,0,,0,,,0,0.04605089873643,0,,,,,,0.00678412528919737,0.0470332799430504,0.00182238832532479,,,,0.00157323367147179,,,0.272774515038263,,,,,,,,,,0.0160170848905499,0.000882719345079196,,,0.00118170492970279,,,,0,,,,,0.00801566114967076,0.0248656344545293,,0.387584979533725,,,,,0,,,,0,,,,0,0,0.176693361808151
0,0,2002,2002-09-22,087,Berlin-Lichtenberg,11,Berlin,erststimme,199297,145915,143809,2106,0.732148501984475,linke_pds,,,,,,,0,,,,,0,,,,,0,,,0.169182735433805,0,0,0,,,0,,,,,0,,0,,,0,0.037466361632443,0,,,,,,0,0.0407276317893873,0,,,,0.00477021605045581,,,0.39622693989945,,,,,,,,,,0.0263335396254755,0,,,0,,,,0,,,,,0,0,,0.325292575568984,,,,,0,,,,0,,,,0,0,0.169182735433805
0,0,2002,2002-09-22,087,Berlin-Lichtenberg,11,Berlin,zweitstimme,199297,145915,144244,1671,0.732148501984475,linke_pds,,,,,,,0,,,,,0,,,,,0.00101910651396245,,,0.161483319930118,0,0,0,,,0.00597598513629683,,,,,0,,0,,,0,0.0420676076647902,0,,,,,,0.00646127395246943,0.0534372313579768,0.000700202434763318,,,,0.00248190565985414,,,0.293128310362996,,,,,,,,,,0.0149676936302377,0.00101910651396245,,,0.00118549125093591,,,,0,,,,,0.00670391836055573,0.0221915642938354,,0.387177282937245,,,,,0,,,,0,,,,0,0,0.161483319930118
0,0,2002,2002-09-22,088,Aachen,05,Nordrhein-Westfalen,erststimme,165242,133045,131402,1643,0.805152443083478,spd,,,,,,,0,,,,,0,,,,,0,,,0.379758298960442,0,0,0,,,0,,,,,0,,0,,,0,0.0523508013576658,0,,,,,,0,0.0708360603339371,0,,,,0,,,0.0124655636900504,,,,,,,,,,0,0,,,0,,,,0,,,,,0,0.00857673399187227,,0.473638148582213,,,,,0,,,,0,,,,0,0.00237439308381912,0.379758298960442
0,0,2002,2002-09-22,088,Aachen,05,Nordrhein-Westfalen,zweitstimme,165242,133045,131758,1287,0.805152443083478,spd,,,,,,,0,,,,,0,,,,,0.000113845079615659,,,0.33978961429287,0.000462969990437013,0,0,,,0.00072101883756584,,,,,0,,0,,,0.00138132029933666,0.0970643148803109,0,,,,,,0.00173803488213239,0.166464275414017,9.86657356669045e-05,,,,0,,,0.0162646670410905,,,,,,,,,,0.00195813536938933,0.000425021630565127,,,0.000531277038206409,,,,0,,,,,0.00160901045856798,0.00708875362406837,,0.360964799101383,,,,,0.00278540961459646,,,,0.000265638519103204,,,,0.000273228191077582,0,0.33978961429287
0,0,2002,2002-09-22,089,Kreis Aachen,05,Nordrhein-Westfalen,erststimme,225120,181166,178666,2500,0.80475302061123,spd,,,,,,,0,,,,,0,,,,,0,,,0.378583502177247,0,0,0,,,0,,,,,0,,0,,,0,0.0617912753405796,0,,,,,,0,0.0392296239911343,0,,,,0,,,0.00800376120806421,,,,,,,,,,0.00344777405885843,0,,,0,,,,0,,,,,0.0089104810092575,0.00798137306482487,,0.492052209150034,,,,,0,,,,0,,,,0,0,0.378583502177247
0,0,2002,2002-09-22,089,Kreis Aachen,05,Nordrhein-Westfalen,zweitstimme,225120,181166,179015,2151,0.80475302061123,spd,,,,,,,0,,,,,0,,,,,7.26196128816021e-05,,,0.35207664162221,0.000307236823729855,0,0,,,0.000849090858307963,,,,,0,,0,,,0.0022623802474653,0.0941988101555736,0,,,,,,0.0014747367539033,0.0692288355724381,0.000156411473898835,,,,0,,,0.009055107113929,,,,,,,,,,0.00314498785018015,0.000223444962712622,,,0.000407787056950535,,,,0,,,,,0.00651342066307293,0.00782057369494177,,0.448130044968299,,,,,0.00372035862916515,,,,0.000156411473898835,,,,0.00020110046644136,0,0.35207664162221
0,0,2002,2002-09-22,090,Heinsberg,05,Nordrhein-Westfalen,erststimme,181929,145496,143087,2409,0.79974055812982,cdu,,,,,,,0,,,,,0,,,,,0,,,0.502868883965699,0,0,0,,,0,,,,,0,,0,,,0,0.0613053596762809,0,,,,,,0,0.0557143556018366,0,,,,0,,,0.0111750193937954,,,,,,,,,,0,0,,,0,,,,0,,,,,0,0,,0.368936381362388,,,,,0,,,,0,,,,0,0,0.502868883965699
0,0,2002,2002-09-22,090,Heinsberg,05,Nordrhein-Westfalen,zweitstimme,181929,145496,143389,2107,0.79974055812982,cdu,,,,,,,0,,,,,0,,,,,0.000160402820300023,,,0.454623436944257,0.000411468104247885,0,0,,,0.00115071588476103,,,,,0,,0,,,0.00303370551437,0.0952374310442224,0,,,,,,0.00190391173660462,0.0571522222764647,9.76364993130575e-05,,,,0,,,0.00888492143748823,,,,,,,,,,0.00239209423316991,0.000258039319613081,,,0.000878728493817518,,,,0,,,,,0.00405191472149189,0.00571173520981386,,0.359351135721708,,,,,0.0041704733278006,,,,0.000285935462273954,,,,0.000244091248282644,0,0.454623436944257
0,0,2002,2002-09-22,091,Düren,05,Nordrhein-Westfalen,erststimme,196789,158285,156179,2106,0.804338657140389,spd,,,,,,,0,,,,,0,,,,,0,,,0.432977544996446,0,0,0,,,0,,,,,0,,0,,,0,0.0557181183129614,0,,,,,,0.00644772984844313,0.0352800312461983,0,,,,0,,,0.0087015539861313,,,,,,,,,,0,0,,,0,,,,0,,,,,0,0.00627485129242728,,0.454600170317392,,,,,0,,,,0,,,,0,0,0.432977544996446
0,0,2002,2002-09-22,091,Düren,05,Nordrhein-Westfalen,zweitstimme,196789,158285,156445,1840,0.804338657140389,spd,,,,,,,0,,,,,0,,,,,8.30962958228131e-05,,,0.39824219374221,0.000492185752181278,0,0,,,0.000997155549873758,,,,,0,,0,,,0.00210297548659273,0.0900955607401962,0,,,,,,0.00330467576464572,0.067109846911055,0.000121448432356419,,,,0,,,0.00897439994886382,,,,,,,,,,0.00205823132730353,0.00031320911502445,,,0.00100354757262936,,,,0,,,,,0.00279331394419764,0.00768960337498802,,0.409754226725047,,,,,0.00434018345105309,,,,0.000281249001246444,,,,0.000242896864712838,0,0.39824219374221
0,0,2002,2002-09-22,092,Erftkreis I,05,Nordrhein-Westfalen,erststimme,237310,193667,190922,2745,0.81609287429944,spd,,,,,,,0,,,,,0,,,,,0,,,0.371717245786237,0,0,0,,,0,,,,,0,,0,,,0,0.0763767402394695,0,,,,,,0.00656812729805889,0.0414724337687642,0,,,,0,,,0.00830705733231372,,,,,,,,,,0,0,,,0,,,,0,,,,,0,0.00635337991431056,,0.489205015660846,,,,,0,,,,0,,,,0,0,0.371717245786237
0,0,2002,2002-09-22,092,Erftkreis I,05,Nordrhein-Westfalen,zweitstimme,237310,193667,191267,2400,0.81609287429944,spd,,,,,,,0,,,,,0,,,,,0.000120250748953034,,,0.342265001280932,0.0003346107796954,0,0,,,0.000894038176998646,,,,,0,,0,,,0.00194492515697951,0.10576314785091,0,,,,,,0.00326245510203015,0.0814672682689643,8.88809883565905e-05,,,,0,,,0.00918088326789253,,,,,,,,,,0.0022272530023475,0.000298012725666215,,,0.000376437127157325,,,,0,,,,,0.00314220435307711,0.00568838325482179,,0.437880031578892,,,,,0.00461135480767723,,,,0.000224816617607847,,,,0.000230044911040587,0,0.342265001280932
0,0,2002,2002-09-22,093,Euskirchen - Erftkreis II,05,Nordrhein-Westfalen,erststimme,239202,192372,189326,3046,0.804224044949457,cdu,,,,,,,0,,,,,0,,,,,0,,,0.448501526467575,0,0,0,,,0,,,,,0,,0,,,0,0.0912288856258517,0,,,,,,0,0.0477324825961569,0,,,,0,,,0.010875421231104,,,,,,,,,,0,0,,,0,,,,0,,,,,0,0,,0.401661684079313,,,,,0,,,,0,,,,0,0,0.448501526467575
0,0,2002,2002-09-22,093,Euskirchen - Erftkreis II,05,Nordrhein-Westfalen,zweitstimme,239202,192372,189926,2446,0.804224044949457,cdu,,,,,,,0,,,,,0,,,,,0.000189547507976791,,,0.408617040320967,0.000431747101502691,0,0,,,0.00108463296231164,,,,,0,,0,,,0.00254309573202195,0.109932289417984,0,,,,,,0.00186388382843844,0.0806208733927951,0.000136895422427682,,,,0,,,0.00970377936670072,,,,,,,,,,0.0019375967482072,0.000331708138959384,,,0.00073186398913261,,,,0,,,,,0.00317492075861125,0.00408053663005592,,0.370291587249771,,,,,0.00371197203121216,,,,0.000326442930404473,,,,0.000289586470520097,0,0.408617040320967
0,0,2002,2002-09-22,094,Köln I,05,Nordrhein-Westfalen,erststimme,181207,137261,136630,631,0.757481774986618,spd,,,,,,,0,,,,,0,,,,,0,,,0.323991802678767,0,0,0,,,0,,,,,0,,0,,,0,0.0542121056868916,0,,,,,,0.00730439874112567,0.0912610700431823,0,,,,0,,,0.0161970284710532,,,,,,,,,,0,0,,,0,,,,0,,,,,0,0.00562833931054673,,0.500219571104443,,,,,0,,,,0,,,,0,0.00118568396399034,0.323991802678767
0,0,2002,2002-09-22,094,Köln I,05,Nordrhein-Westfalen,zweitstimme,181207,137261,136884,377,0.757481774986618,spd,,,,,,,0,,,,,0,,,,,0.000153414570000877,,,0.290822886531662,0.000255690950001461,0,0,,,0.000869349230004968,,,,,0,,0,,,0.00127114929429298,0.0863139592647789,0,,,,,,0.003725782414307,0.15169778790801,0.000138803658572222,,,,0,,,0.019118377604395,,,,,,,,,,0.00300984775430291,0.00043102188714532,,,0.000847432862861986,,,,0,,,,,0.00423716431430993,0.00498232079717133,,0.428939832266737,,,,,0.00282721136144473,,,,0.000248385494287134,,,,0.000109581835714912,0,0.290822886531662
0,0,2002,2002-09-22,095,Köln II,05,Nordrhein-Westfalen,erststimme,206490,167745,167052,693,0.812363794856894,spd,,,,,,,0,,,,,0,,,,,0,,,0.34177980509063,0,0,0,,,0,,,,,0,,0,,,0,0.0732765845365515,0,,,,,,0.00529775159830472,0.12221942868089,0,,,,0,,,0.0126307975959581,,,,,,,,,,0,0,,,0,,,,0,,,,,0,0.0037293776788066,,0.439013001939516,,,,,0,,,,0,,,,0,0.00205325287934296,0.34177980509063
0,0,2002,2002-09-22,095,Köln II,05,Nordrhein-Westfalen,zweitstimme,206490,167745,167319,426,0.812363794856894,spd,,,,,,,0,,,,,0,,,,,8.36725058122509e-05,,,0.306976494002474,0.000233087694762699,0,0,,,0.000597660755801792,,,,,0,,0,,,0.000830748450564491,0.107357801564676,0,,,,,,0.00239661963076519,0.19077928985949,0.00011355554360234,,,,0,,,0.0177863840926613,,,,,,,,,,0.0012012981191616,0.000412385921503236,,,0.000597660755801792,,,,0,,,,,0.0017690758371733,0.00300623360168301,,0.363066955934472,,,,,0.00241454945343924,,,,0.000215157872088645,,,,0.000161368404066484,0,0.306976494002474
0,0,2002,2002-09-22,096,Köln III,05,Nordrhein-Westfalen,erststimme,187895,140566,139896,670,0.748109316373507,spd,,,,,,,0,,,,,0,,,,,0,,,0.30123091439355,0,0,0,,,0,,,,,0,,0,,,0,0.0495296505975868,0,,,,,,0.00857065248470292,0.117694573111454,0,,,,0,,,0.0195502373191514,,,,,,,,,,0,0,,,0,,,,0,,,,,0,0,,0.503423972093555,,,,,0,,,,0,,,,0,0,0.30123091439355
0,0,2002,2002-09-22,096,Köln III,05,Nordrhein-Westfalen,zweitstimme,187895,140566,140118,448,0.748109316373507,spd,,,,,,,0,,,,,0,,,,,0.000171284203314349,,,0.272655904309225,0.000378252615652521,0,0,,,0.000827873649352689,,,,,0,,0,,,0.00119898942320045,0.0777915756719337,0,,,,,,0.00353273669335846,0.160828730070369,0.000178421045119114,,,,0,,,0.0199546096861217,,,,,,,,,,0.00212677885781984,0.000349705248433463,,,0.000685136813257397,,,,0,,,,,0.00626614710458328,0.00389671562540145,,0.445660086498523,,,,,0.00303315776702494,,,,0.000199831570533408,,,,0.000264063146776289,0,0.272655904309225
0,0,2002,2002-09-22,097,Bonn,05,Nordrhein-Westfalen,erststimme,212477,176518,174356,2162,0.830762859038861,spd,,,,,,,0,,,,,0,,,,,0,,,0.36376723485283,0,0,0,,,0,,,,,0,,0,,,0,0.141841978480809,0,,,,,,0.00462272591708917,0.075494964325862,0,,,,0,,,0.0117690242951203,,,,,,,,,,0,0,,,0,,,,0,,,,,0,0.00582142283603661,,0.396682649292253,,,,,0,,,,0,,,,0,0,0.36376723485283
0,0,2002,2002-09-22,097,Bonn,05,Nordrhein-Westfalen,zweitstimme,212477,176518,174638,1880,0.830762859038861,spd,,,,,,,0,,,,,0,,,,,0.000229045224979672,,,0.365670701680047,0.000309211053722558,0,0,,,0.000921907030543181,,,,,0,,0,,,0.00147161557049439,0.115656386353486,0,,,,,,0.00262256782601725,0.156197391174888,0.00012597487373882,,,,0,,,0.0158785602217158,,,,,,,,,,0.00148306783174338,0.000572613062449181,,,0.00155750752986177,,,,0,,,,,0.00174646984047,0.00513061303954466,,0.326223387807923,,,,,0.00363036681592781,,,,0.000269128139351115,,,,0.000303484923098066,0,0.365670701680047
0,0,2002,2002-09-22,098,Rhein-Sieg-Kreis I,05,Nordrhein-Westfalen,erststimme,220944,180320,178571,1749,0.816134405098124,spd,,,,,,,0,,,,,0,,,,,0,,,0.408845781229875,0,0,0.000660801585923806,,,0,,,,,0,,0,,,0,0.0742785782685878,0,,,,,,0.00483281159874784,0.0528249267798243,0,,,,0,,,0.0074312178349228,,,,,,,,,,0.00563361352067245,0,,,0,,,,0,,,,,0,0.00378000907202177,,0.441712260109424,,,,,0,,,,0,,,,0,0,0.408845781229875
0,0,2002,2002-09-22,098,Rhein-Sieg-Kreis I,05,Nordrhein-Westfalen,zweitstimme,220944,180320,178565,1755,0.816134405098124,spd,,,,,,,0,,,,,0,,,,,0.000151205443395962,,,0.386492313723294,0.000274409878755635,0,0,,,0.000761627418587069,,,,,0,,0,,,0.00206647439307815,0.110525578920841,0,,,,,,0.00251449052165878,0.0932433567608434,8.96032257161258e-05,,,,0,,,0.00989555624002464,,,,,,,,,,0.00415534959258533,0.000352812701257245,,,0.00158485705485397,,,,0,,,,,0.00201607257861283,0.00426735362473049,,0.376999971998992,,,,,0.00414974939097807,,,,0.000218407862683057,,,,0.000240808669112088,0,0.386492313723294
0,0,2002,2002-09-22,099,Rhein-Sieg-Kreis II,05,Nordrhein-Westfalen,erststimme,203878,171712,170213,1499,0.842229176272084,cdu,,,,,,,0,,,,,0,,,,,0,,,0.482095962118052,0,0,0.000828373860985941,,,0,,,,,0,,0,,,0,0.0810983884897158,0,,,,,,0,0.0559064231286682,0,,,,0,,,0.00754348962770176,,,,,,,,,,0.00507011802858771,0,,,0,,,,0,,,,,0,0,,0.367457244746289,,,,,0,,,,0,,,,0,0,0.482095962118052
0,0,2002,2002-09-22,099,Rhein-Sieg-Kreis II,05,Nordrhein-Westfalen,zweitstimme,203878,171712,170545,1167,0.842229176272084,cdu,,,,,,,0,,,,,0,,,,,0.000134861766689144,,,0.427810841713331,0.000328359084112698,0,0,,,0.000674308833445718,,,,,0,,0,,,0.00165938608578381,0.124195960010554,0,,,,,,0.00163006831041661,0.0993110322788707,0.000158315986982908,,,,0,,,0.00870151572898648,,,,,,,,,,0.00277346154973761,0.000445630185581518,,,0.0014717523234337,,,,0,,,,,0.00153625142924155,0.00360608637016623,,0.32178603887537,,,,,0.0032015010700988,,,,0.000211087982643877,,,,0.000363540414553344,0,0.427810841713331
0,0,2002,2002-09-22,100,Oberbergischer Kreis,05,Nordrhein-Westfalen,erststimme,210055,170173,168154,2019,0.810135440717907,cdu,,,,,,,0,,,,,0,,,,,0,,,0.451865551815598,0,0,0,,,0,,,,,0,,0,,,0,0.0586069912104381,0,,,,,,0,0.037644064369566,0,,,,0,,,0.00827812600354437,,,,,,,,,,0,0.0023847187696992,,,0,,,,0,,,,,0,0.00686870368828574,,0.434351844142869,,,,,0,,,,0,,,,0,0,0.451865551815598
0,0,2002,2002-09-22,100,Oberbergischer Kreis,05,Nordrhein-Westfalen,zweitstimme,210055,170173,168358,1815,0.810135440717907,cdu,,,,,,,0,,,,,0,,,,,8.90958552608133e-05,,,0.417479418857435,0.00076028463155894,0,0,,,0.000938476342080566,,,,,0,,0,,,0.00219175803941601,0.093229902944915,0,,,,,,0.00169282124995545,0.070985637748132,0.000106915026312976,,,,0,,,0.00976490573658513,,,,,,,,,,0.00266099621045629,0.000855320210503807,,,0.00308271659202414,,,,0,,,,,0.00268475510519251,0.00482899535513608,,0.384044714239894,,,,,0.00398555459200038,,,,0.000285106736834603,,,,0.000332624526307036,0,0.417479418857435
0,0,2002,2002-09-22,101,Rheinisch-Bergischer Kreis,05,Nordrhein-Westfalen,erststimme,210429,177441,175872,1569,0.843234535163879,cdu,,,,,,,0,,,,,0,,,,,0.00235967066957788,,,0.447882550946143,0,0,0,,,0,,,,,0,,0,,,0,0.0699258551673945,0,,,,,,0,0.0616414210334789,0,,,,0,,,0.00888145924308588,,,,,,,,,,0,0.00213791848617176,,,0,,,,0,,,,,0,0.00641944141193595,,0.400751683042213,,,,,0,,,,0,,,,0,0,0.447882550946143
0,0,2002,2002-09-22,101,Rheinisch-Bergischer Kreis,05,Nordrhein-Westfalen,zweitstimme,210429,177441,175935,1506,0.843234535163879,cdu,,,,,,,0,,,,,0,,,,,0.00041492596697644,,,0.379822093386762,0.000392190297553074,0,0,,,0.000881007190155455,,,,,0,,0,,,0.00189274447949527,0.118600619546992,0,,,,,,0.00188137664478358,0.106340409810441,6.82070082700998e-05,,,,0,,,0.0107710233893199,,,,,,,,,,0.00185295705800438,0.000778696677750305,,,0.00201210674396794,,,,0,,,,,0.00250092363657032,0.00483701366982124,,0.36295791059198,,,,,0.00361497143831529,,,,0.000210304942166141,,,,0.000170517520675249,0,0.379822093386762
0,0,2002,2002-09-22,102,Leverkusen - Köln IV,05,Nordrhein-Westfalen,erststimme,212452,163626,162020,1606,0.770178675653795,spd,,,,,,,0,,,,,0,,,,,0,,,0.340951734353784,0,0,0,,,0,,,,,0,,0,,,0,0.0605233921738057,0,,,,,,0.00834464880878904,0.0755400567831132,0,,,,0,,,0.0122515738797679,,,,,,,,,,0,0,,,0,,,,0,,,,,0,0.00477101592396001,,0.497617578076781,,,,,0,,,,0,,,,0,0,0.340951734353784
0,0,2002,2002-09-22,102,Leverkusen - Köln IV,05,Nordrhein-Westfalen,zweitstimme,212452,163626,162507,1119,0.770178675653795,spd,,,,,,,0,,,,,0,,,,,0.000252296824136806,,,0.31064507990425,0.000276911148442836,0,0,,,0.000652279594109792,,,,,0,,0,,,0.00187068864725827,0.08851926378556,0,,,,,,0.00402444202403589,0.109035303094636,0.000270757567366329,,,,0,,,0.0148978197862246,,,,,,,,,,0.00300294756533565,0.000326139797054896,,,0.00102149445870024,,,,0,,,,,0.00332908736239054,0.00478133249644631,,0.45367891844659,,,,,0.00303986905179469,,,,0.000172300270142209,,,,0.000203068175524747,0,0.31064507990425
0,0,2002,2002-09-22,103,Wuppertal I,05,Nordrhein-Westfalen,erststimme,223764,172608,170462,2146,0.771384136858476,spd,,,,,,,0,,,,,0,,,,,0,,,0.335951707711983,0,0,0,,,0,,,,,0,,0,,,0,0.0718752566554423,0,,,,,,0.00623599394586477,0.0593504710727318,0,,,,0,,,0.0180568103154955,,,,,,,,,,0,0,,,0.00314439581842287,,,,0,,,,,0,0.00611866574368481,,0.499266698736375,,,,,0,,,,0,,,,0,0,0.335951707711983
0,0,2002,2002-09-22,103,Wuppertal I,05,Nordrhein-Westfalen,zweitstimme,223764,172608,170538,2070,0.771384136858476,spd,,,,,,,0,,,,,0,,,,,0.00019350525982479,,,0.300554715078164,0.000299053583365584,0,0,,,0.00100857286938981,,,,,0,,0,,,0.00232206311789748,0.105524868357785,0,,,,,,0.00364141716215741,0.114467156879992,0.000134867302302126,,,,0,,,0.0204060092178869,,,,,,,,,,0.00331304460003049,0.000340100153631449,,,0.0024745218074564,,,,0,,,,,0.00671990993209725,0.00574651983722103,,0.427611441438272,,,,,0.00457376068676776,,,,0.000340100153631449,,,,0.000328372562126916,0,0.300554715078164
0,0,2002,2002-09-22,104,Solingen - Remscheid - Wuppertal II,05,Nordrhein-Westfalen,erststimme,233722,184236,182266,1970,0.788269824834633,spd,,,,,,,0,,,,,0,,,,,0,,,0.376104155465089,0,0,0,,,0,,,,,0,,0,,,0,0.0804757881338264,0,,,,,,0.00488845972370053,0.0452305970394917,0,,,,0,,,0.0114009195351848,,,,,,,,,,0,0,,,0.00330286504339811,,,,0,,,,,0,0.00781275717906796,,0.470784457880241,,,,,0,,,,0,,,,0,0,0.376104155465089
0,0,2002,2002-09-22,104,Solingen - Remscheid - Wuppertal II,05,Nordrhein-Westfalen,zweitstimme,233722,184236,182321,1915,0.788269824834633,spd,,,,,,,0,,,,,0,,,,,0.000142605624146423,,,0.342950071577054,0.000307150575084604,0,0,,,0.000855633744878538,,,,,0,,0,,,0.00245171976897889,0.114260013931473,0,,,,,,0.00295632428518931,0.0863477054206592,6.03331486773328e-05,,,,0,,,0.0141508657806835,,,,,,,,,,0.0025504467395418,0.00059236182337745,,,0.00246817426407271,,,,0,,,,,0.00453595581419584,0.00632949577942201,,0.414181580838192,,,,,0.00439883502174736,,,,0.000257787089803149,,,,0.000202938772823756,0,0.342950071577054
0,0,2002,2002-09-22,105,Mettmann I,05,Nordrhein-Westfalen,erststimme,204445,168789,166622,2167,0.825596126097483,spd,,,,,,,0,,,,,0,,,,,0,,,0.42262126249835,0,0,0,,,0,,,,,0,,0,,,0,0.0731896148167709,0,,,,,,0,0.057171321914273,0,,,,0,,,0.00976461691733385,,,,,,,,,,0,0,,,0,,,,0.0023286240712511,,,,,0,0.00713591242452977,,0.427788647357492,,,,,0,,,,0,,,,0,0,0.42262126249835
0,0,2002,2002-09-22,105,Mettmann I,05,Nordrhein-Westfalen,zweitstimme,204445,168789,167294,1495,0.825596126097483,spd,,,,,,,0,,,,,0,,,,,0.00020921252405944,,,0.374203498033402,0.00037060504261958,0,0,,,0.000896625103111887,,,,,0,,0,,,0.00230731526534126,0.112586225447416,0,,,,,,0.00251055028871328,0.085466304828625,9.56400109986013e-05,,,,0,,,0.0105682212153454,,,,,,,,,,0.00322187287051538,0.00034669503986993,,,0.00141666766291678,,,,0,,,,,0.00307243535333007,0.00497925807261468,,0.393343455234497,,,,,0.0038016904371944,,,,0.000280942532308391,,,,0.000322785037120279,0,0.374203498033402
0,0,2002,2002-09-22,106,Mettmann II,05,Nordrhein-Westfalen,erststimme,171143,139814,138520,1294,0.816942556809218,spd,,,,,,,0,,,,,0,,,,,0,,,0.406331215708923,0,0,0,,,0,,,,,0,,0,,,0,0.0713398787178747,0,,,,,,0.00560207912214843,0.0438420444701126,0,,,,0,,,0.011160843199538,,,,,,,,,,0,0,,,0,,,,0,,,,,0,0.00620848974877274,,0.453198094138031,,,,,0,,,,0,,,,0,0.00231735489460006,0.406331215708923
0,0,2002,2002-09-22,106,Mettmann II,05,Nordrhein-Westfalen,zweitstimme,171143,139814,138827,987,0.816942556809218,spd,,,,,,,0,,,,,0,,,,,0.000165673824256089,,,0.358280449768417,0.000432192585015883,0,0,,,0.0010012461552868,,,,,0,,0,,,0.00185122490581803,0.109481584994273,0,,,,,,0.00303975451461171,0.0804598529104569,0.000144064195005294,,,,0,,,0.0123679111412045,,,,,,,,,,0.00434353547940963,0.000360160487513236,,,0.00191605379357042,,,,0,,,,,0.00347915030937786,0.00486936979117895,,0.414098122123218,,,,,0.00311178661211436,,,,0.000244909131509,,,,0.000352957277762971,0,0.358280449768417
0,0,2002,2002-09-22,107,Düsseldorf I,05,Nordrhein-Westfalen,erststimme,215782,174292,172959,1333,0.807722608929382,spd,,,,,,,0,,,,,0,,,,,0.000792095236443319,,,0.403274764539573,0,0,0,,,0,,,,,0,,0,,,0,0.0723813158031672,0,,,,,,0.00482195202331188,0.0590660214270434,0.000641770593030718,,,,0,,,0.011378419162923,,,,,,,,,,0,0,,,0,,,,0,,,,,0,0.00703634965512058,,0.440607311559387,,,,,0,,,,0,,,,0,0,0.403274764539573
0,0,2002,2002-09-22,107,Düsseldorf I,05,Nordrhein-Westfalen,zweitstimme,215782,174292,173084,1208,0.807722608929382,spd,,,,,,,0,,,,,0,,,,,0.000387095283215086,,,0.355809895773151,0.000196436412377805,0,0,,,0.00084929860645698,,,,,0,,0,,,0.00137505488664464,0.117775184303575,0,,,,,,0.00322386817961221,0.123292736474775,0.000277321993945136,,,,0,,,0.0146460678052275,,,,,,,,,,0.00138083242818516,0.000213769036999376,,,0.000808855815673315,,,,0,,,,,0.00303898685031545,0.00592775762057729,,0.366712116660119,,,,,0.00345496984123316,,,,0.000294654618566708,,,,0.000335097409350373,0,0.355809895773151
0,0,2002,2002-09-22,108,Düsseldorf II,05,Nordrhein-Westfalen,erststimme,192689,150811,149127,1684,0.782665331181334,spd,,,,,,,0,,,,,0,,,,,0.00123384766004815,,,0.351485646462411,0,0,0,,,0,,,,,0,,0,,,0,0.0658834416302883,0,,,,,,0,0.0594057414150355,0.00120702488482971,,,,0,,,0.0146385295754625,,,,,,,,,,0,0,,,0,,,,0,,,,,0,0.00969643324146533,,0.496449335130459,,,,,0,,,,0,,,,0,0,0.351485646462411
0,0,2002,2002-09-22,108,Düsseldorf II,05,Nordrhein-Westfalen,zweitstimme,192689,150811,149275,1536,0.782665331181334,spd,,,,,,,0,,,,,0,,,,,0.000442136995478144,,,0.321534081393401,0.00018757327080891,0,0,,,0.000964662535588679,,,,,0,,0,,,0.0021235973873723,0.0976050912744934,0,,,,,,0.00298777424217049,0.117487857980238,0.000368447496231787,,,,0,,,0.0172433428236476,,,,,,,,,,0.00204990788812594,0.000247864679283202,,,0.000984759671746776,,,,0,,,,,0.00405292245854966,0.00741584324233797,,0.419782281024954,,,,,0.00390554346005694,,,,0.000314855133143527,,,,0.000301457042371462,0,0.321534081393401
0,0,2002,2002-09-22,109,Neuss I,05,Nordrhein-Westfalen,erststimme,210801,169036,167976,1060,0.80187475391483,spd,,,,,,,0,,,,,0,,,,,0,,,0.436074201076344,0,0,0,,,0,,,,,0,,0,,,0,0.0604907843977711,0,,,,,,0,0.0349692813259037,0,,,,0,,,0.00900128589798543,,,,,,,,,,0,0,,,0,,,,0,,,,,0,0.00797137686336143,,0.447498452159832,,,,,0,,,,0,,,,0.00399461827880173,0,0.436074201076344
0,0,2002,2002-09-22,109,Neuss I,05,Nordrhein-Westfalen,zweitstimme,210801,169036,168082,954,0.80187475391483,spd,,,,,,,0,,,,,0,,,,,0.000178484311229043,,,0.404153924870004,0.00034506966837615,0,0,,,0.00113635011482491,,,,,0,,0,,,0.00230839709189562,0.103068740257731,0,,,,,,0.00223700336740401,0.0702395259456694,0.000130888494901298,,,,0,,,0.00958460751299961,,,,,,,,,,0.0019573779464785,0.000356968622458086,,,0.000535452933687129,,,,0,,,,,0.00371842315060506,0.00827572256398663,,0.386127009435871,,,,,0.00316512178579503,,,,0.000184433788270011,,,,0.00229649813781369,0,0.404153924870004
0,0,2002,2002-09-22,110,Mönchengladbach,05,Nordrhein-Westfalen,erststimme,195672,145540,143661,1879,0.743795739809477,cdu,,,,,,,0,,,,,0,,,,,0,,,0.436242264776105,0,0,0,,,0,,,,,0,,0,,,0,0.0739170686546801,0,,,,,,0,0.0489276839225677,0,,,,0,,,0.00955026068313599,,,,,,,,,,0,0,,,0,,,,0,,,,,0,0.00750377625103542,,0.423858945712476,,,,,0,,,,0,,,,0,0,0.436242264776105
0,0,2002,2002-09-22,110,Mönchengladbach,05,Nordrhein-Westfalen,zweitstimme,195672,145540,143906,1634,0.743795739809477,cdu,,,,,,,0,,,,,0,,,,,0.000125081650521868,,,0.407960752157659,0.000201520436951899,0,0,,,0.000993704223590399,,,,,0,,0,,,0.00245299014634553,0.0991133100774116,0,,,,,,0.0021750309229636,0.0773699498283602,0.000138979611690965,,,,0,,,0.0114588689839201,,,,,,,,,,0.00207079621419538,0.000347449029227412,,,0.000771336844884855,,,,0,,,,,0.00291162286492572,0.00715745000208469,,0.379928564479591,,,,,0.00405125568079163,,,,0.000333551068058316,,,,0.00043778577682654,0,0.407960752157659
0,0,2002,2002-09-22,111,Krefeld I - Neuss II,05,Nordrhein-Westfalen,erststimme,201213,163524,161660,1864,0.812691028909663,cdu,,,,,,,0,,,,,0,,,,,0,,,0.435488061363355,0,0,0,,,0,,,,,0,,0,,,0,0.0740257330199183,0,,,,,,0,0.0525361870592602,0,,,,0,,,0.00909315848076209,,,,,,,,,,0,0,,,0,,,,0,,,,,0,0.00832611654088828,,0.420530743535816,,,,,0,,,,0,,,,0,0,0.435488061363355
0,0,2002,2002-09-22,111,Krefeld I - Neuss II,05,Nordrhein-Westfalen,zweitstimme,201213,163524,161737,1787,0.812691028909663,cdu,,,,,,,0,,,,,0,,,,,0.000136023297081064,,,0.392779636075852,0.000284412348442224,0,0,,,0.000859419922466721,,,,,0,,0,,,0.0028008433444419,0.115972226515887,0,,,,,,0.0026215399073805,0.0851196695870456,6.18287714004835e-05,,,,0,,,0.00989260342407736,,,,,,,,,,0.00173738847635359,0.000290595225582273,,,0.000704847993965512,,,,0,,,,,0.00234331043607833,0.00853237045326672,,0.371189029102803,,,,,0.00412397905241225,,,,0.000241132208461886,,,,0.000309143857002418,0,0.392779636075852
0,0,2002,2002-09-22,112,Viersen,05,Nordrhein-Westfalen,erststimme,222874,179695,177658,2037,0.806262731408778,cdu,,,,,,,0,,,,,0,,,,,0,,,0.441342354411285,0,0,0,,,0,,,,,0,,0,,,0,0.0766979252271218,0,,,,,,0,0.0539238311812584,0,,,,0,,,0.008448817390717,,,,,,,,,,0,0,,,0.00199259250920308,,,,0,,,,,0,0.00639430816512625,,0.411200171115289,,,,,0,,,,0,,,,0,0,0.441342354411285
0,0,2002,2002-09-22,112,Viersen,05,Nordrhein-Westfalen,zweitstimme,222874,179695,177862,1833,0.806262731408778,cdu,,,,,,,0,,,,,0,,,,,0.000174292428961779,,,0.40710775769979,0.000337340185087315,0,0,,,0.000995153546007579,,,,,0,,0,,,0.00266498746218979,0.110293373514298,0,,,,,,0.00205777512903262,0.0779480721008422,0.00011806906478056,,,,0,,,0.00902384995108567,,,,,,,,,,0.00159674354274662,0.000202404111052389,,,0.0010513769101888,,,,0,,,,,0.0022320675579944,0.00672431435607381,,0.372603479101776,,,,,0.00429546502344514,,,,0.000213648783888633,,,,0.000359829530759803,0,0.40710775769979
0,0,2002,2002-09-22,113,Kleve,05,Nordrhein-Westfalen,erststimme,219163,175835,173105,2730,0.80230239593362,cdu,,,,,,,0,,,,,0,,,,,0,,,0.461367378180873,0,0,0,,,0,,,,,0,,0,,,0,0.0644868721296323,0,,,,,,0,0.0405649750151642,0,,,,0,,,0.00871147569394298,,,,,,,,,,0,0,,,0,,,,0,,,,,0,0.00486987666445221,,0.419999422315935,,,,,0,,,,0,,,,0,0,0.461367378180873
0,0,2002,2002-09-22,113,Kleve,05,Nordrhein-Westfalen,zweitstimme,219163,175835,173973,1862,0.80230239593362,cdu,,,,,,,0,,,,,0,,,,,9.19682939306674e-05,,,0.442821587257793,0.000362125157352003,0,0,,,0.000684014186109339,,,,,0,,0,,,0.00214401085225868,0.0948537991527421,0,,,,,,0.00163818523564001,0.0630557615262138,0.000143700459266668,,,,0,,,0.00769659659832273,,,,,,,,,,0.00171865749282935,0.000747242388186673,,,0.000729998333074673,,,,0,,,,,0.00156920901519201,0.00648376472211205,,0.371270254579734,,,,,0.00336833876521069,,,,0.000339133083869336,,,,0.000281652900162669,0,0.442821587257793
0,0,2002,2002-09-22,114,Wesel I,05,Nordrhein-Westfalen,erststimme,202061,164371,162751,1620,0.813472169295411,spd,,,,,,,0,,,,,0,,,,,0,,,0.371868682834514,0,0,0,,,0,,,,,0,,0,,,0,0.0614558435892867,0,,,,,,0,0.0494129068331377,0,,,,0,,,0.00911822354394136,,,,,,,,,,0,0,,,0,,,,0,,,,,0,0.00789549680186297,,0.500248846397257,,,,,0,,,,0,,,,0,0,0.371868682834514
0,0,2002,2002-09-22,114,Wesel I,05,Nordrhein-Westfalen,zweitstimme,202061,164371,162902,1469,0.813472169295411,spd,,,,,,,0,,,,,0,,,,,0.000110495880959104,,,0.331831407840297,0.000356042283090447,0,0,,,0.00114792942996403,,,,,0,,0,,,0.00268259444328492,0.094363482339075,0,,,,,,0.00187229131625149,0.0785441553817633,7.98025806926864e-05,,,,0,,,0.00925096070029834,,,,,,,,,,0.0022774428797682,0.000349903623037163,,,0.000491092804262686,,,,0,,,,,0.00266417846312507,0.00891947305742103,,0.460810794219838,,,,,0.00370161201212999,,,,0.000214853101864925,,,,0.000331487642877313,0,0.331831407840297
0,0,2002,2002-09-22,115,Krefeld II - Wesel II,05,Nordrhein-Westfalen,erststimme,182423,145484,143643,1841,0.797509086025337,spd,,,,,,,0,,,,,0,,,,,0,,,0.342884790765996,0,0,0,,,0,,,,,0,,0,,,0,0.0685797428346665,0,,,,,,0,0.0532083011354539,0,,,,0,,,0.0114171940157195,,,,,,,,,,0,0,,,0,,,,0,,,,,0,0.00892490410253197,,0.514985067145632,,,,,0,,,,0,,,,0,0,0.342884790765996
0,0,2002,2002-09-22,115,Krefeld II - Wesel II,05,Nordrhein-Westfalen,zweitstimme,182423,145484,143739,1745,0.797509086025337,spd,,,,,,,0,,,,,0,,,,,9.04417033651271e-05,,,0.313408330376585,0.000424380300405596,0,0,,,0.000820932384391153,,,,,0,,0,,,0.00216364382665804,0.0924592490555799,0,,,,,,0.00301240442746923,0.090413875148707,6.95705410500978e-05,,,,0,,,0.0122235440625022,,,,,,,,,,0.0016349077146773,0.000285239218305401,,,0.000744404789236046,,,,0,,,,,0.00269237993863878,0.00855717654916202,,0.466741802851001,,,,,0.00374289510849526,,,,0.000292196272410411,,,,0.000222625731360313,0,0.313408330376585
0,0,2002,2002-09-22,116,Duisburg I,05,Nordrhein-Westfalen,erststimme,191150,152022,149714,2308,0.795302118754905,spd,,,,,,,0,,,,,0,,,,,0,,,0.278871715404037,0,0,0,,,0,,,,,0,,0,,,0,0.050189027078296,0,,,,,,0,0.0640821833629454,0,,,,0,,,0.0201317178086218,,,,,,,,,,0,0,,,0,,,,0,,,,,0,0.0113149070895173,,0.575410449256583,,,,,0,,,,0,,,,0,0,0.278871715404037
0,0,2002,2002-09-22,116,Duisburg I,05,Nordrhein-Westfalen,zweitstimme,191150,152022,149962,2060,0.795302118754905,spd,,,,,,,0,,,,,0,,,,,0.000153372187620864,,,0.249856630346354,0.000333417799175791,0,0,,,0.000873554633840573,,,,,0,,0,,,0.00229391445832944,0.0713580773796028,0,,,,,,0.00288072978487884,0.0932036115816007,0.000106693695736253,,,,0,,,0.019158186740641,,,,,,,,,,0.0030741121084008,0.000300076019258212,,,0.000693509022285646,,,,0,,,,,0.00529467465091156,0.00992918205945506,,0.535408970272469,,,,,0.00450114028887318,,,,0.00024006081540657,,,,0.000340086155159307,0,0.249856630346354
0,0,2002,2002-09-22,117,Duisburg II,05,Nordrhein-Westfalen,erststimme,166610,121513,119345,2168,0.729325970830082,spd,,,,,,,0,,,,,0,,,,,0,,,0.245305626544891,0,0,0,,,0,,,,,0,,0,,,0,0.0476098705433826,0,,,,,,0,0.0409066152750429,0,,,,0,,,0.0206460262264862,,,,,,,,,,0,0,,,0,,,,0,,,,,0,0.0143198290669907,,0.631212032343207,,,,,0,,,,0,,,,0,0,0.245305626544891
0,0,2002,2002-09-22,117,Duisburg II,05,Nordrhein-Westfalen,zweitstimme,166610,121513,119390,2123,0.729325970830082,spd,,,,,,,0,,,,,0,,,,,0.000134014574084932,,,0.228469721082168,0.000586313761621576,0,0,,,0.000904598375073289,,,,,0,,0,,,0.00278080241226233,0.0614373063070609,0,,,,,,0.00281430605578357,0.0643772510260491,0.000150766395845548,,,,0,,,0.0173213837004774,,,,,,,,,,0.00517631292403049,0.000201021861127398,,,0.000887846553312673,,,,0,,,,,0.00783985258396851,0.0117430270541921,,0.589982410587151,,,,,0.00464863053857107,,,,0.000226149593768322,,,,0.000318284613451713,0,0.228469721082168
0,0,2002,2002-09-22,118,Oberhausen - Wesel III,05,Nordrhein-Westfalen,erststimme,215525,169093,166372,2721,0.784563275722074,spd,,,,,,,0,,,,,0,,,,,0,,,0.254754405789436,0,0,0,,,0,,,,,0,,0,,,0,0.0522443680426995,0,,,,,,0,0.0517154328853413,0,,,,0,,,0.0151948645204722,,,,,,,,,,0,0,,,0,,,,0,,,,,0,0.0085170581588248,,0.617573870603227,,,,,0,,,,0,,,,0,0,0.254754405789436
0,0,2002,2002-09-22,118,Oberhausen - Wesel III,05,Nordrhein-Westfalen,zweitstimme,215525,169093,167227,1866,0.784563275722074,spd,,,,,,,0,,,,,0,,,,,0.000113618016229437,,,0.24025426516053,0.000227236032458873,0,0,,,0.000944823503381631,,,,,0,,0,,,0.00209894335244907,0.0699049794590586,0,,,,,,0.00228432011577078,0.0779718586113487,9.56783294563677e-05,,,,0,,,0.0142261716110437,,,,,,,,,,0.00394075119448414,0.000382713317825471,,,0.000574069976738206,,,,0,,,,,0.00376733422234448,0.00915522014985618,,0.569465457133119,,,,,0.00403642952394051,,,,0.000269095301596034,,,,0.000287034988369103,0,0.24025426516053
0,0,2002,2002-09-22,119,Mülheim - Essen I,05,Nordrhein-Westfalen,erststimme,200084,161248,158911,2337,0.805901521361028,spd,,,,,,,0,,,,,0,,,,,0,,,0.308594118720542,0,0,0,,,0,,,,,0,,0,,,0,0.0701776466072204,0,,,,,,0,0.0618522317523645,0,,,,0,,,0.0126171253091353,,,,,,,,,,0,0,,,0,,,,0,,,,,0,0.00682772117726274,,0.535331097280868,,,,,0,,,,0,,,,0,0.00460005915260744,0.308594118720542
0,0,2002,2002-09-22,119,Mülheim - Essen I,05,Nordrhein-Westfalen,zweitstimme,200084,161248,159629,1619,0.805901521361028,spd,,,,,,,0,,,,,0,,,,,0.000187935776080787,,,0.275776957820947,0.000375871552161575,0,0,,,0.000933414354534577,,,,,0,,0,,,0.00213620332145162,0.0864880441523783,0,,,,,,0.00234293267514048,0.0848154157452593,6.89097845629554e-05,,,,0,,,0.0127984263511016,,,,,,,,,,0.00264362991686974,0.000250581034774383,,,0.00113387918235408,,,,0,,,,,0.0037963026768319,0.00628958397283702,,0.515664446936334,,,,,0.00375871552161575,,,,0.000281903664121181,,,,0.000256845560643743,0,0.275776957820947
0,0,2002,2002-09-22,120,Essen II,05,Nordrhein-Westfalen,erststimme,177226,129959,128114,1845,0.733295340412806,spd,,,,,,,0,,,,,0,,,,,0,,,0.266309692929734,0,0,0,,,0,,,,,0.00177966498587196,,0,,,0,0.0478792325585026,0,,,,,,0,0.0453658460433676,0,,,,0,,,0.0158140406200728,,,,,,,,,,0,0,,,0,,,,0,,,,,0,0.0104672401142732,,0.609340118956554,,,,,0,,,,0,,,,0,0.00304416379162309,0.266309692929734
0,0,2002,2002-09-22,120,Essen II,05,Nordrhein-Westfalen,zweitstimme,177226,129959,128207,1752,0.733295340412806,spd,,,,,,,0,,,,,0,,,,,0.000194997153041566,,,0.244908624334085,0.000436793622813107,0,0,,,0.00103738485418113,,,,,0,,0,,,0.00316675376539503,0.0707839665540883,0,,,,,,0.00269876059809527,0.0864383380002652,0.000140397950189927,,,,0,,,0.0166527568697497,,,,,,,,,,0.00396234214980461,0.000241796469771541,,,0.000850187587261226,,,,0,,,,,0.00857987473382889,0.00856427496158556,,0.545212039904217,,,,,0.00556131880474545,,,,0.000202797039163228,,,,0.000366594647718143,0,0.244908624334085
0,0,2002,2002-09-22,121,Essen III,05,Nordrhein-Westfalen,erststimme,204032,166922,165319,1603,0.818116765997491,spd,,,,,,,0,,,,,0,,,,,0,,,0.351834937303032,0,0,0,,,0,,,,,0.00112509753869791,,0,,,0,0.0582026264373726,0,,,,,,0,0.0723933728125624,0,,,,0,,,0.0129023282260357,,,,,,,,,,0,0,,,0,,,,0,,,,,0,0.00594608000290348,,0.497595557679396,,,,,0,,,,0,,,,0,0,0.351834937303032
0,0,2002,2002-09-22,121,Essen III,05,Nordrhein-Westfalen,zweitstimme,204032,166922,165540,1382,0.818116765997491,spd,,,,,,,0,,,,,0,,,,,0.000126857557085901,,,0.30886794732391,0.000392654343361121,0,0,,,0.000960492932221819,,,,,0,,0,,,0.00190286335628851,0.0927026700495349,0,,,,,,0.00227135435544279,0.120170351576658,0.00013289839313761,,,,0,,,0.0149148242116709,,,,,,,,,,0.0019572308807539,0.000495348556240184,,,0.000984656276428658,,,,0,,,,,0.00338890902500906,0.00474809713664371,,0.440745439168781,,,,,0.00471789295638516,,,,0.000235592606016673,,,,0.000283919294430349,0,0.30886794732391
0,0,2002,2002-09-22,122,Recklinghausen I,05,Nordrhein-Westfalen,erststimme,177456,139939,138209,1730,0.788584212424488,spd,,,,,,,0,,,,,0,,,,,0,,,0.305848389033999,0,0,0,,,0,,,,,0,,0,,,0,0.051950307143529,0,,,,,,0,0.0504453400285076,0,,,,0,,,0.0127198662894602,,,,,,,,,,0,0,,,0,,,,0,,,,,0,0.0103394134969503,,0.561591502724135,,,,,0,,,,0,,,,0,0.00710518128341859,0.305848389033999
0,0,2002,2002-09-22,122,Recklinghausen I,05,Nordrhein-Westfalen,zweitstimme,177456,139939,138378,1561,0.788584212424488,spd,,,,,,,0,,,,,0,,,,,7.94924048620445e-05,,,0.280210727138707,0.000368555695269479,0,0,,,0.000910549364783419,,,,,0,,0,,,0.00251485062654468,0.0733787162699273,0,,,,,,0.00213184176675483,0.0744699301912154,5.78126580814869e-05,,,,0,,,0.0116275708566391,,,,,,,,,,0.00315078986544104,0.000310743037187992,,,0.0006648455679371,,,,0,,,,,0.00372168986399572,0.0105435835176112,,0.53147899232537,,,,,0.00395294049632167,,,,0.00020957088554539,,,,0.000216797467805576,0,0.280210727138707
0,0,2002,2002-09-22,123,Recklinghausen II,05,Nordrhein-Westfalen,erststimme,196035,158511,156654,1857,0.808585201622159,spd,,,,,,,0,,,,,0,,,,,0,,,0.307761053021308,0,0,0,,,0,,,,,0,,0,,,0,0.0575599729339819,0,,,,,,0,0.046382473476579,0,,,,0,,,0.0130733974236215,,,,,,,,,,0,0,,,0,,,,0,,,,,0,0.00963907720198654,,0.565584025942523,,,,,0,,,,0,,,,0,0,0.307761053021308
0,0,2002,2002-09-22,123,Recklinghausen II,05,Nordrhein-Westfalen,zweitstimme,196035,158511,156811,1700,0.808585201622159,spd,,,,,,,0,,,,,0,,,,,8.29023474118525e-05,,,0.284208378238772,0.000452774358941656,0,0,,,0.000899171614236246,,,,,0,,0,,,0.00229575731294361,0.0758365165709038,0,,,,,,0.00217459234364936,0.0688790964919553,5.73939328235902e-05,,,,0,,,0.0106880257124819,,,,,,,,,,0.00280592560470885,0.000299723871412082,,,0.00083540057776559,,,,0,,,,,0.00457876041859308,0.0112555879370707,,0.530192397217032,,,,,0.00399844398671012,,,,0.000153050487529574,,,,0.000306100975059148,0,0.284208378238772
0,0,2002,2002-09-22,124,Gelsenkirchen,05,Nordrhein-Westfalen,erststimme,198882,149110,146892,2218,0.749741052483382,spd,,,,,,,0,,,,,0,,,,,0,,,0.257440840889906,0,0,0,,,0,,,,,0,,0,,,0,0.0517250769272663,0,,,,,,0,0.0476608664869428,0,,,,0,,,0.0135269449663699,,,,,,,,,,0,0,,,0,,,,0,,,,,0.0166312665087275,0.0102592380796776,,0.602755766141111,,,,,0,,,,0,,,,0,0,0.257440840889906
0,0,2002,2002-09-22,124,Gelsenkirchen,05,Nordrhein-Westfalen,zweitstimme,198882,149110,147152,1958,0.749741052483382,spd,,,,,,,0,,,,,0,,,,,0.000135913884962488,,,0.239588996411873,0.000434924431879961,0,0,,,0.00117565510492552,,,,,0,,0,,,0.00258236381428727,0.0689627052299663,0,,,,,,0.00235131020985104,0.0708315211482005,0.000101935413721866,,,,0,,,0.0142301837555725,,,,,,,,,,0.00266391214526476,0.000237849298684354,,,0.000964988583233663,,,,0,,,,,0.0122798195063608,0.0128778406001957,,0.56489208437534,,,,,0.00516472762857454,,,,0.000224257910188105,,,,0.000299010546917473,0,0.239588996411873
0,0,2002,2002-09-22,125,Steinfurt I - Borken I,05,Nordrhein-Westfalen,erststimme,192811,156869,155002,1867,0.813589473629617,cdu,,,,,,,0,,,,,0,,,,,0,,,0.482116359788906,0,0,0,,,0,,,,,0,,0,,,0,0.0590895601347079,0,,,,,,0,0.0412704352201907,0,,,,0,,,0.00662572095843925,,,,,,,,,,0,0,,,0,,,,0,,,,,0,0,,0.410897923897756,,,,,0,,,,0,,,,0,0,0.482116359788906
0,0,2002,2002-09-22,125,Steinfurt I - Borken I,05,Nordrhein-Westfalen,zweitstimme,192811,156869,155328,1541,0.813589473629617,cdu,,,,,,,0,,,,,0,,,,,7.08178821590441e-05,,,0.437789709517923,0.000270395550061805,0,0,,,0.000843376596621343,,,,,0,,0,,,0.00216960238978162,0.0986814997939844,0,,,,,,0.00114596209311908,0.0639485475896168,5.15039142974866e-05,,,,0,,,0.00698521837659662,,,,,,,,,,0.00183482694684796,0.000283271528636176,,,0.000869128553770087,,,,0,,,,,0.00191208281829419,0.00286490523279769,,0.376982900700453,,,,,0.00251081582200247,,,,0.000141635764318088,,,,0.000643798928718583,0,0.437789709517923
0,0,2002,2002-09-22,126,Bottrop - Recklinghausen III,05,Nordrhein-Westfalen,erststimme,209817,167885,165978,1907,0.800149654222489,spd,,,,,,,0,,,,,0,,,,,0.0013676511344877,,,0.304094518550651,0,0,0,,,0,,,,,0,,0,,,0,0.0470002048464254,0,,,,,,0,0.0390593934135849,0,,,,0,,,0.0124534576871634,,,,,,,,,,0,0.00632011471399824,,,0,,,,0,,,,,0,0.01360421260649,,0.576100447047199,,,,,0,,,,0,,,,0,0,0.304094518550651
0,0,2002,2002-09-22,126,Bottrop - Recklinghausen III,05,Nordrhein-Westfalen,zweitstimme,209817,167885,166202,1683,0.800149654222489,spd,,,,,,,0,,,,,0,,,,,0.000348972936547093,,,0.287601833912949,0.000312872287938773,0,0,,,0.000890482665671893,,,,,0,,0,,,0.0018952840519368,0.0733745682964104,0,,,,,,0.00151021046678139,0.0654564927016522,6.01677476805333e-05,,,,0,,,0.0124607405446385,,,,,,,,,,0.00240670990722133,0.00177494855657573,,,0.00070396264786224,,,,0,,,,,0.00538501341740773,0.0109806139516973,,0.531100708776068,,,,,0.00332727644673349,,,,0.000138385819665227,,,,0.0002707548645624,0,0.287601833912949
0,0,2002,2002-09-22,127,Borken II,05,Nordrhein-Westfalen,erststimme,187554,156098,154857,1241,0.832282969171545,cdu,,,,,,,0,,,,,0,,,,,0,,,0.515314128518569,0,0,0,,,0,,,,,0,,0,,,0,0.0620378801087455,0,,,,,,0,0.042529559529114,0,,,,0,,,0.00708395487449712,,,,,,,,,,0,0,,,0,,,,0,,,,,0,0,,0.371420084335871,,,,,0,,,,0,,,,0,0.00161439263320354,0.515314128518569
0,0,2002,2002-09-22,127,Borken II,05,Nordrhein-Westfalen,zweitstimme,187554,156098,154923,1175,0.832282969171545,cdu,,,,,,,0,,,,,0,,,,,6.45481949097294e-05,,,0.47907024780052,0.000568024115205618,0,0,,,0.00081330725586259,,,,,0,,0,,,0.00246574104555166,0.100753277434597,0,,,,,,0.00132323799564945,0.0623148273658527,8.39126533826481e-05,,,,0,,,0.00676465082653964,,,,,,,,,,0.00149106330241475,0.000400198808440322,,,0.000400198808440322,,,,0,,,,,0.00160725005325226,0.00367924710985457,,0.335043860498441,,,,,0.00256256333791626,,,,0.000213009043202107,,,,0.000380834349967403,0,0.47907024780052
0,0,2002,2002-09-22,128,Coesfeld - Steinfurt II,05,Nordrhein-Westfalen,erststimme,180688,152997,151567,1430,0.846746878597361,cdu,,,,,,,0,,,,,0,,,,,0,,,0.492857944011559,0,0,0,,,0,,,,,0,,0,,,0,0.0723706347687821,0,,,,,,0,0.0517922766829191,0,,,,0,,,0.00697381356099943,,,,,,,,,,0,0,,,0,,,,0,,,,,0,0,,0.37600533097574,,,,,0,,,,0,,,,0,0,0.492857944011559
0,0,2002,2002-09-22,128,Coesfeld - Steinfurt II,05,Nordrhein-Westfalen,zweitstimme,180688,152997,151791,1206,0.846746878597361,cdu,,,,,,,0,,,,,0,,,,,0.00010540809402402,,,0.44616610998017,0.000342576305578065,0,0,,,0.000830088740439157,,,,,0,,0,,,0.00208839786285089,0.108893149132689,0,,,,,,0.00127148513416474,0.0798729832467011,5.92920528885112e-05,,,,0,,,0.00737197857580489,,,,,,,,,,0.00162723745149581,0.000889380793327668,,,0.000276696246813052,,,,0,,,,,0.00200934179233288,0.00374857534372921,,0.341074240238222,,,,,0.00276696246813052,,,,0.000230580205677543,,,,0.000375516334960571,0,0.44616610998017
0,0,2002,2002-09-22,129,Steinfurt III,05,Nordrhein-Westfalen,erststimme,185462,153902,152242,1660,0.829830369563576,spd,,,,,,,0,,,,,0,,,,,0,,,0.418051523232748,0,0,0,,,0,,,,,0,,0,,,0,0.0579537841068825,0,,,,,,0,0.0431221344963939,0,,,,0,,,0.00936666622876736,,,,,,,,,,0,0,,,0,,,,0,,,,,0,0,,0.471505891935208,,,,,0,,,,0,,,,0,0,0.418051523232748
0,0,2002,2002-09-22,129,Steinfurt III,05,Nordrhein-Westfalen,zweitstimme,185462,153902,152319,1583,0.829830369563576,spd,,,,,,,0,,,,,0,,,,,5.25213532126655e-05,,,0.364609799171476,0.000203520243699079,0,0,,,0.000820646143947899,,,,,0,,0,,,0.00235033055626678,0.0976765866372547,0,,,,,,0.00092568885037323,0.0743111496267701,3.93910149094991e-05,,,,0,,,0.00798324568832516,,,,,,,,,,0.00215994065087087,0.000262606766063328,,,0.000715603437522568,,,,0,,,,,0.00196298557632337,0.00275737104366494,,0.440253678136017,,,,,0.00260637215317853,,,,8.53471989705815e-05,,,,0.000223215751153828,0,0.364609799171476
0,0,2002,2002-09-22,130,Münster,05,Nordrhein-Westfalen,erststimme,200908,169832,168376,1456,0.845322237043821,spd,,,,,,,0,,,,,0,,,,,0,,,0.39856036489761,0,0,0,,,0,,,,,0,,0,,,0,0.0815615052026417,0,,,,,,0.00310614339335772,0.0954173991542738,0,,,,0,,,0.0100192426474082,,,,,,,,,,0,0.00298142253052692,,,0,,,,0,,,,,0,0,,0.408353922174182,,,,,0,,,,0,,,,0,0,0.39856036489761
0,0,2002,2002-09-22,130,Münster,05,Nordrhein-Westfalen,zweitstimme,200908,169832,168562,1270,0.845322237043821,spd,,,,,,,0,,,,,0,,,,,8.30554929343506e-05,,,0.342603908354196,0.000213571267545473,0,0,,,0.000682241549103594,,,,,0,,0,,,0.00119243957712889,0.112730034052752,0,,,,,,0.00163144718263903,0.155598533477296,0.000124583239401526,,,,0,,,0.0139948505594381,,,,,,,,,,0.00137041563341678,0.00121023718275768,,,0.000385614788623771,,,,0,,,,,0.0011687094362905,0.00212384760503554,,0.362210937221912,,,,,0.00211198253461634,,,,0.000249166478803052,,,,0.000314424366108613,0,0.342603908354196
0,0,2002,2002-09-22,131,Warendorf,05,Nordrhein-Westfalen,erststimme,206718,172866,170709,2157,0.836240675703132,cdu,,,,,,,0,,,,,0,,,,,0,,,0.453092689899185,0,0,0,,,0,,,,,0,,0,,,0,0.0928832106098683,0,,,,,,0,0.04272768278181,0,,,,0,,,0.00896847852192913,,,,,,,,,,0,0,,,0,,,,0,,,,,0,0.00433486225096509,,0.397993075936242,,,,,0,,,,0,,,,0,0,0.453092689899185
0,0,2002,2002-09-22,131,Warendorf,05,Nordrhein-Westfalen,zweitstimme,206718,172866,171023,1843,0.836240675703132,cdu,,,,,,,0,,,,,0,,,,,3.50830005320922e-05,,,0.416721727486946,0.000432690339895804,0,0,,,0.000742590177929284,,,,,0,,0,,,0.0024499628704911,0.105822023938301,0,,,,,,0.0013448483537302,0.0654707261596394,5.26245007981383e-05,,,,0,,,0.0083205182928612,,,,,,,,,,0.00173076135958321,0.000304052671278132,,,0.000549633675002777,,,,0,,,,,0.00280664004256737,0.00506364641013197,,0.38526397034317,,,,,0.00246750437075715,,,,0.000157873502394415,,,,0.000263122503990691,0,0.416721727486946
0,0,2002,2002-09-22,132,Gütersloh,05,Nordrhein-Westfalen,erststimme,244231,199887,197298,2589,0.81843418730628,cdu,,,,,,,0,,,,,0,,,,,0,,,0.461763423856299,0,0,0,,,0,,,,,0,,0,,,0,0.0626108728927815,0,,,,,,0,0.0489817433526949,0,,,,0,,,0.00847449036482884,,,,,,,,,,0,0.00275218197852994,,,0,,,,0,,,,,0,0.00995448509361474,,0.404291984713479,,,,,0,,,,0,,,,0,0.00117081774777241,0.461763423856299
0,0,2002,2002-09-22,132,Gütersloh,05,Nordrhein-Westfalen,zweitstimme,244231,199887,197768,2119,0.81843418730628,cdu,,,,,,,0,,,,,0,,,,,0.000202257190243113,,,0.419137575340803,0.000475304397071316,0,0,,,0.000798915901460297,,,,,0,,0,,,0.00229561910925933,0.0965980340601108,0,,,,,,0.00123376886048299,0.080301160956272,7.58464463411674e-05,,,,0,,,0.00849985841996683,,,,,,,,,,0.00242202985316128,0.00141580033170179,,,0.00181020185267586,,,,0,,,,,0.00257372274584362,0.00772622466728692,,0.371369483435136,,,,,0.00274058492779418,,,,0.000121354314145868,,,,0.000202257190243113,0,0.419137575340803
0,0,2002,2002-09-22,133,Bielefeld,05,Nordrhein-Westfalen,erststimme,244261,200004,197319,2685,0.818812663503384,spd,,,,,,,0,,,,,0,,,,,0,,,0.360558283794262,0,0,0,,,0,,,,,0,,0,,,0,0.0495441391857855,0,,,,,,0,0.066410229121372,0,,,,0,,,0.0162832773326441,,,,,,,,,,0,0,,,0,,,,0,,,,,0,0.00876246078684769,,0.498441609779089,,,,,0,,,,0,,,,0,0,0.360558283794262
0,0,2002,2002-09-22,133,Bielefeld,05,Nordrhein-Westfalen,zweitstimme,244261,200004,197473,2531,0.818812663503384,spd,,,,,,,0,,,,,0,,,,,0.000116471618904863,,,0.31941075488801,0.000612741995108192,0,0,,,0.000830493282625979,,,,,0,,0,,,0.00193444167050685,0.0791652529712923,0,,,,,,0.00178758615101811,0.140287532979192,6.58317845984008e-05,,,,0,,,0.0181290606817135,,,,,,,,,,0.00267884723481185,0.000384862740729112,,,0.00328652524648939,,,,0,,,,,0.00277506291999413,0.00897844262253574,,0.415489712517661,,,,,0.00367645197064915,,,,0.000212687304087141,,,,0.000177239420072618,0,0.31941075488801
0,0,2002,2002-09-22,134,Herford - Minden-Lübbecke II,05,Nordrhein-Westfalen,erststimme,233093,188924,185583,3341,0.810509110097686,spd,,,,,,,0,,,,,0,,,,,0.00119084183357312,,,0.381689055570823,0,0,0,,,0,,,,,0,,0,,,0,0.0560988883680079,0,,,,,,0,0.0407418782970423,0,,,,0,,,0.0100709655518016,,,,,,,,,,0,0,,,0,,,,0.00179973381182544,,,,,0,0.0114988980671721,,0.496909738499755,,,,,0,,,,0,,,,0,0,0.381689055570823
0,0,2002,2002-09-22,134,Herford - Minden-Lübbecke II,05,Nordrhein-Westfalen,zweitstimme,233093,188924,186430,2494,0.810509110097686,spd,,,,,,,0,,,,,0,,,,,0.000300380839993563,,,0.353837901625275,0.000450571259990345,0,0,,,0.000809955479268358,,,,,0,,0,,,0.0018505605321032,0.0855334441881671,0,,,,,,0.00153945180496701,0.0727028911655849,9.65509842836453e-05,,,,0,,,0.0101003057447836,,,,,,,,,,0.00206511827495575,0.000268197178565681,,,0.00277315882636915,,,,0,,,,,0.0033846483934989,0.0102397682776377,,0.450667810974629,,,,,0.00313790698921847,,,,0.000128734645711527,,,,0.000112642814997586,0,0.353837901625275
0,0,2002,2002-09-22,135,Minden-Lübbecke I,05,Nordrhein-Westfalen,erststimme,208412,168560,166318,2242,0.808782603688847,spd,,,,,,,0,,,,,0,,,,,0,,,0.377024735747183,0,0,0,,,0,,,,,0,,0,,,0.00422684255462427,0.0627713175964117,0,,,,,,0,0.0338989165333879,0,,,,0,,,0.00782236438629613,,,,,,,,,,0,0,,,0.00493632679565651,,,,0,,,,,0,0.010161257350377,,0.497089912096105,,,,,0,,,,0,,,,0,0.00206832693995839,0.377024735747183
0,0,2002,2002-09-22,135,Minden-Lübbecke I,05,Nordrhein-Westfalen,zweitstimme,208412,168560,166196,2364,0.808782603688847,spd,,,,,,,0,,,,,0,,,,,0.000132373823678067,,,0.348738838479867,0.000342968543165901,0,0,,,0.000866446845892801,,,,,0,,0,,,0.00266552744951744,0.0930948999975932,0,,,,,,0.0011552624611904,0.0701581265493754,7.82208958097668e-05,,,,0,,,0.00910972586584515,,,,,,,,,,0.0020578112589954,0.000469325374858601,,,0.00517461310741534,,,,0,,,,,0.00458494789284941,0.00914582781775735,,0.44896387398012,,,,,0.002888156152976,,,,0.000228645695443934,,,,0.0001444078076488,0,0.348738838479867
0,0,2002,2002-09-22,136,Lippe I,05,Nordrhein-Westfalen,erststimme,175855,146064,144203,1861,0.830593386596912,spd,,,,,,,0,,,,,0,,,,,0,,,0.362579141904121,0,0,0,,,0,,,,,0,,0,,,0,0.0729735165010437,0,,,,,,0,0.0442015769436142,0,,,,0,,,0.00921617442078182,,,,,,,,,,0,0,,,0.00706642718944821,,,,0,,,,,0,0.00851577290347635,,0.495447390137515,,,,,0,,,,0,,,,0,0,0.362579141904121
0,0,2002,2002-09-22,136,Lippe I,05,Nordrhein-Westfalen,zweitstimme,175855,146064,144254,1810,0.830593386596912,spd,,,,,,,0,,,,,0,,,,,0.000138644335685666,,,0.336177852953818,0.000561509559526946,0,0,,,0.000762543846271161,,,,,0,,0,,,0.00216978385348067,0.0900356315942712,0,,,,,,0.00121313793724957,0.072705089633563,7.62543846271161e-05,,,,0,,,0.00973976458191801,,,,,,,,,,0.00200341065065787,0.000415933007056997,,,0.00788193048373009,,,,0,,,,,0.00650241934365771,0.00750759077737879,,0.458517614762849,,,,,0.00325814188861314,,,,0.000159440986038515,,,,0.000173305419607082,0,0.336177852953818
0,0,2002,2002-09-22,137,Höxter - Lippe II,05,Nordrhein-Westfalen,erststimme,217726,180012,177053,2959,0.826782285992486,cdu,,,,,,,0,,,,,0,,,,,0,,,0.471531123448911,0,0,0,,,0,,,,,0,,0,,,0.00688494405629953,0.0600949998023191,0,,,,,,0,0.0379942729013346,0,,,,0,,,0.00842685523543798,,,,,,,,,,0,0.00363732893540352,,,0.00339446380462347,,,,0,,,,,0,0.00634838155806453,,0.401687630257606,,,,,0,,,,0,,,,0,0,0.471531123448911
0,0,2002,2002-09-22,137,Höxter - Lippe II,05,Nordrhein-Westfalen,zweitstimme,217726,180012,177754,2258,0.826782285992486,cdu,,,,,,,0,,,,,0,,,,,0.000112515048887789,,,0.441784713705458,0.00039942842355165,0,0,,,0.000540072234661386,,,,,0,,0,,,0.00346546350574389,0.0864396863080437,0,,,,,,0.00123766553776568,0.0674246430460074,3.93802671107261e-05,,,,0,,,0.00801107148081056,,,,,,,,,,0.00210403141420165,0.00113077624132228,,,0.00509693171461683,,,,0,,,,,0.00343733474352195,0.00632334574749373,,0.369144998143502,,,,,0.0029816487955264,,,,0.000106889296443399,,,,0.000219404345331188,0,0.441784713705458
0,0,2002,2002-09-22,138,Paderborn,05,Nordrhein-Westfalen,erststimme,213014,172727,170424,2303,0.810871585905152,cdu,,,,,,,0,,,,,0,,,,,0,,,0.535628784678214,0,0,0,,,0,,,,,0,,0,,,0.00610829460639347,0.0670034736891518,0,,,,,,0,0.0554558043468056,0,,,,0,,,0.00722902877528987,,,,,,,,,,0,0,,,0,,,,0,,,,,0,0.014745575740506,,0.313829038163639,,,,,0,,,,0,,,,0,0,0.535628784678214
0,0,2002,2002-09-22,138,Paderborn,05,Nordrhein-Westfalen,zweitstimme,213014,172727,170670,2057,0.810871585905152,cdu,,,,,,,0,,,,,0,,,,,3.5155563367903e-05,,,0.522353079041425,0.000591785316693033,0,0,,,0.000878889084197574,,,,,0,,0,,,0.00364446006913928,0.085129196695377,0,,,,,,0.00100779281654655,0.0657819183219078,6.44518661744888e-05,,,,0,,,0.00822640182808929,,,,,,,,,,0.00118942989394738,0.00047460010546669,,,0.00114841507001816,,,,0,,,,,0.00264838577371536,0.0126560028124451,,0.291257983242515,,,,,0.00244917091463057,,,,0.000181637077400832,,,,0.000281244506943224,0,0.522353079041425
0,0,2002,2002-09-22,139,Hagen - Ennepe-Ruhr-Kreis I,05,Nordrhein-Westfalen,erststimme,226103,175182,172719,2463,0.774788481355842,spd,,,,,,,0,,,,,0,,,,,0,,,0.327937285417354,0,0,0,,,0,,,,,0,,0,,,0,0.0609081803391636,0,,,,,,0.00507182186094176,0.0344953363555834,0,,,,0,,,0.00949519161180878,,,,,,,,,,0,0,,,0,,,,0,,,,,0,0.00906096028809801,,0.552214869238474,,,,,0,,,,0.000816354888576242,,,,0,0,0.327937285417354
0,0,2002,2002-09-22,139,Hagen - Ennepe-Ruhr-Kreis I,05,Nordrhein-Westfalen,zweitstimme,226103,175182,172818,2364,0.774788481355842,spd,,,,,,,0,,,,,0,,,,,0.000104155817102385,,,0.309354349662651,0.000295108148456758,0,0,,,0.00105891747387425,,,,,0,,0,,,0.00184008610214214,0.0884109294170746,0,,,,,,0.00246502100475645,0.0737307456399218,8.67965142519877e-05,,,,0,,,0.0114224212755616,,,,,,,,,,0.00280063419319747,0.000243030239905565,,,0.00191530974782719,,,,0,,,,,0.00550868543785948,0.00641715562036362,,0.48968278767258,,,,,0.00429932067261512,,,,0.000185165897070907,,,,0.000179379462787441,0,0.309354349662651
0,0,2002,2002-09-22,140,Ennepe-Ruhr-Kreis II,05,Nordrhein-Westfalen,erststimme,186820,151817,148952,2865,0.812637833208436,spd,,,,,,,0,,,,,0,,,,,0,,,0.299807991836296,0,0,0,,,0,,,,,0.000919759385573876,,0,,,0,0.0583476556206026,0,,,,,,0,0.0669276008378538,0,,,,0,,,0.0127692142435147,,,,,,,,,,0,0,,,0,,,,0,,,,,0,0.00433025404157044,,0.556897524034588,,,,,0,,,,0,,,,0,0,0.299807991836296
0,0,2002,2002-09-22,140,Ennepe-Ruhr-Kreis II,05,Nordrhein-Westfalen,zweitstimme,186820,151817,148310,3507,0.812637833208436,spd,,,,,,,0,,,,,0,,,,,8.09116040725507e-05,,,0.26857932708516,0.000229249544872227,0,0,,,0.000809116040725507,,,,,0,,0,,,0.00217787067628616,0.0842289798395253,0,,,,,,0.00199581956712292,0.0958600229249545,0.000114624772436114,,,,0,,,0.0128110039781539,,,,,,,,,,0.00285887667723013,0.000337131683635628,,,0.00136875463556065,,,,0,,,,,0.00279819297417571,0.00416020497606365,,0.51553502798193,,,,,0.00564358438406041,,,,0.000283190614253928,,,,0.000128110039781539,0,0.26857932708516
0,0,2002,2002-09-22,141,Bochum I,05,Nordrhein-Westfalen,erststimme,217254,176154,174184,1970,0.810820514236792,spd,,,,,,,0,,,,,0,,,,,0,,,0.283608138520186,0,0,0,,,0,,,,,0,,0,,,0,0.048253570936481,0,,,,,,0,0.0690361916134662,0,,,,0,,,0.0167868460937859,,,,,,,,,,0,0,,,0,,,,0.00297960777109264,,,,,0,0.00796284388922059,,0.569822716208148,,,,,0,,,,0.00155008496762045,,,,0,0,0.283608138520186
0,0,2002,2002-09-22,141,Bochum I,05,Nordrhein-Westfalen,zweitstimme,217254,176154,174333,1821,0.810820514236792,spd,,,,,,,0,,,,,0,,,,,0.000189292904957753,,,0.254650582505894,0.000338432769469923,0,0,,,0.000860422295262515,,,,,0,,0,,,0.00199617972500903,0.0723385704370372,0,,,,,,0.00267878141258396,0.10791990042046,0.000143403715877086,,,,0,,,0.0182294803622951,,,,,,,,,,0.00302868647932405,0.000464628039441758,,,0.000912047632978266,,,,0,,,,,0.00376864965324982,0.00617783207998486,,0.520050707553934,,,,,0.00552391113558535,,,,0.000413002701726007,,,,0.000315488174929589,0,0.254650582505894
0,0,2002,2002-09-22,142,Herne - Bochum II,05,Nordrhein-Westfalen,erststimme,195046,151966,149650,2316,0.77912902597336,spd,,,,,,,0,,,,,0,,,,,0,,,0.258062145005012,0,0,0,,,0,,,,,0,,0,,,0,0.0417373872368861,0,,,,,,0,0.0475776812562646,0,,,,0,,,0.0170130304042766,,,,,,,,,,0,0,,,0.00291346475108587,,,,0.00368860674908119,,,,,0,0.014153023722018,,0.614854660875376,,,,,0,,,,0,,,,0,0,0.258062145005012
0,0,2002,2002-09-22,142,Herne - Bochum II,05,Nordrhein-Westfalen,zweitstimme,195046,151966,149993,1973,0.77912902597336,spd,,,,,,,0,,,,,0,,,,,0.000193342355976612,,,0.232457514684019,0.000360016800784037,0,0,,,0.00114672018027508,,,,,0,,0,,,0.00257345342782663,0.061982892534985,0,,,,,,0.00228677338275786,0.0750568359856793,8.66707112998607e-05,,,,0,,,0.0161807551019048,,,,,,,,,,0.0033068209849793,0.000226677244938097,,,0.00194009053755842,,,,0,,,,,0.00914709353103145,0.00973378757675358,,0.577920302947471,,,,,0.00492689658850746,,,,0.000273346089484176,,,,0.000200009333768909,0,0.232457514684019
0,0,2002,2002-09-22,143,Dortmund I,05,Nordrhein-Westfalen,erststimme,215162,170755,170030,725,0.793611325419916,spd,,,,,,,0,,,,,0,,,,,0,,,0.273734046932894,0,0,0,,,0,,,,,0,,0,,,0,0.0512674233958713,0,,,,,,0,0.070640475210257,0,,,,0,,,0.0181203317061695,,,,,,,,,,0,0,,,0,,,,0,,,,,0,0.00682232547197553,,0.578139151914368,,,,,0,,,,0.00127624536846439,,,,0,0,0.273734046932894
0,0,2002,2002-09-22,143,Dortmund I,05,Nordrhein-Westfalen,zweitstimme,215162,170755,170281,474,0.793611325419916,spd,,,,,,,0,,,,,0,,,,,0.000117452916062274,,,0.251278768623628,0.000211415248912092,0,0,,,0.000886769516270165,,,,,0,,0,,,0.00136245382632237,0.0748468707606838,0,,,,,,0.00236667625865481,0.114346286432426,0.000140943499274728,,,,0,,,0.018340272843124,,,,,,,,,,0.00294219554735995,0.000305377581761911,,,0.000675354267358073,,,,0,,,,,0.00375849331399275,0.00695908527668971,,0.51752103875359,,,,,0.00335328075357791,,,,0.000340613456580593,,,,0.000246651123730774,0,0.251278768623628
0,0,2002,2002-09-22,144,Dortmund II,05,Nordrhein-Westfalen,erststimme,212281,165911,165298,613,0.78156311681215,spd,,,,,,,0,,,,,0,,,,,0,,,0.271122457621992,0,0,0,,,0,,,,,0,,0,,,0,0.0484095391353797,0,,,,,,0,0.0551549323040811,0,,,,0,,,0.0162010429648272,,,,,,,,,,0,0,,,0,,,,0,,,,,0,0.0081247202023013,,0.59970477561737,,,,,0,,,,0.00128253215404905,,,,0,0,0.271122457621992
0,0,2002,2002-09-22,144,Dortmund II,05,Nordrhein-Westfalen,zweitstimme,212281,165911,165493,418,0.78156311681215,spd,,,,,,,0,,,,,0,,,,,0.000163148894515176,,,0.248620787586182,0.00027795737584067,0,0,,,0.000845957230819431,,,,,0,,0,,,0.00141395708579819,0.0726193857141994,0,,,,,,0.00222365900672536,0.0919978488516131,0.000108765929676784,,,,0,,,0.0162121660734895,,,,,,,,,,0.00302731837600382,0.000314212685732931,,,0.00056195730333005,,,,0,,,,,0.0049065519387527,0.00813327451916395,,0.544893137474093,,,,,0.00308170134084221,,,,0.000404850960463585,,,,0.000193361652758727,0,0.248620787586182
0,0,2002,2002-09-22,145,Unna I,05,Nordrhein-Westfalen,erststimme,203956,167457,165600,1857,0.821044735138952,spd,,,,,,,0,,,,,0,,,,,0,,,0.295150966183575,0,0,0,,,0,,,,,0,,0,,,0,0.0552838164251208,0,,,,,,0,0.0667995169082126,0,,,,0,,,0.011195652173913,,,,,,,,,,0,0,,,0,,,,0,,,,,0,0.00734299516908213,,0.564227053140097,,,,,0,,,,0,,,,0,0,0.295150966183575
0,0,2002,2002-09-22,145,Unna I,05,Nordrhein-Westfalen,zweitstimme,203956,167457,165742,1715,0.821044735138952,spd,,,,,,,0,,,,,0,,,,,0.000120669474243101,,,0.26843527892749,0.000524912212957488,0,0,,,0.00116446042644592,,,,,0,,0,,,0.00212378274667857,0.0825741212245538,0,,,,,,0.00174367390281281,0.0795815182633249,0.000120669474243101,,,,0,,,0.0109447213138492,,,,,,,,,,0.00339081222623113,0.000223238527349736,,,0.000645581687200589,,,,0,,,,,0.00384332275464276,0.00717380024375234,,0.533202205837989,,,,,0.00386142317577922,,,,0.000174970737652496,,,,0.000150836842803876,0,0.26843527892749
0,0,2002,2002-09-22,146,Hamm - Unna II,05,Nordrhein-Westfalen,erststimme,241069,189927,187255,2672,0.787853270225537,spd,,,,,,,0,,,,,0,,,,,0,,,0.355525887159221,0,0,0,,,0,,,,,0,,0,,,0,0.0533230087314091,0,,,,,,0,0.036538410189314,0,,,,0,,,0.0116685802782302,,,,,,,,,,0,0,,,0,,,,0,,,,,0,0,,0.542944113641825,,,,,0,,,,0,,,,0,0,0.355525887159221
0,0,2002,2002-09-22,146,Hamm - Unna II,05,Nordrhein-Westfalen,zweitstimme,241069,189927,187776,2151,0.787853270225537,spd,,,,,,,0,,,,,0,,,,,9.58588957055215e-05,,,0.325776457055215,0.000362133605998637,0,0,,,0.000905334014996592,,,,,0,,0,,,0.00211422119972733,0.0771025051124744,0,,,,,,0.00138995398773006,0.0599384372869802,7.98824130879346e-05,,,,0,,,0.00982553680981595,,,,,,,,,,0.00252428425357873,0.000191717791411043,,,0.000990541922290389,,,,0,,,,,0.00453199556918882,0.00527756475800954,,0.50496868609407,,,,,0.00356808111792774,,,,0.000122486366734833,,,,0.000234321745057941,0,0.325776457055215
0,0,2002,2002-09-22,147,Soest,05,Nordrhein-Westfalen,erststimme,228436,184172,181894,2278,0.806230191388398,cdu,,,,,,,0,,,,,0,,,,,0,,,0.442345541909024,0,0,0,,,0,,,,,0,,0,,,0,0.0747358351567396,0,,,,,,0,0.0407105237116123,0,,,,0,,,0.01320549330929,,,,,,,,,,0,0,,,0,,,,0,,,,,0,0,,0.429002605913334,,,,,0,,,,0,,,,0,0,0.442345541909024
0,0,2002,2002-09-22,147,Soest,05,Nordrhein-Westfalen,zweitstimme,228436,184172,182059,2113,0.806230191388398,cdu,,,,,,,0,,,,,0,,,,,0.00012083994748955,,,0.401803810852526,0.000988690479459955,0,0,,,0.000999675929231732,,,,,0,,0,,,0.00257059524659588,0.103828978517953,0,,,,,,0.00186752646120214,0.0721524341010332,8.23908732883296e-05,,,,0,,,0.0100187301918609,,,,,,,,,,0.00165331019065248,0.000346041667810984,,,0.00076898148402441,,,,0,,,,,0.00868399804458994,0.00409208003998704,,0.386204472176602,,,,,0.00326817130710374,,,,0.00020323082077788,,,,0.000346041667810984,0,0.401803810852526
0,0,2002,2002-09-22,148,Hochsauerlandkreis,05,Nordrhein-Westfalen,erststimme,211185,173157,171607,1550,0.819930392783578,cdu,,,,,,,0,,,,,0,,,,,0,,,0.537460593099349,0,0,0,,,0,,,,,0,,0,,,0.00667222199560624,0.0485935888396161,0,,,,,,0,0.0296782765271813,0,,,,0,,,0.00798918459037219,,,,,,,,,,0,0,,,0,,,,0,,,,,0,0,,0.369606134947875,,,,,0,,,,0,,,,0,0,0.537460593099349
0,0,2002,2002-09-22,148,Hochsauerlandkreis,05,Nordrhein-Westfalen,zweitstimme,211185,173157,171780,1377,0.819930392783578,cdu,,,,,,,0,,,,,0,,,,,0.000133892187681919,,,0.485341716148562,0.000681103737338456,0,0,,,0.0006519967400163,,,,,0,,0,,,0.00337059028990569,0.0902957270927931,0,,,,,,0.00146117126557224,0.0523460239841658,9.31423914309e-05,,,,0,,,0.00725346373268134,,,,,,,,,,0.00179881243450926,0.000360926766794737,,,0.000716032134125044,,,,0,,,,,0.00356269647223192,0.00395273023634882,,0.344161136337175,,,,,0.00327744789847479,,,,0.000250320176970544,,,,0.000291069973221562,0,0.485341716148562
0,0,2002,2002-09-22,149,Siegen-Wittgenstein,05,Nordrhein-Westfalen,erststimme,218988,177268,174859,2409,0.809487277841708,spd,,,,,,,0,,,,,0,,,,,0,,,0.4295918425703,0,0,0,,,0,,,,,0,,0,,,0,0.0590532943686056,0,,,,,,0,0.0409015263726774,0,,,,0,,,0.00891003608621804,,,,,,,,,,0,0.00389456647927759,,,0.00690842335824865,,,,0,,,,,0,0.00807507763397938,,0.442665233130694,,,,,0,,,,0,,,,0,0,0.4295918425703
0,0,2002,2002-09-22,149,Siegen-Wittgenstein,05,Nordrhein-Westfalen,zweitstimme,218988,177268,175405,1863,0.809487277841708,spd,,,,,,,0,,,,,0,,,,,8.55163763860779e-05,,,0.381232005929135,0.000638522277016049,0,0,,,0.000610016818220689,,,,,0,,0,,,0.001824349362903,0.0887602975969898,0,,,,,,0.00141387075624982,0.069975200250848,0.000136826202217725,,,,0,,,0.0101194378723526,,,,,,,,,,0.00222342578603803,0.00163621333485362,,,0.00692112539551324,,,,0,,,,,0.00522220005130983,0.00737151164447992,,0.417918531398763,,,,,0.00362019326701063,,,,0.000148228385735868,,,,0.000142527293976797,0,0.381232005929135
0,0,2002,2002-09-22,150,Olpe - Märkischer Kreis I,05,Nordrhein-Westfalen,erststimme,214200,170604,168252,2352,0.796470588235294,cdu,,,,,,,0,,,,,0,,,,,0,,,0.481866485985308,0,0,0,,,0,,,,,0,,0,,,0,0.0649561372227373,0,,,,,,0,0.0376340251527471,0,,,,0,,,0.00974728383615054,,,,,,,,,,0,0,,,0,,,,0,,,,,0,0.00630007369897535,,0.399495994104082,,,,,0,,,,0,,,,0,0,0.481866485985308
0,0,2002,2002-09-22,150,Olpe - Märkischer Kreis I,05,Nordrhein-Westfalen,zweitstimme,214200,170604,168700,1904,0.796470588235294,cdu,,,,,,,0,,,,,0,,,,,0.00013040901007706,,,0.441481920569058,0.000574985180794309,0,0,,,0.000960284528749259,,,,,0,,0,,,0.00256668642560759,0.092732661529342,0,,,,,,0.00158861885002964,0.0605394190871369,8.89152341434499e-05,,,,0,,,0.00863070539419087,,,,,,,,,,0.0027267338470658,0.00038529934795495,,,0.00233550681683462,,,,0,,,,,0.00439241256668643,0.00655601659751037,,0.370527563722585,,,,,0.00327208061647896,,,,0.00020154119739182,,,,0.00030823947836396,0,0.441481920569058
0,0,2002,2002-09-22,151,Märkischer Kreis II,05,Nordrhein-Westfalen,erststimme,213870,168669,166393,2276,0.78865198485061,spd,,,,,,,0,,,,,0,,,,,0,,,0.386350387336006,0,0,0,,,0,,,,,0,,0,,,0,0.058073356451293,0,,,,,,0,0.0282163312158564,0,,,,0,,,0.00813736154766126,,,,,,,,,,0.00721785171251194,0,,,0,,,,0,,,,,0,0.0155114698334666,,0.496493241903205,,,,,0,,,,0,,,,0,0,0.386350387336006
0,0,2002,2002-09-22,151,Märkischer Kreis II,05,Nordrhein-Westfalen,zweitstimme,213870,168669,166672,1997,0.78865198485061,spd,,,,,,,0,,,,,0,,,,,8.99971200921571e-05,,,0.370080157434962,0.000443985792454641,0,0,,,0.00085197273687242,,,,,0,,0,,,0.00190193913794759,0.0935490064317942,0,,,,,,0.00158994912162811,0.0599920802534319,0.00012599596812902,,,,0,,,0.00904171066525871,,,,,,,,,,0.00499184026111164,0.000359988480368628,,,0.00215393107420563,,,,0,,,,,0.00548382451761544,0.0142135451665547,,0.431176202361524,,,,,0.00341989056350197,,,,0.000275991168282615,,,,0.000257991744264184,0,0.370080157434962
0,0,2002,2002-09-22,152,Delitzsch - Torgau-Oschatz - Riesa,14,Sachsen,erststimme,230648,164458,161431,3027,0.713025909611182,cdu,,,,,,,0,,,,,0,,,,,0,,,0.387366738730479,0,0,0,,,0,,,,,0,,0,,,0,0.0641946094616276,0,,,,,,0,0.025496961550136,0,,,,0,,,0.174216848065118,,,,,,,,,,0,0,,,0,,,,0,,,,,0,0,,0.34872484219264,,,,,0,,,,0,,,,0,0,0.387366738730479
0,0,2002,2002-09-22,152,Delitzsch - Torgau-Oschatz - Riesa,14,Sachsen,zweitstimme,230648,164458,161889,2569,0.713025909611182,cdu,,,,,,,0,,,,,0,,,,,0.00159368456164409,,,0.332517959836678,0,0,0,,,0,,,,,0,,0,,,0,0.0706162864678885,0,,,,,,0.00470075174965563,0.0319539931681584,0,,,,0,,,0.164489248806281,,,,,,,,,,0.0143678693425742,0,,,0.0017357572163643,,,,0,,,,,0.00773369407433488,0.0106801573917931,,0.359610597384628,,,,,0,,,,0,,,,0,0,0.332517959836678
0,0,2002,2002-09-22,153,Leipzig I,14,Sachsen,erststimme,192613,140645,138776,1869,0.730194742826289,spd,,,,,,,0,,,,,0,,,,,0,,,0.278787398397417,0,0,0,,,0,,,,,0,,0.00672306450683115,,,0,0.0606516976998905,0,,,,,,0,0.047032628120136,0,,,,0,,,0.199854441690206,,,,,,,,,,0,0,,,0,,,,0,,,,,0,0,,0.406950769585519,,,,,0,,,,0,,,,0,0,0.278787398397417
0,0,2002,2002-09-22,153,Leipzig I,14,Sachsen,zweitstimme,192613,140645,139077,1568,0.730194742826289,spd,,,,,,,0,,,,,0,,,,,0.00188384851557051,,,0.25200428539586,0,0,0,,,0,,,,,0,,0,,,0,0.0700475276285799,0,,,,,,0.00634900091316321,0.0649927737871826,0,,,,0,,,0.175636517900156,,,,,,,,,,0.0089950171487737,0,,,0.00260287466655162,,,,0,,,,,0.00488937782667156,0.0143589522350928,,0.398239823982398,,,,,0,,,,0,,,,0,0,0.25200428539586
0,0,2002,2002-09-22,154,Leipzig II,14,Sachsen,erststimme,197871,147721,145534,2187,0.746552046535369,spd,,,,,,,0,,,,,0,,,,,0,,,0.239194964750505,0,0,0,,,0,,,,,0,,0.00603295449860514,,,0,0.0630436873857655,0,,,,,,0,0.0580689048607198,0,,,,0,,,0.234350735910509,,,,,,,,,,0,0,,,0,,,,0,,,,,0,0,,0.399308752593896,,,,,0,,,,0,,,,0,0,0.239194964750505
0,0,2002,2002-09-22,154,Leipzig II,14,Sachsen,zweitstimme,197871,147721,146030,1691,0.746552046535369,spd,,,,,,,0,,,,,0,,,,,0.001814695610491,,,0.227117715537903,0,0,0,,,0,,,,,0,,0,,,0,0.0651099089228241,0,,,,,,0.00557419708279121,0.0908511949599397,0,,,,0,,,0.17820995685818,,,,,,,,,,0.0068616037800452,0,,,0.00265698829007738,,,,0,,,,,0.00432787783332192,0.0117030747106759,,0.405772786413751,,,,,0,,,,0,,,,0,0,0.227117715537903
0,0,2002,2002-09-22,155,Leipziger-Land - Muldentalkreis,14,Sachsen,erststimme,235164,173187,170015,3172,0.736452007960402,spd,,,,,,,0,,,,,0,,,,,0,,,0.350292621239302,0,0,0,,,0,,,,,0,,0,,,0,0.0667235243949063,0,,,,,,0,0.0243155015733906,0,,,,0,,,0.153104137870188,,,,,,,,,,0,0,,,0.00812281269299768,,,,0,,,,,0,0,,0.397441402229215,,,,,0,,,,0,,,,0,0,0.350292621239302
0,0,2002,2002-09-22,155,Leipziger-Land - Muldentalkreis,14,Sachsen,zweitstimme,235164,173187,170428,2759,0.736452007960402,spd,,,,,,,0,,,,,0,,,,,0.00170746590935762,,,0.320616330649893,0,0,0,,,0,,,,,0,,0,,,0,0.0722533855939165,0,,,,,,0.00417771727650386,0.0368660079329688,0,,,,0,,,0.152950219447509,,,,,,,,,,0.0126094303752904,0,,,0.00408970356983594,,,,0,,,,,0.00634872204097918,0.0116764850846105,,0.376704532119135,,,,,0,,,,0,,,,0,0,0.320616330649893
0,0,2002,2002-09-22,156,Kamenz - Hoyerswerda - Großenhain,14,Sachsen,erststimme,215805,159223,155204,4019,0.737809596626584,cdu,,,,,,,0,,,,,0,,,,,0,,,0.376156542357156,0,0,0,,,0,,,,,0,,0,,,0,0.0708293600680395,0.0129055952166181,,,,,,0.0127187443622587,0.0215909383778769,0,,,,0,,,0.183493982113863,,,,,,,,,,0,0,,,0,,,,0,,,,,0,0,,0.322304837504188,,,,,0,,,,0,,,,0,0,0.376156542357156
0,0,2002,2002-09-22,156,Kamenz - Hoyerswerda - Großenhain,14,Sachsen,zweitstimme,215805,159223,154994,4229,0.737809596626584,cdu,,,,,,,0,,,,,0,,,,,0.00233557428029472,,,0.34348426390699,0,0,0,,,0,,,,,0,,0,,,0,0.0763900538085345,0,,,,,,0.00775513890860291,0.0317238086635612,0,,,,0,,,0.173200252913016,,,,,,,,,,0.0147618617494871,0,,,0.00407757719653664,,,,0,,,,,0.011335922680878,0.0131359923609946,,0.321799553531104,,,,,0,,,,0,,,,0,0,0.34348426390699
0,0,2002,2002-09-22,157,Löbau-Zittau - Görlitz - Niesky,14,Sachsen,erststimme,207575,149767,146133,3634,0.721507888714922,cdu,,,,,,,0,,,,,0,,,,,0.0124680941334264,,,0.406472186296045,0,0,0,,,0,,,,,0,,0,,,0,0.0948177345295039,0,,,,,,0,0.0324498915371614,0,,,,0,,,0.183702517569611,,,,,,,,,,0,0,,,0,,,,0,,,,,0,0,,0.270089575934252,,,,,0,,,,0,,,,0,0,0.406472186296045
0,0,2002,2002-09-22,157,Löbau-Zittau - Görlitz - Niesky,14,Sachsen,zweitstimme,207575,149767,146527,3240,0.721507888714922,cdu,,,,,,,0,,,,,0,,,,,0.00539149781268981,,,0.378790257085725,0,0,0,,,0,,,,,0,,0,,,0,0.0750237157656951,0,,,,,,0.00778013608413466,0.0365734642762085,0,,,,0,,,0.162891480750988,,,,,,,,,,0.0197028533990323,0,,,0.0055825888744054,,,,0,,,,,0.00960915053198387,0.0147276611136514,,0.283927194305486,,,,,0,,,,0,,,,0,0,0.378790257085725
0,0,2002,2002-09-22,158,Bautzen - Weißwasser,14,Sachsen,erststimme,175038,129655,126458,3197,0.740724871170832,cdu,,,,,,,0,,,,,0,,,,,0,,,0.428316120767369,0,0,0,,,0,,,,,0,,0,,,0,0.0780179980705056,0,,,,,,0,0.0323981084628889,0,,,,0,,,0.166434705593952,,,,,,,,,,0.0360356798304575,0,,,0,,,,0,,,,,0,0,,0.258797387274826,,,,,0,,,,0,,,,0,0,0.428316120767369
0,0,2002,2002-09-22,158,Bautzen - Weißwasser,14,Sachsen,zweitstimme,175038,129655,126787,2868,0.740724871170832,cdu,,,,,,,0,,,,,0,,,,,0.00259490326295283,,,0.3868535417669,0,0,0,,,0,,,,,0,,0,,,0,0.077436961202647,0,,,,,,0.0055841687239228,0.0314070054500856,0,,,,0,,,0.158651912262298,,,,,,,,,,0.0195051543139281,0,,,0.00644387831560018,,,,0,,,,,0.0203885256374865,0.0111841119357663,,0.279949837128412,,,,,0,,,,0,,,,0,0,0.3868535417669
0,0,2002,2002-09-22,159,Sächsische Schweiz - Weißeritzkreis,14,Sachsen,erststimme,220461,161890,159058,2832,0.734324891930999,cdu,,,,,,,0,,,,,0,,,,,0.0100780847238114,,,0.461862968225427,0,0,0,,,0,,,,,0,,0,,,0,0.0608017201272492,0,,,,,,0,0.0316048233977543,0,,,,0,,,0.145456374404305,,,,,,,,,,0.0325541626324988,0,,,0,,,,0,,,,,0,0,,0.257641866488954,,,,,0,,,,0,,,,0,0,0.461862968225427
0,0,2002,2002-09-22,159,Sächsische Schweiz - Weißeritzkreis,14,Sachsen,zweitstimme,220461,161890,159065,2825,0.734324891930999,cdu,,,,,,,0,,,,,0,,,,,0.00472762707069437,,,0.415918020934838,0,0,0,,,0,,,,,0,,0,,,0,0.0731461980951184,0,,,,,,0.00520541916826455,0.0379530380661994,0,,,,0,,,0.143061012793512,,,,,,,,,,0.0219595762738503,0,,,0.00303649451482099,,,,0,,,,,0.0102976770502625,0.0101656555496181,,0.274529280482822,,,,,0,,,,0,,,,0,0,0.415918020934838
0,0,2002,2002-09-22,160,Dresden I,14,Sachsen,erststimme,217183,164923,162537,2386,0.75937343162218,cdu,,,,,,,0,,,,,0,,,,,0.00348843647907861,,,0.338052258870288,0,0,0,,,0,,,,,0,,0,,,0,0.0551751293551622,0,,,,,,0.0110251819585694,0.0553781600497118,0,,,,0,,,0.208697096661068,,,,,,,,,,0,0,,,0,,,,0,,,,,0,0,,0.312624202489279,,,,,0,,,,0,,,,0,0.0155595341368427,0.338052258870288
0,0,2002,2002-09-22,160,Dresden I,14,Sachsen,zweitstimme,217183,164923,162761,2162,0.75937343162218,cdu,,,,,,,0,,,,,0,,,,,0.00313957274777127,,,0.304974778970392,0,0,0,,,0,,,,,0,,0,,,0,0.0702871080910046,0,,,,,,0.00860156917197609,0.0785630464300416,0,,,,0,,,0.177395076216047,,,,,,,,,,0.00779670805659833,0,,,0.00250059903785305,,,,0,,,,,0.00666007213030149,0.0113356393730685,,0.328745829774946,,,,,0,,,,0,,,,0,0,0.304974778970392
0,0,2002,2002-09-22,161,Dresden II - Meißen I,14,Sachsen,erststimme,241686,180284,177451,2833,0.745943083174036,cdu,,,,,,,0,,,,,0,,,,,0.00566917064429054,,,0.370429019842097,0,0,0,,,0,,,,,0,,0.00726961245639641,,,0,0.0783314830572947,0,,,,,,0.011456683816941,0.0602250762182236,0,,,,0,,,0.17505677623682,,,,,,,,,,0,0,,,0,,,,0,,,,,0,0,,0.291562177727936,,,,,0,,,,0,,,,0,0,0.370429019842097
0,0,2002,2002-09-22,161,Dresden II - Meißen I,14,Sachsen,zweitstimme,241686,180284,177652,2632,0.745943083174036,cdu,,,,,,,0,,,,,0,,,,,0.00374327336590638,,,0.330061018170356,0,0,0,,,0,,,,,0,,0,,,0,0.0813782000765542,0,,,,,,0.00780739873460473,0.0880091414675883,0,,,,0,,,0.156339360097269,,,,,,,,,,0.0103685857744354,0,,,0.00305653750028145,,,,0,,,,,0.0069686803413415,0.0115731880305316,,0.300694616441132,,,,,0,,,,0,,,,0,0,0.330061018170356
0,0,2002,2002-09-22,162,Freiberg - Mittlerer Erzgebirgskreis,14,Sachsen,erststimme,198974,148731,145314,3417,0.747489621759627,cdu,,,,,,,0,,,,,0,,,,,0.0063173541434411,,,0.43333746232297,0,0,0,,,0,,,,,0,,0,,,0,0.0649971785237486,0,,,,,,0,0.0232668566001899,0,,,,0,,,0.157631061012704,,,,,,,,,,0.0312082800005505,0,,,0,,,,0,,,,,0,0,,0.283241807396397,,,,,0,,,,0,,,,0,0,0.43333746232297
0,0,2002,2002-09-22,162,Freiberg - Mittlerer Erzgebirgskreis,14,Sachsen,zweitstimme,198974,148731,145951,2780,0.747489621759627,cdu,,,,,,,0,,,,,0,,,,,0.00360394927064563,,,0.383354687532117,0,0,0,,,0,,,,,0,,0,,,0,0.0757925605168858,0,,,,,,0.00410411713520291,0.0328671951545382,0,,,,0,,,0.150790333742146,,,,,,,,,,0.0218909085926098,0,,,0.00951689265575433,,,,0,,,,,0.0110173962494262,0.0129495515618255,,0.294112407588848,,,,,0,,,,0,,,,0,0,0.383354687532117
0,0,2002,2002-09-22,163,Döbeln - Mittweida - Meißen II,14,Sachsen,erststimme,228884,166616,162956,3660,0.727949529019066,cdu,,,,,,,0,,,,,0,,,,,0,,,0.392578364711947,0,0,0,,,0,,,,,0,,0.00455951299737352,,,0,0.060022337318049,0,,,,,,0,0.0297319521834115,0,,,,0,,,0.14802768845578,,,,,,,,,,0.0253749478386804,0,,,0,,,,0,,,,,0,0,,0.339705196494759,,,,,0,,,,0,,,,0,0,0.392578364711947
0,0,2002,2002-09-22,163,Döbeln - Mittweida - Meißen II,14,Sachsen,zweitstimme,228884,166616,162943,3673,0.727949529019066,cdu,,,,,,,0,,,,,0,,,,,0.00216026463241747,,,0.361469961888513,0,0,0,,,0,,,,,0,,0,,,0,0.0759283921371277,0,,,,,,0.00500788619333141,0.0347360733508037,0,,,,0,,,0.155956377383502,,,,,,,,,,0.0166499941697403,0,,,0.00497720061616639,,,,0,,,,,0.0106601695071283,0.0128142970241127,,0.319639383097157,,,,,0,,,,0,,,,0,0,0.361469961888513
0,0,2002,2002-09-22,164,Chemnitz,14,Sachsen,erststimme,211051,157325,154947,2378,0.745435937285301,spd,,,,,,,0,,,,,0,,,,,0,,,0.295533311390346,0,0,0,,,0,,,,,0,,0,,,0,0.0602915835737381,0,,,,,,0.0082737968466637,0.0378516525005324,0,,,,0,,,0.209265103551537,,,,,,,,,,0,0,,,0.00973881391701679,,,,0,,,,,0.0290680038981071,0,,0.349977734322059,,,,,0,,,,0,,,,0,0,0.295533311390346
0,0,2002,2002-09-22,164,Chemnitz,14,Sachsen,zweitstimme,211051,157325,155164,2161,0.745435937285301,spd,,,,,,,0,,,,,0,,,,,0.00172075997009616,,,0.26482302595963,0,0,0,,,0,,,,,0,,0,,,0,0.0702675878425408,0,,,,,,0.00632234281147689,0.050630300842979,0,,,,0,,,0.197043128560749,,,,,,,,,,0.00741151297981491,0,,,0.00652857621613261,,,,0,,,,,0.0210809208321518,0.0189412492588487,,0.355230594725581,,,,,0,,,,0,,,,0,0,0.26482302595963
0,0,2002,2002-09-22,165,Chemnitzer Land - Stollberg,14,Sachsen,erststimme,192377,143025,140196,2829,0.743462056274919,cdu,,,,,,,0,,,,,0,,,,,0,,,0.36887643014066,0,0,0,,,0,,,,,0,,0,,,0,0.067205911723587,0,,,,,,0.0127321749550629,0.0262988958315501,0,,,,0,,,0.157500927273246,,,,,,,,,,0.0274829524380154,0,,,0.0122257411053097,,,,0,,,,,0,0,,0.327676966532569,,,,,0,,,,0,,,,0,0,0.36887643014066
0,0,2002,2002-09-22,165,Chemnitzer Land - Stollberg,14,Sachsen,zweitstimme,192377,143025,140600,2425,0.743462056274919,cdu,,,,,,,0,,,,,0,,,,,0.00152204836415363,,,0.345611664295875,0,0,0,,,0,,,,,0,,0,,,0,0.0708819345661451,0,,,,,,0.00685633001422475,0.0324466571834993,0,,,,0,,,0.149559032716927,,,,,,,,,,0.0205120910384068,0,,,0.00992176386913229,,,,0,,,,,0.0080298719772404,0.010697012802276,,0.34396159317212,,,,,0,,,,0,,,,0,0,0.345611664295875
0,0,2002,2002-09-22,166,Annaberg - Aue-Schwarzenberg,14,Sachsen,erststimme,186037,137624,134901,2723,0.739766820578702,cdu,,,,,,,0,,,,,0,,,,,0,,,0.43514873870468,0,0,0,,,0,,,,,0,,0,,,0,0.0599402524814494,0,,,,,,0,0.028013135558669,0,,,,0,,,0.146855842432599,,,,,,,,,,0.0326165113675955,0,,,0.0187174298189042,,,,0,,,,,0,0,,0.278708089636103,,,,,0,,,,0,,,,0,0,0.43514873870468
0,0,2002,2002-09-22,166,Annaberg - Aue-Schwarzenberg,14,Sachsen,zweitstimme,186037,137624,135018,2606,0.739766820578702,cdu,,,,,,,0,,,,,0,,,,,0.00189604349049756,,,0.393384585758936,0,0,0,,,0,,,,,0,,0,,,0,0.0637396495282111,0,,,,,,0.00366617784295427,0.025811373298375,0,,,,0,,,0.140944170406909,,,,,,,,,,0.0225599549689671,0,,,0.0161163696692293,,,,0,,,,,0.0111318490867884,0.00862847916574086,,0.312121346783392,,,,,0,,,,0,,,,0,0,0.393384585758936
0,0,2002,2002-09-22,167,Zwickauer Land - Zwickau,14,Sachsen,erststimme,195393,142036,139129,2907,0.726924710711233,cdu,,,,,,,0,,,,,0,,,,,0.00841664929669587,,,0.393505308023489,0,0,0,,,0,,,,,0,,0,,,0,0.0525842922755141,0,,,,,,0,0.0293756154360342,0,,,,0,,,0.183728769702938,,,,,,,,,,0,0,,,0.0111910529077331,,,,0,,,,,0,0,,0.321198312357596,,,,,0,,,,0,,,,0,0,0.393505308023489
0,0,2002,2002-09-22,167,Zwickauer Land - Zwickau,14,Sachsen,zweitstimme,195393,142036,139426,2610,0.726924710711233,cdu,,,,,,,0,,,,,0,,,,,0.00346420323325635,,,0.335453932552035,0,0,0,,,0,,,,,0,,0,,,0,0.0664510206130851,0,,,,,,0.00361482076513706,0.0358971784315694,0,,,,0,,,0.165930314288583,,,,,,,,,,0.0122789149799894,0,,,0.0105217104413811,,,,0,,,,,0.00759542696484157,0.0124725660924074,,0.346319911637715,,,,,0,,,,0,,,,0,0,0.335453932552035
0,0,2002,2002-09-22,168,Vogtland - Plauen,14,Sachsen,erststimme,225235,165187,162187,3000,0.733398450507248,cdu,,,,,,,0,,,,,0,,,,,0,,,0.350120539870643,0,0,0,,,0,,,,,0,,0,,,0,0.0823247239297848,0,,,,,,0,0.0283746539488368,0,,,,0,,,0.181451041082208,,,,,,,,,,0,0,,,0.0158952320469581,,,,0,,,,,0,0,,0.34183380912157,,,,,0,,,,0,,,,0,0,0.350120539870643
0,0,2002,2002-09-22,168,Vogtland - Plauen,14,Sachsen,zweitstimme,225235,165187,162788,2399,0.733398450507248,cdu,,,,,,,0,,,,,0,,,,,0.00133916504902081,,,0.33687986829496,0,0,0,,,0,,,,,0,,0,,,0,0.0762095486153771,0,,,,,,0.00342162812983758,0.0349288645354694,0,,,,0,,,0.145981276261149,,,,,,,,,,0.00696611543848441,0,,,0.0112416148610463,,,,0,,,,,0.0155232572425486,0.0103508858146792,,0.357157775757427,,,,,0,,,,0,,,,0,0,0.33687986829496
0,0,2002,2002-09-22,169,Waldeck,06,Hessen,erststimme,194230,156682,152830,3852,0.806682798743757,spd,,,,,,,0,,,,,0,,,,,0,,,0.352398089380357,0,0,0,,,0,,,,,0,,0,,,0,0.05746254007721,0,,,,,,0,0.0562585879735654,0,,,,0,,,0.01253026238304,,,,,,,,,,0,0,,,0,,,,0,,,,,0,0,,0.521350520185827,,,,,0,,,,0,,,,0,0,0.352398089380357
0,0,2002,2002-09-22,169,Waldeck,06,Hessen,zweitstimme,194230,156682,153483,3199,0.806682798743757,spd,,,,,,,0,,,,,0,,,,,0.000247584423030564,,,0.332206172670589,0.000462591948293948,0,0,,,0,,,,,0,,0,,,0,0.0757412873086922,0,,,,,,0.00170051406344677,0.0746010958868409,0,,,,0,,,0.0102747535557684,,,,,,,,,,0.0029775284559202,0.000625476437129845,,,0.00119231445827877,,,,0,,,,,0.00555761875908081,0.00648280265566871,,0.483617078112886,,,,,0.00431318126437456,,,,0,,,,0,0,0.332206172670589
0,0,2002,2002-09-22,170,Kassel,06,Hessen,erststimme,219314,173626,170486,3140,0.791677685875047,spd,,,,,,,0,,,,,0,,,,,0,,,0.311767535164178,0,0,0,,,0,,,,,0,,0,,,0,0.0472179533803362,0,,,,,,0.00503853688865948,0.11493612378729,0,,,,0,,,0.0162769963516066,,,,,,,,,,0.00578933167532818,0,,,0,,,,0,,,,,0,0,,0.493201787830086,,,,,0,,,,0,,,,0,0.00577173492251563,0.311767535164178
0,0,2002,2002-09-22,170,Kassel,06,Hessen,zweitstimme,219314,173626,170825,2801,0.791677685875047,spd,,,,,,,0,,,,,0,,,,,0.0003453827015952,,,0.291309819991219,0.000626372018147227,0,0,,,0,,,,,0,,0,,,0,0.0670686374945119,0,,,,,,0.00303819698521879,0.119923898726767,0,,,,0,,,0.017655495390019,,,,,,,,,,0.0031435679789258,0.000579540465388556,,,0.0014342163032343,,,,0,,,,,0.00303819698521879,0.00869310698082833,,0.478507244255817,,,,,0.00463632372310844,,,,0,,,,0,0,0.291309819991219
0,0,2002,2002-09-22,171,Werra-Meißner - Hersfeld,06,Hessen,erststimme,191217,153878,150233,3645,0.804729704994849,spd,,,,,,,0,,,,,0,,,,,0,,,0.35350422343959,0,0,0,,,0,,,,,0,,0,,,0,0.0476992405130697,0,,,,,,0,0.0342201779901886,0,,,,0,,,0.0117617301125585,,,,,,,,,,0,0,,,0,,,,0,,,,,0,0,,0.549419901086978,,,,,0,,,,0,,,,0,0.00339472685761451,0.35350422343959
0,0,2002,2002-09-22,171,Werra-Meißner - Hersfeld,06,Hessen,zweitstimme,191217,153878,150440,3438,0.804729704994849,spd,,,,,,,0,,,,,0,,,,,0.000252592395639458,,,0.327751927678809,0.000598245147567136,0,0,,,0,,,,,0,,0,,,0,0.070127625631481,0,,,,,,0.0017482052645573,0.0661326774793938,0,,,,0,,,0.0115195426748205,,,,,,,,,,0.00358947088540282,0.000345652751927679,,,0.00151555437383675,,,,0,,,,,0.00629486838606754,0.00798324913586812,,0.496915713905876,,,,,0.00522467428875299,,,,0,,,,0,0,0.327751927678809
0,0,2002,2002-09-22,172,Schwalm-Eder,06,Hessen,erststimme,197153,158483,154375,4108,0.803857917454972,spd,,,,,,,0,,,,,0,,,,,0,,,0.353276113360324,0,0,0,,,0,,,,,0,,0,,,0,0.0583384615384615,0,,,,,,0,0.0524437246963563,0,,,,0,,,0.012936032388664,,,,,,,,,,0,0,,,0,,,,0,,,,,0,0,,0.523005668016194,,,,,0,,,,0,,,,0,0,0.353276113360324
0,0,2002,2002-09-22,172,Schwalm-Eder,06,Hessen,zweitstimme,197153,158483,155151,3332,0.803857917454972,spd,,,,,,,0,,,,,0,,,,,0.000225586686518295,,,0.325463580640795,0.000754104066361158,0,0,,,0,,,,,0,,0,,,0,0.0754555239734194,0,,,,,,0.00139219212251291,0.069358238103525,0,,,,0,,,0.0105445662612552,,,,,,,,,,0.00372540299450213,0.000534962713743386,,,0.00242344554659654,,,,0,,,,,0.00732189931099381,0.0053045098001302,,0.493158278064595,,,,,0.00433770971505179,,,,0,,,,0,0,0.325463580640795
0,0,2002,2002-09-22,173,Marburg,06,Hessen,erststimme,181936,144891,142244,2647,0.796384442881013,spd,,,,,,,0,,,,,0,,,,,0.00283315992238688,,,0.385492533955738,0,0,0,,,0,,,,,0,,0,,,0,0.0479739039959506,0,,,,,,0,0.0514046286662355,0,,,,0,,,0.0178285200078738,,,,,,,,,,0,0,,,0,,,,0,,,,,0.0162256404488063,0,,0.478241613003009,,,,,0,,,,0,,,,0,0,0.385492533955738
0,0,2002,2002-09-22,173,Marburg,06,Hessen,zweitstimme,181936,144891,142700,2191,0.796384442881013,spd,,,,,,,0,,,,,0,,,,,0.000840925017519271,,,0.352431674842327,0.00113524877365102,0,0,,,0,,,,,0,,0,,,0,0.0705536089698669,0,,,,,,0.00112123335669236,0.104800280308339,0,,,,0,,,0.0186405045550105,,,,,,,,,,0.0021583742116328,0.00079187105816398,,,0.0041135248773651,,,,0,,,,,0.0116958654519972,0.0043447792571829,,0.422571829011913,,,,,0.00480028030833917,,,,0,,,,0,0,0.352431674842327
0,0,2002,2002-09-22,174,Lahn-Dill,06,Hessen,erststimme,211863,163741,160337,3404,0.772862651808008,spd,,,,,,,0,,,,,0,,,,,0,,,0.411570629361906,0,0,0,,,0,,,,,0,,0,,,0,0.054210818463611,0,,,,,,0,0.0403712181218309,0,,,,0,,,0.00919937381889395,,,,,,,,,,0.0157356068780132,0,,,0,,,,0,,,,,0,0,,0.468912353355744,,,,,0,,,,0,,,,0,0,0.411570629361906
0,0,2002,2002-09-22,174,Lahn-Dill,06,Hessen,zweitstimme,211863,163741,160525,3216,0.772862651808008,spd,,,,,,,0,,,,,0,,,,,0.000137050303691014,,,0.385279551471733,0.00110886154804548,0,0,,,0,,,,,0,,0,,,0,0.0761439028188756,0,,,,,,0.00113377978508021,0.0733904376265379,0,,,,0,,,0.010123033795359,,,,,,,,,,0.00780563775112911,0.000753776670300576,,,0.00733219124746924,,,,0,,,,,0.00776826039557701,0.00588070394019623,,0.418408347609407,,,,,0.00473446503659866,,,,0,,,,0,0,0.385279551471733
0,0,2002,2002-09-22,175,Gießen,06,Hessen,erststimme,223041,177347,173127,4220,0.795131836747504,spd,,,,,,,0,,,,,0,,,,,0,,,0.390308848417636,0,0,0,,,0,,,,,0,,0,,,0,0.0858444956592559,0,,,,,,0,0.0546535202481415,0,,,,0,,,0.0161268895088577,,,,,,,,,,0,0,,,0,,,,0,,,,,0,0,,0.453066246166109,,,,,0,,,,0,,,,0,0,0.390308848417636
0,0,2002,2002-09-22,175,Gießen,06,Hessen,zweitstimme,223041,177347,173628,3719,0.795131836747504,spd,,,,,,,0,,,,,0,,,,,0.000385882461354159,,,0.364537977745525,0.000691132766604465,0,0,,,0,,,,,0,,0,,,0,0.0905211141060198,0,,,,,,0.00150897320708641,0.0958428364088741,0,,,,0,,,0.014548344737024,,,,,,,,,,0.00404312668463612,0.000691132766604465,,,0.00285668210196512,,,,0,,,,,0.00810929112815905,0.00484368880595296,,0.406846821941162,,,,,0.00457299513903288,,,,0,,,,0,0,0.364537977745525
0,0,2002,2002-09-22,176,Fulda,06,Hessen,erststimme,235821,191467,187325,4142,0.811916665606541,cdu,,,,,,,0,,,,,0,,,,,0,,,0.539628987054584,0,0,0,,,0,,,,,0,,0,,,0,0.0481943146937141,0,,,,,,0,0.0386013612705192,0,,,,0,,,0.00945415721339917,,,,,,,,,,0.0123582009875884,0,,,0,,,,0,,,,,0,0,,0.351762978780195,,,,,0,,,,0,,,,0,0,0.539628987054584
0,0,2002,2002-09-22,176,Fulda,06,Hessen,zweitstimme,235821,191467,187196,4271,0.811916665606541,cdu,,,,,,,0,,,,,0,,,,,0.00037928160858138,,,0.491570332699417,0.00117523878715357,0,0,,,0,,,,,0,,0,,,0,0.0777420457702088,0,,,,,,0.00157054637919614,0.0667802730827582,0,,,,0,,,0.00915083655633667,,,,,,,,,,0.00618068762153038,0.000945533024209919,,,0.00187504006495865,,,,0,,,,,0.0100696596081113,0.00810380563687258,,0.319771789995513,,,,,0.0046849291651531,,,,0,,,,0,0,0.491570332699417
0,0,2002,2002-09-22,177,Hochtaunus,06,Hessen,erststimme,181643,149323,146890,2433,0.822068563060509,cdu,,,,,,,0,,,,,0,,,,,0,,,0.43691197494724,0,0,0,,,0,,,,,0,,0,,,0,0.0906869085710396,0,,,,,,0,0.0482742188031861,0,,,,0,,,0.00957178841309824,,,,,,,,,,0,0,,,0,,,,0,,,,,0.0119136769010824,0,,0.402641432364354,,,,,0,,,,0,,,,0,0,0.43691197494724
0,0,2002,2002-09-22,177,Hochtaunus,06,Hessen,zweitstimme,181643,149323,147134,2189,0.822068563060509,cdu,,,,,,,0,,,,,0,,,,,0.000468960267511248,,,0.417286283252002,0.000611687305449454,0,0,,,0,,,,,0,,0,,,0,0.0991816983158209,0,,,,,,0.00151562521239143,0.106766620903394,0,,,,0,,,0.0111666915872606,,,,,,,,,,0.00203216115921541,0.000829176125164816,,,0.00131852596952438,,,,0,,,,,0.00779561488167249,0.00513137684015931,,0.340750608289043,,,,,0.00514496989139152,,,,0,,,,0,0,0.417286283252002
0,0,2002,2002-09-22,178,Wetterau,06,Hessen,erststimme,240425,192786,188423,4363,0.801855048351877,spd,,,,,,,0,,,,,0,,,,,0,,,0.416047934700116,0,0,0,,,0,,,,,0,,0,,,0,0.0510924887089156,0,,,,,,0,0.0413537625449122,0,,,,0,,,0.00831639449536415,,,,,,,,,,0.0154917393311857,0,,,0,,,,0,,,,,0,0,,0.463696045599529,,,,,0,,,,0,,,,0,0.00400163461997739,0.416047934700116
0,0,2002,2002-09-22,178,Wetterau,06,Hessen,zweitstimme,240425,192786,188404,4382,0.801855048351877,spd,,,,,,,0,,,,,0,,,,,0.000302541347317467,,,0.3801511645188,0.000567928494087174,0,0,,,0,,,,,0,,0,,,0,0.0881191482134137,0,,,,,,0.00182586356977559,0.0989787902592302,0,,,,0,,,0.0105995626419821,,,,,,,,,,0.00959109148425723,0.000583851722893357,,,0.00213902040296384,,,,0,,,,,0.00519097259081548,0.00622067472028195,,0.390395108384111,,,,,0.00533428165007112,,,,0,,,,0,0,0.3801511645188
0,0,2002,2002-09-22,179,Rheingau-Taunus - Limburg,06,Hessen,erststimme,218072,176590,172474,4116,0.809778421805642,cdu,,,,,,,0,,,,,0,,,,,0,,,0.473758363579438,0,0,0,,,0,,,,,0,,0,,,0,0.0577594304069019,0,,,,,,0,0.0552894929090762,0,,,,0,,,0.0102972042162877,,,,,,,,,,0,0,,,0,,,,0,,,,,0,0,,0.402895508888296,,,,,0,,,,0,,,,0,0,0.473758363579438
0,0,2002,2002-09-22,179,Rheingau-Taunus - Limburg,06,Hessen,zweitstimme,218072,176590,173592,2998,0.809778421805642,cdu,,,,,,,0,,,,,0,,,,,0.000449329462187198,,,0.430400018434029,0.000455090096317803,0,0,,,0,,,,,0,,0,,,0,0.0850442416701231,0,,,,,,0.00165906262961427,0.0950792663256371,0,,,,0,,,0.00942439743766994,,,,,,,,,,0.00268445550486198,0.000725839900456242,,,0.00134222775243099,,,,0,,,,,0.00679754827411401,0.00629061247062077,,0.354549748836352,,,,,0.00509816120558551,,,,0,,,,0,0,0.430400018434029
0,0,2002,2002-09-22,180,Wiesbaden,06,Hessen,erststimme,186838,143782,140757,3025,0.769554373307357,spd,,,,,,,0,,,,,0,,,,,0.00498021412789417,,,0.399532527689564,0,0,0,,,0,,,,,0,,0,,,0,0.0554999040900275,0,,,,,,0,0.0545052821529302,0,,,,0,,,0.0124327742137158,,,,,,,,,,0,0,,,0,,,,0,,,,,0,0,,0.473049297725868,,,,,0,,,,0,,,,0,0,0.399532527689564
0,0,2002,2002-09-22,180,Wiesbaden,06,Hessen,zweitstimme,186838,143782,141365,2417,0.769554373307357,spd,,,,,,,0,,,,,0,,,,,0.00120963463374951,,,0.361150213985074,0.00060128037350122,0,0,,,0,,,,,0,,0,,,0,0.0865348565769462,0,,,,,,0.00188165387472147,0.13868354967637,0,,,,0,,,0.0144802461712588,,,,,,,,,,0.00181091500725073,0.000721536448201464,,,0.00175432391327415,,,,0,,,,,0.00972659427722562,0.00874332401938245,,0.368082622997206,,,,,0.00461924804583879,,,,0,,,,0,0,0.361150213985074
0,0,2002,2002-09-22,181,Hanau,06,Hessen,erststimme,237956,191145,187300,3845,0.803278757417338,spd,,,,,,,0,,,,,0,,,,,0,,,0.398852108916177,0,0,0,,,0,,,,,0,,0,,,0,0.0515750133475707,0,,,,,,0,0.0469353977576081,0,,,,0,,,0.0105178857447944,,,,,,,,,,0,0,,,0,,,,0,,,,,0.0194927923117993,0,,0.47262680192205,,,,,0,,,,0,,,,0,0,0.398852108916177
0,0,2002,2002-09-22,181,Hanau,06,Hessen,zweitstimme,237956,191145,187161,3984,0.803278757417338,spd,,,,,,,0,,,,,0,,,,,0.000374009542586329,,,0.381500419424987,0.000790763032896811,0,0,,,0,,,,,0,,0,,,0,0.0826026789769236,0,,,,,,0.00178990281094886,0.0936519894636169,0,,,,0,,,0.01266289451328,,,,,,,,,,0.00222802827512142,0.000731990104776102,,,0.00130369040558663,,,,0,,,,,0.0120805082255384,0.00665736985803666,,0.396679863860527,,,,,0.00694589150517469,,,,0,,,,0,0,0.381500419424987
0,0,2002,2002-09-22,182,Main-Taunus,06,Hessen,erststimme,193631,163517,160574,2943,0.844477382237349,cdu,,,,,,,0,,,,,0,,,,,0,,,0.497764270678939,0,0,0,,,0,,,,,0,,0,,,0,0.0637213994793678,0,,,,,,0,0.0711323128277305,0,,,,0,,,0.0107863041339196,,,,,,,,,,0,0,,,0,,,,0,,,,,0,0,,0.356595712880043,,,,,0,,,,0,,,,0,0,0.497764270678939
0,0,2002,2002-09-22,182,Main-Taunus,06,Hessen,zweitstimme,193631,163517,161147,2370,0.844477382237349,cdu,,,,,,,0,,,,,0,,,,,0.000291659168336984,,,0.429967669270914,0.00059572936511384,0,0,,,0,,,,,0,,0,,,0,0.107901481256244,0,,,,,,0.00178718809534152,0.115248810092648,0,,,,0,,,0.0102639205197739,,,,,,,,,,0.00228362923293639,0.000899799561890696,,,0.000949443675650183,,,,0,,,,,0.00624274730525545,0.00540500288556411,,0.313186097165942,,,,,0.00497682240438854,,,,0,,,,0,0,0.429967669270914
0,0,2002,2002-09-22,183,Frankfurt am Main I,06,Hessen,erststimme,182930,138514,135605,2909,0.75719674192314,spd,,,,,,,0,,,,,0,,,,,0.00112090262158475,,,0.359286162014675,0,0,0,,,0,,,,,0,,0,,,0,0.0591349876479481,0,,,,,,0,0.0898049481951256,0,,,,0,,,0.018531765052911,,,,,,,,,,0.00621658493418384,0,,,0,,,,0,,,,,0,0.0126249032115335,,0.442653294495041,,,,,0.0106264518269975,,,,0,,,,0,0,0.359286162014675
0,0,2002,2002-09-22,183,Frankfurt am Main I,06,Hessen,zweitstimme,182930,138514,136085,2429,0.75719674192314,spd,,,,,,,0,,,,,0,,,,,0.0006393063159055,,,0.335488848881214,0.000404159165227615,0,0,,,0,,,,,0,,0,,,0,0.0814637910129699,0,,,,,,0.00234412315832017,0.175390381011868,0,,,,0,,,0.0256604328177242,,,,,,,,,,0.00430613219678877,0.000793621633537862,,,0.00124187088951758,,,,0,,,,,0.00665025535510894,0.0103758680236617,,0.348150053275526,,,,,0.00709115626262997,,,,0,,,,0,0,0.335488848881214
0,0,2002,2002-09-22,184,Frankfurt am Main II,06,Hessen,erststimme,200796,157015,154405,2610,0.781962788103349,spd,,,,,,,0,,,,,0,,,,,0.000777176904892976,,,0.353822738900942,0,0,0,,,0,,,,,0,,0,,,0,0.0433729477672355,0,,,,,,0,0.204442861306305,0,,,,0,,,0.0199540170331272,,,,,,,,,,0,0,,,0,,,,0,,,,,0,0.0113144004404002,,0.356465140377578,,,,,0.00985071726951847,,,,0,,,,0,0,0.353822738900942
0,0,2002,2002-09-22,184,Frankfurt am Main II,06,Hessen,zweitstimme,200796,157015,154489,2526,0.781962788103349,spd,,,,,,,0,,,,,0,,,,,0.000511363268582229,,,0.327298383703694,0.000414268977079274,0,0,,,0,,,,,0,,0,,,0,0.0865886891623352,0,,,,,,0.00230437118500346,0.193606017256892,0,,,,0,,,0.0239369793318618,,,,,,,,,,0.00267332949271469,0.000699078898821275,,,0.00119749626186978,,,,0,,,,,0.00590333292337966,0.00838247383308844,,0.339428697188797,,,,,0.00705551851588139,,,,0,,,,0,0,0.327298383703694
0,0,2002,2002-09-22,185,Groß-Gerau,06,Hessen,erststimme,169053,136988,133494,3494,0.810325755828054,spd,,,,,,,0,,,,,0,,,,,0,,,0.351491452799377,0,0,0,,,0,,,,,0,,0,,,0,0.0535379867259952,0,,,,,,0,0.0748722789039208,0,,,,0,,,0.0183753576939788,,,,,,,,,,0,0,,,0,,,,0,,,,,0,0,,0.501722923876729,,,,,0,,,,0,,,,0,0,0.351491452799377
0,0,2002,2002-09-22,185,Groß-Gerau,06,Hessen,zweitstimme,169053,136988,134082,2906,0.810325755828054,spd,,,,,,,0,,,,,0,,,,,0.000529526707537179,,,0.322750257305231,0.00064139854715771,0,0,,,0,,,,,0,,0,,,0,0.0779075491117376,0,,,,,,0.0022896436509002,0.114161483271431,0,,,,0,,,0.0138944824808699,,,,,,,,,,0.00293850032069927,0.000790560999985084,,,0.00175265882072165,,,,0,,,,,0.0137676943959666,0.00573529631121254,,0.436553750689876,,,,,0.00628719738667383,,,,0,,,,0,0,0.322750257305231
0,0,2002,2002-09-22,186,Offenbach,06,Hessen,erststimme,221942,176190,172449,3741,0.79385605248218,spd,,,,,,,0,,,,,0,,,,,0,,,0.430028588162297,0,0,0,,,0,,,,,0,,0,,,0,0.0583476854026408,0,,,,,,0,0.0528504079466973,0,,,,0,,,0.0135344362681141,,,,,,,,,,0.0107684010924969,0,,,0,,,,0,,,,,0,0,,0.434470481127754,,,,,0,,,,0,,,,0,0,0.430028588162297
0,0,2002,2002-09-22,186,Offenbach,06,Hessen,zweitstimme,221942,176190,172980,3210,0.79385605248218,spd,,,,,,,0,,,,,0,,,,,0.000375765984506879,,,0.391496126719852,0.000687940802404902,0,0,,,0,,,,,0,,0,,,0,0.0884495317377732,0,,,,,,0.00209850849809227,0.119857787027402,0,,,,0,,,0.0148398658804486,,,,,,,,,,0.00352641923921841,0.000901838362816511,,,0.00110995490808186,,,,0,,,,,0.00743438547808995,0.00904150768875014,,0.354462943692913,,,,,0.00571742397965083,,,,0,,,,0,0,0.391496126719852
0,0,2002,2002-09-22,187,Darmstadt,06,Hessen,erststimme,229095,185863,181889,3974,0.811292258669984,spd,,,,,,,0,,,,,0,,,,,0,,,0.359521466388842,0,0,0,,,0,,,,,0,,0,,,0,0.046006080631594,0,,,,,,0.00552534787700191,0.0811209034081225,0,,,,0,,,0.0116224730467483,,,,,,,,,,0,0,,,0,,,,0,,,,,0,0,,0.484036967601119,,,,,0.0121667610465724,,,,0,,,,0,0,0.359521466388842
0,0,2002,2002-09-22,187,Darmstadt,06,Hessen,zweitstimme,229095,185863,182392,3471,0.811292258669984,spd,,,,,,,0,,,,,0,,,,,0.000438615728760033,,,0.320096276152463,0.000625027413483048,0,0,,,0,,,,,0,,0,,,0,0.0800144743190491,0,,,,,,0.00252752313697969,0.15814290100443,0,,,,0,,,0.0158778893811132,,,,,,,,,,0.00302644852844423,0.000679854379578052,,,0.00216566516075266,,,,0,,,,,0.00456708627571385,0.00469867099434186,,0.400998947322251,,,,,0.00614062020264047,,,,0,,,,0,0,0.320096276152463
0,0,2002,2002-09-22,188,Odenwald,06,Hessen,erststimme,231299,189584,184494,5090,0.819649025719956,spd,,,,,,,0,,,,,0,,,,,0,,,0.412165165262827,0.00544733162054051,0,0,,,0,,,,,0,,0,,,0,0.0619261330991794,0,,,,,,0,0.0509826877838846,0,,,,0,,,0.013149479115852,,,,,,,,,,0,0,,,0,,,,0,,,,,0,0,,0.456329203117717,,,,,0,,,,0,,,,0,0,0.412165165262827
0,0,2002,2002-09-22,188,Odenwald,06,Hessen,zweitstimme,231299,189584,185750,3834,0.819649025719956,spd,,,,,,,0,,,,,0,,,,,0.000387617765814266,,,0.38742934051144,0.0013835800807537,0,0,,,0,,,,,0,,0,,,0,0.0798923283983849,0,,,,,,0.00178196500672948,0.096393001345895,0,,,,0,,,0.0113485868102288,,,,,,,,,,0.00293405114401077,0.000662180349932705,,,0.00171197846567968,,,,0,,,,,0.00810767160161507,0.00534589502018843,,0.39664602960969,,,,,0.00597577388963661,,,,0,,,,0,0,0.38742934051144
0,0,2002,2002-09-22,189,Bergstraße,06,Hessen,erststimme,196599,158915,155499,3416,0.808320489931282,spd,,,,,,,0,,,,,0,,,,,0,,,0.43432433649091,0,0,0,,,0,,,,,0,,0,,,0,0.0434858101981363,0,,,,,,0.00456594576170908,0.0415693991601232,0,,,,0,,,0.00792931144251732,,,,,,,,,,0,0,,,0,,,,0,,,,,0,0,,0.452691014090123,,,,,0.0126560299423147,,,,0,,,,0,0.00277815291416665,0.43432433649091
0,0,2002,2002-09-22,189,Bergstraße,06,Hessen,zweitstimme,196599,158915,155794,3121,0.808320489931282,spd,,,,,,,0,,,,,0,,,,,0.000372286480865759,,,0.39158760927892,0.000763829159017677,0,0,,,0,,,,,0,,0,,,0,0.0792392518325481,0,,,,,,0.00252256184448695,0.0922628599304209,0,,,,0,,,0.00920446230278445,,,,,,,,,,0.00236209353376895,0.000616198313157118,,,0.00238134973105511,,,,0,,,,,0.00984633554565644,0.00444818157310294,,0.396870226067756,,,,,0.00752275440645981,,,,0,,,,0,0,0.39158760927892
0,0,2002,2002-09-22,190,Eichsfeld - Nordhausen,16,Thüringen,erststimme,168250,127837,125810,2027,0.759803863298663,cdu,,,,,,,0,,,,,0,,,,,0,,,0.412765280979254,0,0,0,,,0,,,,,0,,0,,,0,0.0510611239170177,0,,,,,,0,0.0248231460138304,0,,,,0,,,0.151037278435736,,,,,,,,,,0,0.0145298465940704,,,0,,,,0,,,,,0,0,,0.345783324060091,,,,,0,,,,0,,,,0,0,0.412765280979254
0,0,2002,2002-09-22,190,Eichsfeld - Nordhausen,16,Thüringen,zweitstimme,168250,127837,126093,1744,0.759803863298663,cdu,,,,,,,0,,,,,0,,,,,0,,,0.380116263392893,0,0,0,,,0,,,,,0,,0,,,0,0.0578937768155251,0,,,,,,0.00253780939465315,0.0337607956032452,0,,,,0,,,0.128674866963273,,,,,,,,,,0.00692346125478813,0.00575765506411934,,,0,,,,0,,,,,0.00559111132259523,0.0105398396421689,,0.368204420546739,,,,,0,,,,0,,,,0,0,0.380116263392893
0,0,2002,2002-09-22,191,Eisenach - Wartburgkreis - Unstrut-Hainich-Kreis I,16,Thüringen,erststimme,185691,138303,135843,2460,0.74480184823174,spd,,,,,,,0,,,,,0,,,,,0,,,0.326987772649308,0,0,0,,,0,,,,,0,,0,,,0,0.0534293265019177,0,,,,,,0,0.0329129951488115,0,,,,0,,,0.160803280257356,,,,,,,,,,0,0,,,0,,,,0,,,,,0,0,,0.425866625442607,,,,,0,,,,0,,,,0,0,0.326987772649308
0,0,2002,2002-09-22,191,Eisenach - Wartburgkreis - Unstrut-Hainich-Kreis I,16,Thüringen,zweitstimme,185691,138303,136346,1957,0.74480184823174,spd,,,,,,,0,,,,,0,,,,,0,,,0.301108943423349,0,0,0,,,0,,,,,0,,0,,,0,0.0564593020697344,0,,,,,,0.00335910111041028,0.0381529344461884,0,,,,0,,,0.151826969621404,,,,,,,,,,0.00765699030407933,0.0018482390389157,,,0,,,,0,,,,,0.00762765317647749,0.0149399322312352,,0.417019934578206,,,,,0,,,,0,,,,0,0,0.301108943423349
0,0,2002,2002-09-22,192,Kyffhäuserkreis - Sömmerda - Unstrut-Hainich-Kreis II,16,Thüringen,erststimme,205199,150325,147352,2973,0.732581542795043,spd,,,,,,,0,,,,,0,,,,,0,,,0.306789185080623,0,0,0,,,0,,,,,0,,0,,,0,0.0598634562136924,0,,,,,,0,0.0243837884792877,0,,,,0,,,0.179230685704979,,,,,,,,,,0,0,,,0,,,,0,,,,,0,0,,0.429732884521418,,,,,0,,,,0,,,,0,0,0.306789185080623
0,0,2002,2002-09-22,192,Kyffhäuserkreis - Sömmerda - Unstrut-Hainich-Kreis II,16,Thüringen,zweitstimme,205199,150325,147694,2631,0.732581542795043,spd,,,,,,,0,,,,,0,,,,,0,,,0.295827860305767,0,0,0,,,0,,,,,0,,0,,,0,0.0572738229041126,0,,,,,,0.00339214863163026,0.0333865966119138,0,,,,0,,,0.168422549324956,,,,,,,,,,0.00889677305780871,0.00148956626538654,,,0,,,,0,,,,,0.00773220306850651,0.013514428480507,,0.410064051349412,,,,,0,,,,0,,,,0,0,0.295827860305767
0,0,2002,2002-09-22,193,Gotha - Ilm-Kreis,16,Thüringen,erststimme,220101,166006,162720,3286,0.754226468757525,spd,,,,,,,0,,,,,0,,,,,0,,,0.308204277286136,0,0,0,,,0,,,,,0,,0,,,0,0.0649766470009833,0,,,,,,0,0.0295845624385447,0,,,,0,,,0.178871681415929,,,,,,,,,,0,0,,,0,,,,0,,,,,0,0,,0.418362831858407,,,,,0,,,,0,,,,0,0,0.308204277286136
0,0,2002,2002-09-22,193,Gotha - Ilm-Kreis,16,Thüringen,zweitstimme,220101,166006,163665,2341,0.754226468757525,spd,,,,,,,0,,,,,0,,,,,0,,,0.299092658784713,0,0,0,,,0,,,,,0,,0,,,0,0.0580026273179971,0,,,,,,0.00484526319005285,0.0386215745577857,0,,,,0,,,0.161971099502032,,,,,,,,,,0.00796138453548407,0.00237069623926924,,,0,,,,0,,,,,0.00747869122903492,0.014981822625485,,0.404674182018147,,,,,0,,,,0,,,,0,0,0.299092658784713
0,0,2002,2002-09-22,194,Erfurt,16,Thüringen,erststimme,161977,121524,119612,1912,0.750254665785883,spd,,,,,,,0,,,,,0,,,,,0,,,0.276544159448885,0,0,0,,,0,,,,,0,,0.00729023843761495,,,0,0.0420108350332743,0,,,,,,0,0.0461742968932883,0,,,,0,,,0.207462461960338,,,,,,,,,,0,0,,,0,,,,0,,,,,0,0,,0.420518008226599,,,,,0,,,,0,,,,0,0,0.276544159448885
0,0,2002,2002-09-22,194,Erfurt,16,Thüringen,zweitstimme,161977,121524,120183,1341,0.750254665785883,spd,,,,,,,0,,,,,0,,,,,0,,,0.243570222077998,0,0,0,,,0,,,,,0,,0,,,0,0.0540342644134362,0,,,,,,0.00557483171496801,0.0683041694748841,0,,,,0,,,0.190259853723072,,,,,,,,,,0.00539177753925264,0.00177229724669878,,,0,,,,0,,,,,0.00582445104548896,0.0153848714044416,,0.40988326135976,,,,,0,,,,0,,,,0,0,0.243570222077998
0,0,2002,2002-09-22,195,Jena - Weimar - Weimarer Land,16,Thüringen,erststimme,204557,156448,153756,2692,0.764813719403394,spd,,,,,,,0,,,,,0,,,,,0,,,0.262656416660163,0,0,0,,,0,,,,,0,,0,,,0,0.0723028694815162,0,,,,,,0,0.0522516194489971,0,,,,0,,,0.168669840526549,,,,,,,,,,0,0,,,0,,,,0,,,,,0,0,,0.444119253882775,,,,,0,,,,0,,,,0,0,0.262656416660163
0,0,2002,2002-09-22,195,Jena - Weimar - Weimarer Land,16,Thüringen,zweitstimme,204557,156448,154509,1939,0.764813719403394,spd,,,,,,,0,,,,,0,,,,,0,,,0.257933194830075,0,0,0,,,0,,,,,0,,0,,,0,0.0653489440744552,0,,,,,,0.00449811985062359,0.0789533295795067,0,,,,0,,,0.165446673009339,,,,,,,,,,0.00731996194396443,0.00191574600832314,,,0,,,,0,,,,,0.0112614799137914,0.0116368625775845,,0.395685688212337,,,,,0,,,,0,,,,0,0,0.257933194830075
0,0,2002,2002-09-22,196,Gera - Saale-Holzland-Kreis,16,Thüringen,erststimme,166101,125039,122929,2110,0.752788965749755,spd,,,,,,,0,,,,,0,,,,,0,,,0.271010095258239,0,0,0,,,0,,,,,0,,0,,,0,0.06264591756217,0,,,,,,0,0.029537375232858,0,,,,0,,,0.250518592032799,,,,,,,,,,0.0206541987651409,0,,,0,,,,0,,,,,0,0,,0.365633821148793,,,,,0,,,,0,,,,0,0,0.271010095258239
0,0,2002,2002-09-22,196,Gera - Saale-Holzland-Kreis,16,Thüringen,zweitstimme,166101,125039,123343,1696,0.752788965749755,spd,,,,,,,0,,,,,0,,,,,0,,,0.263598258514873,0,0,0,,,0,,,,,0,,0,,,0,0.0606114655878323,0,,,,,,0.00662380516121709,0.0372538368614352,0,,,,0,,,0.201065321907202,,,,,,,,,,0.0159311837720827,0.00173499914871537,,,0,,,,0,,,,,0.00569955327825657,0.012801699326269,,0.394679876442117,,,,,0,,,,0,,,,0,0,0.263598258514873
0,0,2002,2002-09-22,197,Greiz - Altenburger Land,16,Thüringen,erststimme,194424,143780,140926,2854,0.73951775500967,spd,,,,,,,0,,,,,0,,,,,0,,,0.332160140783106,0,0,0,,,0,,,,,0,,0,,,0,0.0732724976228659,0,,,,,,0,0.0293416402934874,0,,,,0,,,0.175205426961668,,,,,,,,,,0,0,,,0,,,,0,,,,,0,0,,0.390020294338873,,,,,0,,,,0,,,,0,0,0.332160140783106
0,0,2002,2002-09-22,197,Greiz - Altenburger Land,16,Thüringen,zweitstimme,194424,143780,141583,2197,0.73951775500967,spd,,,,,,,0,,,,,0,,,,,0,,,0.304782353813664,0,0,0,,,0,,,,,0,,0,,,0,0.0663073956619086,0,,,,,,0.00490878142149834,0.0334785955941038,0,,,,0,,,0.162434755585063,,,,,,,,,,0.0130947924538963,0.00184344165613103,,,0,,,,0,,,,,0.00832727092941949,0.0129040915929172,,0.391918521291398,,,,,0,,,,0,,,,0,0,0.304782353813664
0,0,2002,2002-09-22,198,Sonneberg - Saalfeld-Rudolstadt - Saale-Orla-Kreis,16,Thüringen,erststimme,243395,181757,178744,3013,0.746757328622199,spd,,,,,,,0,,,,,0,,,,,0,,,0.312083202792821,0,0,0,,,0,,,,,0,,0.00720024168643423,,,0,0.0566956093631115,0,,,,,,0,0.0228818869444569,0,,,,0,,,0.185063554580853,,,,,,,,,,0,0,,,0,,,,0,,,,,0,0,,0.416075504632323,,,,,0,,,,0,,,,0,0,0.312083202792821
0,0,2002,2002-09-22,198,Sonneberg - Saalfeld-Rudolstadt - Saale-Orla-Kreis,16,Thüringen,zweitstimme,243395,181757,179210,2547,0.746757328622199,spd,,,,,,,0,,,,,0,,,,,0,,,0.297678700965348,0,0,0,,,0,,,,,0,,0,,,0,0.0548406896936555,0,,,,,,0.00345404832319625,0.0324647062105909,0,,,,0,,,0.176809329836505,,,,,,,,,,0.0125495229060878,0.00169075386418169,,,0,,,,0,,,,,0.00957535851793985,0.0103677250153451,,0.40056916466715,,,,,0,,,,0,,,,0,0,0.297678700965348
0,0,2002,2002-09-22,199,Suhl - Schmalkalden-Meiningen - Hildburghausen,16,Thüringen,erststimme,215683,159322,156546,2776,0.73868594186839,spd,,,,,,,0,,,,,0,,,,,0,,,0.319184137569788,0,0,0,,,0,,,,,0,,0,,,0,0.0481903082799944,0,,,,,,0,0.0254941039694403,0,,,,0,,,0.251127464131948,,,,,,,,,,0,0,,,0,,,,0,,,,,0,0,,0.356003986048829,,,,,0,,,,0,,,,0,0,0.319184137569788
0,0,2002,2002-09-22,199,Suhl - Schmalkalden-Meiningen - Hildburghausen,16,Thüringen,zweitstimme,215683,159322,157073,2249,0.73868594186839,spd,,,,,,,0,,,,,0,,,,,0,,,0.295378581933241,0,0,0,,,0,,,,,0,,0,,,0,0.0550635691684758,0,,,,,,0.00268028241645604,0.0351874606074882,0,,,,0,,,0.188230949940474,,,,,,,,,,0.00758246165795522,0.0016616477688718,,,0,,,,0,,,,,0.00763339339033443,0.0100144518790626,,0.396567201237641,,,,,0,,,,0,,,,0,0,0.295378581933241
0,0,2002,2002-09-22,200,Neuwied,07,Rheinland-Pfalz,erststimme,241016,192672,189512,3160,0.799415806419491,spd,,,,,,,0,,,,,0,,,,,0,,,0.442979864071932,0,0,0,,,0,,,,,0,,0,,,0,0.0586664696694668,0,,,,,,0,0.0305574317193634,0,,,,0,,,0.0100099202161341,,,,,,,,,,0,0,,,0.00868546582802144,,,,0,,,,,0,0,,0.449100848495082,,,,,0,,,,0,,,,0,0,0.442979864071932
0,0,2002,2002-09-22,200,Neuwied,07,Rheinland-Pfalz,zweitstimme,241016,192672,190028,2644,0.799415806419491,spd,,,,,,,0,,,,,0,,,,,0,,,0.417648978045341,0,0,0,,,0,,,,,0,,0,,,0,0.0906287494474499,0,,,,,,0,0.0700844086134675,0,,,,0,,,0.0095091249710569,,,,,,,,,,0.00258909213379081,0.000978803123750184,,,0.00649904224640579,,,,0,,,,,0.0045782726756057,0.00506767423748079,,0.385390574020671,,,,,0.00702528048498116,,,,0,,,,0,0,0.417648978045341
0,0,2002,2002-09-22,201,Ahrweiler,07,Rheinland-Pfalz,erststimme,191068,152366,148582,3784,0.797443841982959,cdu,,,,,,,0,,,,,0,,,,,0,,,0.482736805265779,0,0,0,,,0,,,,,0,,0,,,0,0.0940221561158148,0,,,,,,0,0,0,,,,0,,,0,,,,,,,,,,0,0,,,0,,,,0,,,,,0,0,,0.423241038618406,,,,,0,,,,0,,,,0,0,0.482736805265779
0,0,2002,2002-09-22,201,Ahrweiler,07,Rheinland-Pfalz,zweitstimme,191068,152366,150140,2226,0.797443841982959,cdu,,,,,,,0,,,,,0,,,,,0,,,0.461082989210071,0,0,0,,,0,,,,,0,,0,,,0,0.098474756893566,0,,,,,,0,0.0739509790861862,0,,,,0,,,0.007885973091781,,,,,,,,,,0.00265085919808179,0.00165845211136273,,,0.00199147462368456,,,,0,,,,,0.00428932995870521,0.00458238976954842,,0.336978819768216,,,,,0.00645397628879712,,,,0,,,,0,0,0.461082989210071
0,0,2002,2002-09-22,202,Koblenz,07,Rheinland-Pfalz,erststimme,195810,155023,152103,2920,0.791701138859098,cdu,,,,,,,0,,,,,0,,,,,0,,,0.441273347665727,0,0,0,,,0,,,,,0,,0,,,0,0.0629441891349941,0,,,,,,0,0.0493021176439649,0,,,,0,,,0.00959218424357179,,,,,,,,,,0,0.00589731957949547,,,0,,,,0,,,,,0,0,,0.430990841732247,,,,,0,,,,0,,,,0,0,0.441273347665727
0,0,2002,2002-09-22,202,Koblenz,07,Rheinland-Pfalz,zweitstimme,195810,155023,153005,2018,0.791701138859098,cdu,,,,,,,0,,,,,0,,,,,0,,,0.409607529165714,0,0,0,,,0,,,,,0,,0,,,0,0.0895134145942943,0,,,,,,0,0.0804418156269403,0,,,,0,,,0.00968595797522957,,,,,,,,,,0.00243782882912323,0.00176464821411065,,,0.00197379170615339,,,,0,,,,,0.00412404823371785,0.00509133688441554,,0.389366360576452,,,,,0.00599326819384987,,,,0,,,,0,0,0.409607529165714
0,0,2002,2002-09-22,203,Mosel/Rhein-Hunsrück,07,Rheinland-Pfalz,erststimme,179555,145190,141530,3660,0.808610175155245,cdu,,,,,,,0,,,,,0,,,,,0,,,0.488278103582279,0,0,0,,,0,,,,,0,,0,,,0,0.113149155656045,0,,,,,,0,0.0493322970394969,0,,,,0,,,0,,,,,,,,,,0,0,,,0,,,,0,,,,,0,0,,0.349240443722179,,,,,0,,,,0,,,,0,0,0.488278103582279
0,0,2002,2002-09-22,203,Mosel/Rhein-Hunsrück,07,Rheinland-Pfalz,zweitstimme,179555,145190,142877,2313,0.808610175155245,cdu,,,,,,,0,,,,,0,,,,,0,,,0.464952371620345,0,0,0,,,0,,,,,0,,0,,,0,0.108743884600041,0,,,,,,0,0.0616404319799548,0,,,,0,,,0.00845482477935567,,,,,,,,,,0.0031775583193936,0.00111284531450128,,,0.00277161474555037,,,,0,,,,,0.00480833164190178,0.00450037444795173,,0.332425792814799,,,,,0.00741196973620667,,,,0,,,,0,0,0.464952371620345
0,0,2002,2002-09-22,204,Kreuznach,07,Rheinland-Pfalz,erststimme,191397,149008,144661,4347,0.778528399086715,spd,,,,,,,0,,,,,0,,,,,0,,,0.400529513828883,0,0,0,,,0,,,,,0,,0,,,0,0.0707447065898895,0,,,,,,0,0.0386904556169251,0,,,,0,,,0.0142332764186616,,,,,,,,,,0,0,,,0,,,,0,,,,,0,0,,0.470610599954376,,,,,0,,,,0,,,,0,0.0051914475912651,0.400529513828883
0,0,2002,2002-09-22,204,Kreuznach,07,Rheinland-Pfalz,zweitstimme,191397,149008,145762,3246,0.778528399086715,spd,,,,,,,0,,,,,0,,,,,0,,,0.36427875577997,0,0,0,,,0,,,,,0,,0,,,0,0.101535379591389,0,,,,,,0,0.0715412796202028,0,,,,0,,,0.0104210974053594,,,,,,,,,,0.00415746216435011,0.00128977374075548,,,0.00209931257803817,,,,0,,,,,0.0090901606728777,0.00466513906230705,,0.423107531455386,,,,,0.00781410792936431,,,,0,,,,0,0,0.36427875577997
0,0,2002,2002-09-22,205,Bitburg,07,Rheinland-Pfalz,erststimme,168254,134022,130772,3250,0.796545698764963,cdu,,,,,,,0,,,,,0,,,,,0,,,0.522741871348607,0,0,0,,,0,,,,,0,,0,,,0,0.0708714403694981,0,,,,,,0,0.0494218945951733,0,,,,0,,,0,,,,,,,,,,0,0,,,0,,,,0,,,,,0,0,,0.356964793686722,,,,,0,,,,0,,,,0,0,0.522741871348607
0,0,2002,2002-09-22,205,Bitburg,07,Rheinland-Pfalz,zweitstimme,168254,134022,131931,2091,0.796545698764963,cdu,,,,,,,0,,,,,0,,,,,0,,,0.483851407174963,0,0,0,,,0,,,,,0,,0,,,0,0.0962018024573451,0,,,,,,0,0.0650870530807771,0,,,,0,,,0.00675353025445119,,,,,,,,,,0.00351698994171196,0.00137192926605574,,,0.00211474179684835,,,,0,,,,,0.00473732481372839,0.00416126611637902,,0.324790989229218,,,,,0.00741296586852218,,,,0,,,,0,0,0.483851407174963
0,0,2002,2002-09-22,206,Trier,07,Rheinland-Pfalz,erststimme,183493,145225,142536,2689,0.791447085174911,spd,,,,,,,0,,,,,0,,,,,0,,,0.413369254083179,0,0,0,,,0,,,,,0,,0,,,0,0.0540284559690184,0,,,,,,0,0.0625245552000898,0,,,,0,,,0.00981506426446652,,,,,,,,,,0.00753493854184206,0,,,0,,,,0,,,,,0,0,,0.436598473368132,,,,,0,,,,0,,,,0,0.0161292585732727,0.413369254083179
0,0,2002,2002-09-22,206,Trier,07,Rheinland-Pfalz,zweitstimme,183493,145225,143112,2113,0.791447085174911,spd,,,,,,,0,,,,,0,,,,,0,,,0.38558611437196,0,0,0,,,0,,,,,0,,0,,,0,0.0836896975795181,0,,,,,,0,0.0980910056459277,0,,,,0,,,0.0100899994409973,,,,,,,,,,0.00519872547375482,0.00124378109452736,,,0.00194952205265806,,,,0,,,,,0.00384314383140477,0.00322824081838001,,0.399959472301414,,,,,0.00712029738945721,,,,0,,,,0,0,0.38558611437196
0,0,2002,2002-09-22,207,Montabaur,07,Rheinland-Pfalz,erststimme,209140,168795,165366,3429,0.807090943865353,cdu,,,,,,,0,,,,,0,,,,,0,,,0.459405198166491,0,0,0,,,0,,,,,0,,0,,,0,0.0763397554515439,0,,,,,,0,0.0597341654269923,0,,,,0,,,0.0120218182697773,,,,,,,,,,0,0,,,0.00801252978242202,,,,0,,,,,0,0,,0.384486532902773,,,,,0,,,,0,,,,0,0,0.459405198166491
0,0,2002,2002-09-22,207,Montabaur,07,Rheinland-Pfalz,zweitstimme,209140,168795,166367,2428,0.807090943865353,cdu,,,,,,,0,,,,,0,,,,,0,,,0.421730271027307,0,0,0,,,0,,,,,0,,0,,,0,0.0924702615302314,0,,,,,,0,0.0657582333034797,0,,,,0,,,0.00927467586720924,,,,,,,,,,0.00384691675632788,0.000877577885037297,,,0.00489279724945452,,,,0,,,,,0.00599878581689878,0.00557802929667542,,0.382533795764785,,,,,0.00703865550259366,,,,0,,,,0,0,0.421730271027307
0,0,2002,2002-09-22,208,Mainz,07,Rheinland-Pfalz,erststimme,234462,192698,190096,2602,0.821873054055668,spd,,,,,,,0,,,,,0,,,,,0.00172018348623853,,,0.363889824088881,0,0,0,,,0,,,,,0,,0,,,0,0.111280616109755,0,,,,,,0,0.077718626378251,0,,,,0,,,0.010894495412844,,,,,,,,,,0,0.00835367393317061,,,0,,,,0,,,,,0.0143138203854894,0,,0.41182876020537,,,,,0,,,,0,,,,0,0,0.363889824088881
0,0,2002,2002-09-22,208,Mainz,07,Rheinland-Pfalz,zweitstimme,234462,192698,190628,2070,0.821873054055668,spd,,,,,,,0,,,,,0,,,,,0,,,0.361137923075309,0,0,0,,,0,,,,,0,,0,,,0,0.0995026963510083,0,,,,,,0,0.123701659777158,0,,,,0,,,0.0132561848206979,,,,,,,,,,0.00184652831693141,0.00383469374908198,,,0.00143735442852047,,,,0,,,,,0.0107434374803282,0.00460058333508194,,0.373743626329815,,,,,0.00619531233606815,,,,0,,,,0,0,0.361137923075309
0,0,2002,2002-09-22,209,Worms,07,Rheinland-Pfalz,erststimme,195114,157318,153602,3716,0.806287606219953,spd,,,,,,,0,,,,,0,,,,,0,,,0.368719157302639,0,0,0,,,0,,,,,0,,0,,,0,0.0838465644978581,0,,,,,,0,0.0565878048462911,0,,,,0,,,0,,,,,,,,,,0,0,,,0,,,,0,,,,,0,0,,0.490846473353212,,,,,0,,,,0,,,,0,0,0.368719157302639
0,0,2002,2002-09-22,209,Worms,07,Rheinland-Pfalz,zweitstimme,195114,157318,154864,2454,0.806287606219953,spd,,,,,,,0,,,,,0,,,,,0,,,0.35898594896167,0,0,0,,,0,,,,,0,,0,,,0,0.0982281227399525,0,,,,,,0,0.0822399008162,0,,,,0,,,0.010822399008162,,,,,,,,,,0.00505604917863416,0.00114939559871888,,,0.00298972001239798,,,,0,,,,,0.0113260667424321,0.00698677549333609,,0.41302691393739,,,,,0.00918870751110652,,,,0,,,,0,0,0.35898594896167
0,0,2002,2002-09-22,210,Ludwigshafen/Frankenthal,07,Rheinland-Pfalz,erststimme,215320,172136,169005,3131,0.799442689949842,spd,,,,,,,0,,,,,0,,,,,0,,,0.408792639271027,0,0,0,,,0,,,,,0,,0,,,0,0.054169994970563,0,,,,,,0,0.0402295790065383,0,,,,0,,,0.011674210822165,,,,,,,,,,0.0121889884914648,0,,,0,,,,0,,,,,0,0,,0.472944587438242,,,,,0,,,,0,,,,0,0,0.408792639271027
0,0,2002,2002-09-22,210,Ludwigshafen/Frankenthal,07,Rheinland-Pfalz,zweitstimme,215320,172136,169601,2535,0.799442689949842,spd,,,,,,,0,,,,,0,,,,,0,,,0.374484820254598,0,0,0,,,0,,,,,0,,0,,,0,0.0816858391165146,0,,,,,,0,0.0767094533640722,0,,,,0,,,0.0112676222427934,,,,,,,,,,0.00556600491742384,0.00112617260511436,,,0.002464608109622,,,,0,,,,,0.01674518428547,0.00788910442745031,,0.41325817654377,,,,,0.00880301413317138,,,,0,,,,0,0,0.374484820254598
0,0,2002,2002-09-22,211,Neustadt - Speyer,07,Rheinland-Pfalz,erststimme,217054,177855,173850,4005,0.819404387848185,cdu,,,,,,,0,,,,,0,,,,,0,,,0.442415875754961,0,0,0,,,0,,,,,0,,0,,,0,0.0715962036238136,0,,,,,,0,0.0524072476272649,0,,,,0,,,0,,,,,,,,,,0,0,,,0,,,,0,,,,,0,0,,0.429744032211677,,,,,0,,,,0,,,,0,0.00383664078228358,0.442415875754961
0,0,2002,2002-09-22,211,Neustadt - Speyer,07,Rheinland-Pfalz,zweitstimme,217054,177855,175180,2675,0.819404387848185,cdu,,,,,,,0,,,,,0,,,,,0,,,0.403191003539217,0,0,0,,,0,,,,,0,,0,,,0,0.0930871104007307,0,,,,,,0,0.0926761045781482,0,,,,0,,,0.010252311907752,,,,,,,,,,0.00383605434410321,0.00178673364539331,,,0.0033051718232675,,,,0,,,,,0.0154241351752483,0.0064619248772691,,0.360777486014385,,,,,0.00920196369448567,,,,0,,,,0,0,0.403191003539217
0,0,2002,2002-09-22,212,Kaiserslautern,07,Rheinland-Pfalz,erststimme,235024,181694,177113,4581,0.773087003880455,spd,,,,,,,0,,,,,0,,,,,0,,,0.365512412979284,0,0,0,,,0,,,,,0,,0,,,0,0.0688261166599854,0,,,,,,0,0.050137482849932,0,,,,0,,,0.0167746015255797,,,,,,,,,,0,0,,,0,,,,0,,,,,0,0,,0.498749385985219,,,,,0,,,,0,,,,0,0,0.365512412979284
0,0,2002,2002-09-22,212,Kaiserslautern,07,Rheinland-Pfalz,zweitstimme,235024,181694,178121,3573,0.773087003880455,spd,,,,,,,0,,,,,0,,,,,0,,,0.333806794257836,0,0,0,,,0,,,,,0,,0,,,0,0.0860819330679706,0,,,,,,0,0.0767624255421876,0,,,,0,,,0.0113293772211025,,,,,,,,,,0.00746122018178654,0.0013137137114658,,,0.00318884353894263,,,,0,,,,,0.0145406774046856,0.00768578662819095,,0.447291447948305,,,,,0.010537780497527,,,,0,,,,0,0,0.333806794257836
0,0,2002,2002-09-22,213,Pirmasens,07,Rheinland-Pfalz,erststimme,188666,149155,144359,4796,0.790576998505295,cdu,,,,,,,0,,,,,0,,,,,0,,,0.451291571706648,0,0,0,,,0,,,,,0,,0,,,0,0.0728738769318158,0,,,,,,0,0.0367694428473459,0,,,,0,,,0.0200610976800892,,,,,,,,,,0,0,,,0,,,,0,,,,,0,0,,0.419004010834101,,,,,0,,,,0,,,,0,0,0.451291571706648
0,0,2002,2002-09-22,213,Pirmasens,07,Rheinland-Pfalz,zweitstimme,188666,149155,145690,3465,0.790576998505295,cdu,,,,,,,0,,,,,0,,,,,0,,,0.420797583911044,0,0,0,,,0,,,,,0,,0,,,0,0.0857642940490082,0,,,,,,0,0.0572928821470245,0,,,,0,,,0.0105154780698744,,,,,,,,,,0.00641087240030201,0.00227881117441142,,,0.00494200013727778,,,,0,,,,,0.0209279978035555,0.00774246688173519,,0.37270231313062,,,,,0.0106253002951472,,,,0,,,,0,0,0.420797583911044
0,0,2002,2002-09-22,214,Südpfalz,07,Rheinland-Pfalz,erststimme,205703,168303,165203,3100,0.818184469842443,cdu,,,,,,,0,,,,,0,,,,,0,,,0.434840771656689,0,0,0,,,0,,,,,0,,0,,,0,0.0771717220631587,0,,,,,,0,0.0551019049290872,0,,,,0,,,0.0105446027009195,,,,,,,,,,0.0141341258935976,0,,,0.00765119277494961,,,,0,,,,,0,0,,0.400555679981598,,,,,0,,,,0,,,,0,0,0.434840771656689
0,0,2002,2002-09-22,214,Südpfalz,07,Rheinland-Pfalz,zweitstimme,205703,168303,165480,2823,0.818184469842443,cdu,,,,,,,0,,,,,0,,,,,0,,,0.409076625574088,0,0,0,,,0,,,,,0,,0,,,0,0.093660865361373,0,,,,,,0,0.0817863185883491,0,,,,0,,,0.0094331641285956,,,,,,,,,,0.00686487793086778,0.00258037225042301,,,0.00476794778825236,,,,0,,,,,0.0129139473048103,0.00687092095721537,,0.362357988880832,,,,,0.00968697123519459,,,,0,,,,0,0,0.409076625574088
0,0,2002,2002-09-22,215,Altötting,09,Bayern,erststimme,247852,204334,201699,2635,0.824419411584333,csu,,,,,,,0,,,,,0,,,,,0,,,0,0,0.657038458296769,0,,,0,,,,,0,,0,,,0,0.0328955522833529,0,,,,,,0,0.0505951938284275,0,,,,0,,,0.00827470636939202,,,,,,,,,,0,0,,,0,,,,0,,,,,0,0,,0.247909012935116,,,,,0,,,,0,,,,0,0.00328707628694242,0.657038458296769
0,0,2002,2002-09-22,215,Altötting,09,Bayern,zweitstimme,247852,204334,202924,1410,0.824419411584333,csu,,,,,,,0.00061106621198084,,,,,0.00178391910271826,,,,,0.000285821292700716,,,0,0.000798328438233033,0.653234708560841,0,,,0.00106443791764404,,,,,0,,0,,,0,0.0428239143718831,0,,,,,,0.000808184344877885,0.0688484358676155,0,,,,0,,,0.00607616644655142,,,,,,,,,,0.00182827068262009,0.00351363071888983,,,0.000645561885237823,,,,0,,,,,0.00701247757781238,0.00214858764857779,,0.205175336579212,,,,,0.00334115235260492,,,,0,,,,0,0,0.653234708560841
0,0,2002,2002-09-22,216,Freising,09,Bayern,erststimme,245476,203047,199943,3104,0.8271562189379,csu,,,,,,,0,,,,,0,,,,,0,,,0,0,0.626548566341407,0,,,0,,,,,0,,0,,,0,0.0553757820978979,0,,,,,,0,0.0622177320536353,0,,,,0,,,0.00954271967510741,,,,,,,,,,0,0.017364949010468,,,0,,,,0,,,,,0,0,,0.228950250821484,,,,,0,,,,0,,,,0,0,0.626548566341407
0,0,2002,2002-09-22,216,Freising,09,Bayern,zweitstimme,245476,203047,201934,1113,0.8271562189379,csu,,,,,,,0.00041102538453158,,,,,0.00135687898026088,,,,,0.000138659165866075,,,0,0.000415977497598225,0.633409926015431,0,,,0.000960709934929234,,,,,0,,0,,,0,0.0451137500371408,0,,,,,,0.000836907108263096,0.0742222706428833,0,,,,0,,,0.00686362871037072,,,,,,,,,,0.00153515505066012,0.00525419196371092,,,0.000817098655996514,,,,0,,,,,0.00647736389117236,0.00209969594025771,,0.21713034952014,,,,,0.00295641150078739,,,,0,,,,0,0,0.633409926015431
0,0,2002,2002-09-22,217,Fürstenfeldbruck,09,Bayern,erststimme,238437,201675,198970,2705,0.845820908667698,csu,,,,,,,0,,,,,0,,,,,0,,,0,0,0.593541739960798,0,,,0,,,,,0,,0,,,0,0.0422928079609991,0,,,,,,0,0.0706639191837966,0,,,,0,,,0.00885058048952103,,,,,,,,,,0,0.0119465246016987,,,0,,,,0,,,,,0,0,,0.272704427803186,,,,,0,,,,0,,,,0,0,0.593541739960798
0,0,2002,2002-09-22,217,Fürstenfeldbruck,09,Bayern,zweitstimme,238437,201675,200441,1234,0.845820908667698,csu,,,,,,,0.00101276684909774,,,,,0.00131709580375273,,,,,0.000179603973239008,,,0,0.000439031934584242,0.580654656482456,0,,,0.000917975863221596,,,,,0,,0,,,0,0.05069322144671,0,,,,,,0.00109259083720397,0.101610947859969,0,,,,0,,,0.00657051202099371,,,,,,,,,,0.00109259083720397,0.00331269550640837,,,0.00078327288329234,,,,0,,,,,0.00628115006410864,0.0019257537130627,,0.238568955453226,,,,,0.00354717847147041,,,,0,,,,0,0,0.580654656482456
0,0,2002,2002-09-22,218,Ingolstadt,09,Bayern,erststimme,240121,193458,190888,2570,0.80566880864231,csu,,,,,,,0,,,,,0,,,,,0,,,0,0,0.653257407485017,0,,,0,,,,,0,,0,,,0,0.0256904572314656,0,,,,,,0,0.0627331209924144,0,,,,0,,,0.010901680566615,,,,,,,,,,0,0.0100058673148653,,,0,,,,0,,,,,0,0,,0.237411466409622,,,,,0,,,,0,,,,0,0,0.653257407485017
0,0,2002,2002-09-22,218,Ingolstadt,09,Bayern,zweitstimme,240121,193458,191820,1638,0.80566880864231,csu,,,,,,,0.00051089563132103,,,,,0.00124595975393598,,,,,0.000140756959649672,,,0,0.000453550203315608,0.626722969450527,0,,,0.000854968199353561,,,,,0,,0,,,0,0.03572098842665,0,,,,,,0.000636012928787405,0.0558335939943697,0,,,,0,,,0.00600563027838599,,,,,,,,,,0.00186633302054009,0.00411323115420707,,,0.000990511938275467,,,,0,,,,,0.00568762381399229,0.00191325200708998,,0.254936920029194,,,,,0.00236680221040559,,,,0,,,,0,0,0.626722969450527
0,0,2002,2002-09-22,219,München-Nord,09,Bayern,erststimme,203053,159323,157808,1515,0.784637508433759,spd,,,,,,,0,,,,,0,,,,,0.00211649599513333,,,0,0,0.432722041975058,0,,,0,,,,,0,,0,,,0,0.0421714995437494,0,,,,,,0,0.0707441954780493,0,,,,0,,,0.00906164453006185,,,,,,,,,,0,0.00825686910676265,,,0,,,,0,,,,,0,0,,0.434927253371185,,,,,0,,,,0,,,,0,0,0.432722041975058
0,0,2002,2002-09-22,219,München-Nord,09,Bayern,zweitstimme,203053,159323,158376,947,0.784637508433759,spd,,,,,,,0.000650351063292418,,,,,0.0010418245188665,,,,,0.000530383391422943,,,0,0.000435672071525989,0.434188260847603,0,,,0.00102919634288023,,,,,0,,0,,,0,0.0615686720210133,0,,,,,,0.00145855432641309,0.163149719654493,0,,,,0,,,0.0129628226498965,,,,,,,,,,0.00159115017426883,0.00300550588473001,,,0.000385159367580947,,,,0,,,,,0.00395261908369955,0.0024814365813002,,0.306934131434056,,,,,0.00463454058695762,,,,0,,,,0,0,0.434188260847603
0,0,2002,2002-09-22,220,München-Ost,09,Bayern,erststimme,217262,175917,174167,1750,0.809699809446659,csu,,,,,,,0,,,,,0,,,,,0.00380094966325423,,,0,0,0.452938846050055,0,,,0,,,,,0,,0,,,0,0.069806564963512,0,,,,,,0,0.0874677751812915,0,,,,0,,,0.0097664884851895,,,,,,,,,,0,0,,,0,,,,0,,,,,0,0,,0.376219375656697,,,,,0,,,,0,,,,0,0,0.452938846050055
0,0,2002,2002-09-22,220,München-Ost,09,Bayern,zweitstimme,217262,175917,175024,893,0.809699809446659,csu,,,,,,,0.000868452326538075,,,,,0.00116555443824847,,,,,0.00066276624920011,,,0,0.000399945150379377,0.459062757107597,0,,,0.000828457811500137,,,,,0,,0,,,0,0.0670765152207697,0,,,,,,0.00140552152847609,0.152761906938477,0,,,,0,,,0.0115869823567054,,,,,,,,,,0.00137695401773471,0.00242823841301764,,,0.000491361184751806,,,,0,,,,,0.00383947344364202,0.0025367949538349,,0.289280327269403,,,,,0.00422799158972484,,,,0,,,,0,0,0.459062757107597
0,0,2002,2002-09-22,221,München-Süd,09,Bayern,erststimme,200604,162031,160311,1720,0.807715698590257,csu,,,,,,,0.00370529782734809,,,,,0,,,,,0.00144094915507981,,,0,0,0.443824815514843,0,,,0,,,,,0,,0,,,0,0.0426920173911959,0,,,,,,0,0.0776864968717056,0,,,,0,,,0.00907610831446376,,,,,,,,,,0,0.00720474577539907,,,0,,,,0,,,,,0,0,,0.414369569149965,,,,,0,,,,0,,,,0,0,0.443824815514843
0,0,2002,2002-09-22,221,München-Süd,09,Bayern,zweitstimme,200604,162031,161233,798,0.807715698590257,csu,,,,,,,0.00112880117593793,,,,,0.00125904746546923,,,,,0.00045276091122785,,,0,0.000446558706964455,0.45571936266149,0,,,0.000930330639509282,,,,,0,,0,,,0,0.0594853410902235,0,,,,,,0.00156915767863899,0.149913479250526,0,,,,0,,,0.0127889451911209,,,,,,,,,,0.00186686348328196,0.00297085584216631,,,0.000824893167031563,,,,0,,,,,0.00398181513709973,0.00275998089721087,,0.299479635062301,,,,,0.00442217163980079,,,,0,,,,0,0,0.45571936266149
0,0,2002,2002-09-22,222,München-West/Mitte,09,Bayern,erststimme,216927,175739,174213,1526,0.810129674959779,csu,,,,,,,0.00501684719280421,,,,,0,,,,,0.00148668583859988,,,0,0,0.443204582895651,0,,,0,,,,,0,,0,,,0,0.043584577499957,0,,,,,,0,0.0839374788333821,0.000935636261358222,,,,0,,,0.010418281069725,,,,,,,,,,0,0,,,0,,,,0,,,,,0,0,,0.410112907762337,,,,,0,,,,0,,,,0,0.00130300264618599,0.443204582895651
0,0,2002,2002-09-22,222,München-West/Mitte,09,Bayern,zweitstimme,216927,175739,174858,881,0.810129674959779,csu,,,,,,,0.00169280215946654,,,,,0.00129819625067197,,,,,0.000434638392295463,,,0,0.00056045476901257,0.435896556062634,0,,,0.00105228242345217,,,,,0,,0,,,0,0.0580242253714443,0,,,,,,0.00158414256139267,0.177892918825561,0,,,,0,,,0.0136282011689485,,,,,,,,,,0.0016756453808233,0.0029452470004232,,,0.000669114367086436,,,,0,,,,,0.00350570176943577,0.00251632753434215,,0.292334351302199,,,,,0.00428919466081049,,,,0,,,,0,0,0.435896556062634
0,0,2002,2002-09-22,223,München-Land,09,Bayern,erststimme,248648,213830,211916,1914,0.859970721662752,csu,,,,,,,0,,,,,0,,,,,0,,,0,0,0.556088261386587,0,,,0,,,,,0,,0,,,0,0.0459474508767625,0,,,,,,0,0.061061930198758,0,,,,0,,,0.00693199192132732,,,,,,,,,,0,0.0091970403367372,,,0,,,,0,,,,,0,0,,0.320773325279828,,,,,0,,,,0,,,,0,0,0.556088261386587
0,0,2002,2002-09-22,223,München-Land,09,Bayern,zweitstimme,248648,213830,212807,1023,0.859970721662752,csu,,,,,,,0.000690766751093714,,,,,0.00128285253774547,,,,,0.000216158303063339,,,0,0.000366529296498705,0.557162123426391,0,,,0.000963314176695315,,,,,0,,0,,,0,0.0669197911722829,0,,,,,,0.00109958788949612,0.107068846419526,0,,,,0,,,0.00713792309463504,,,,,,,,,,0.00147081627953968,0.00353371834573111,,,0.000437015699671533,,,,0,,,,,0.00407881319693431,0.0020347075049223,,0.24209729943094,,,,,0.003439736474834,,,,0,,,,0,0,0.557162123426391
0,0,2002,2002-09-22,224,Rosenheim,09,Bayern,erststimme,216569,177041,174808,2233,0.817480802884993,csu,,,,,,,0,,,,,0,,,,,0.00180769758821107,,,0,0,0.631138163013134,0,,,0,,,,,0,,0,,,0,0.0367431696489863,0,,,,,,0.00429042149100728,0.0638300306622123,0,,,,0,,,0.00460505240034781,,,,,,,,,,0,0.0150507985904535,,,0,,,,0,,,,,0.0210173447439476,0,,0.2215173218617,,,,,0,,,,0,,,,0,0,0.631138163013134
0,0,2002,2002-09-22,224,Rosenheim,09,Bayern,zweitstimme,216569,177041,176057,984,0.817480802884993,csu,,,,,,,0.00055663790704147,,,,,0.0025957502399791,,,,,0.000590717778901151,,,0,0.000641837586690674,0.646813247982188,0,,,0.000812236945989083,,,,,0,,0,,,0,0.0449683909188501,0,,,,,,0.00145407453267976,0.0763786728161902,0,,,,0,,,0.00570269855785342,,,,,,,,,,0.00101103619850389,0.00566293870735046,,,0.000863356753778606,,,,0,,,,,0.0105022805114253,0.00140863470353351,,0.196487501206995,,,,,0.00354998665205019,,,,0,,,,0,0,0.646813247982188
0,0,2002,2002-09-22,225,Starnberg,09,Bayern,erststimme,247902,211399,208941,2458,0.852752297278763,csu,,,,,,,0,,,,,0,,,,,0,,,0,0,0.633226604639587,0,,,0,,,,,0,,0,,,0,0.0687753959251655,0,,,,,,0.00484825859931751,0.0553314093452219,0,,,,0,,,0.00732742735987671,,,,,,,,,,0,0.0107255158154694,,,0,,,,0,,,,,0,0,,0.219765388315362,,,,,0,,,,0,,,,0,0,0.633226604639587
0,0,2002,2002-09-22,225,Starnberg,09,Bayern,zweitstimme,247902,211399,210159,1240,0.852752297278763,csu,,,,,,,0.000775603233742072,,,,,0.0014417655203917,,,,,0.000152265665519916,,,0,0.000456796996559748,0.629118905209865,0,,,0.00081366965012205,,,,,0,,0,,,0,0.0568617094675936,0,,,,,,0.00139418249991673,0.0958322032365971,0,,,,0,,,0.00568141264471186,,,,,,,,,,0.00149886514496167,0.00363058446224049,,,0.0005424464334147,,,,0,,,,,0.00260279121998106,0.00174153854938404,,0.194547937513978,,,,,0.00290732255102089,,,,0,,,,0,0,0.629118905209865
0,0,2002,2002-09-22,226,Traunstein,09,Bayern,erststimme,204009,166863,164626,2237,0.817919797655986,csu,,,,,,,0,,,,,0,,,,,0.00337127792693742,,,0,0,0.689793835724612,0,,,0,,,,,0,,0,,,0,0.0249778285325526,0,,,,,,0,0.0637870081275133,0,,,,0,,,0.00526040844095101,,,,,,,,,,0,0,,,0,,,,0,,,,,0.0126711455055702,0,,0.200138495741863,,,,,0,,,,0,,,,0,0,0.689793835724612
0,0,2002,2002-09-22,226,Traunstein,09,Bayern,zweitstimme,204009,166863,165495,1368,0.817919797655986,csu,,,,,,,0.00051965316172694,,,,,0.00283996495362398,,,,,0.000749267349466751,,,0,0.001081603673827,0.672842079821143,0,,,0.000851989486087193,,,,,0,,0,,,0,0.0363334239705127,0,,,,,,0.000870116921961389,0.0694945466630412,0,,,,0,,,0.0051965316172694,,,,,,,,,,0.00134143025469047,0.00407263059306928,,,0.00173419136529805,,,,0,,,,,0.00777062751140518,0.00167980905767546,,0.189341067705973,,,,,0.0032810658932294,,,,0,,,,0,0,0.672842079821143
0,0,2002,2002-09-22,227,Weilheim,09,Bayern,erststimme,238479,199441,196510,2931,0.836304244818202,csu,,,,,,,0,,,,,0.0156124370261055,,,,,0,,,0,0,0.634944786524859,0,,,0,,,,,0,,0,,,0,0.0395247061218259,0,,,,,,0,0.078235204315302,0,,,,0,,,0,,,,,,,,,,0,0,,,0.00550099231591268,,,,0,,,,,0,0,,0.226181873695995,,,,,0,,,,0,,,,0,0,0.634944786524859
0,0,2002,2002-09-22,227,Weilheim,09,Bayern,zweitstimme,238479,199441,198373,1068,0.836304244818202,csu,,,,,,,0.000791438350985265,,,,,0.00346317291163616,,,,,0.000156271266755052,,,0,0.000438567748635147,0.64263281797422,0,,,0.00105861180705035,,,,,0,,0,,,0,0.0460496136066904,0,,,,,,0.000912422557505306,0.0779188700075111,0,,,,0,,,0.00579715989575194,,,,,,,,,,0.00181980410640561,0.00472342506288658,,,0.00141148240940047,,,,0,,,,,0.00365977224723123,0.00204664949363069,,0.203671870667883,,,,,0.00344804988582116,,,,0,,,,0,0,0.64263281797422
0,0,2002,2002-09-22,228,Deggendorf,09,Bayern,erststimme,152670,117641,116344,1297,0.770557411410231,csu,,,,,,,0,,,,,0,,,,,0,,,0,0,0.689180361686034,0,,,0,,,,,0,,0,,,0,0.0198119370143712,0,,,,,,0,0.028699374269408,0,,,,0,,,0,,,,,,,,,,0,0,,,0,,,,0,,,,,0.0218060235164684,0,,0.240502303513718,,,,,0,,,,0,,,,0,0,0.689180361686034
0,0,2002,2002-09-22,228,Deggendorf,09,Bayern,zweitstimme,152670,117641,116853,788,0.770557411410231,csu,,,,,,,0.000376541466629013,,,,,0.00229347984219489,,,,,9.41353666572531e-05,,,0,0.000470676833286266,0.709395565368454,0,,,0.000847218299915278,,,,,0,,0,,,0,0.0310903442787092,0,,,,,,0.000616158763574748,0.0340170984056892,0,,,,0,,,0.0035429128905548,,,,,,,,,,0.00222501775735326,0.00417618717533996,,,0.00105260455444019,,,,0,,,,,0.0114331681685537,0.00206242030585436,,0.19408145276544,,,,,0.00222501775735326,,,,0,,,,0,0,0.709395565368454
0,0,2002,2002-09-22,229,Landshut,09,Bayern,erststimme,236680,192222,188921,3301,0.812159878316715,csu,,,,,,,0,,,,,0,,,,,0,,,0,0,0.657428237199676,0,,,0,,,,,0,,0,,,0,0.0502379301401115,0,,,,,,0,0.059358144409568,0,,,,0,,,0,,,,,,,,,,0,0,,,0,,,,0,,,,,0,0,,0.232975688250644,,,,,0,,,,0,,,,0,0,0.657428237199676
0,0,2002,2002-09-22,229,Landshut,09,Bayern,zweitstimme,236680,192222,191016,1206,0.812159878316715,csu,,,,,,,0.00051828119110441,,,,,0.00117791179796457,,,,,0.000109938434476693,,,0,0.000444988901453281,0.671702893998409,0,,,0.00118838212505759,,,,,0,,0,,,0,0.0362430372324831,0,,,,,,0.00084286133098798,0.0561733048540436,0,,,,0,,,0.00528228001842778,,,,,,,,,,0.00270657955354525,0.00502575700464883,,,0.000575867990116011,,,,0,,,,,0.00444988901453281,0.00238199941366168,,0.207762700506764,,,,,0.00341332663232399,,,,0,,,,0,0,0.671702893998409
0,0,2002,2002-09-22,230,Passau,09,Bayern,erststimme,182945,141905,139887,2018,0.775670283418514,csu,,,,,,,0,,,,,0,,,,,0,,,0,0,0.648065938936427,0,,,0,,,,,0,,0,,,0,0.0836317885150157,0,,,,,,0,0.0385882891190747,0,,,,0,,,0.00705569495378413,,,,,,,,,,0,0.0205808974386469,,,0,,,,0,,,,,0,0,,0.202077391037051,,,,,0,,,,0,,,,0,0,0.648065938936427
0,0,2002,2002-09-22,230,Passau,09,Bayern,zweitstimme,182945,141905,140829,1076,0.775670283418514,csu,,,,,,,0.000426048612146646,,,,,0.00112192801198617,,,,,0.000106512153036661,,,0,0.000475754283563755,0.674768691107655,0,,,0.000781089122268851,,,,,0,,0,,,0,0.0384366856258299,0,,,,,,0.000717181830446854,0.0421504093617082,0,,,,0,,,0.00432439341328846,,,,,,,,,,0.00220125116275767,0.00669606402090479,,,0.000731383450851742,,,,0,,,,,0.00518359144778419,0.00226515845457967,,0.216929751684667,,,,,0.00268410625652387,,,,0,,,,0,0,0.674768691107655
0,0,2002,2002-09-22,231,Rottal-Inn,09,Bayern,erststimme,159275,126217,123538,2679,0.792447025584681,csu,,,,,,,0,,,,,0,,,,,0,,,0,0,0.730350175654455,0,,,0,,,,,0,,0,,,0,0.0353737311596432,0,,,,,,0,0.0572941119331704,0,,,,0,,,0,,,,,,,,,,0,0,,,0,,,,0,,,,,0,0,,0.176981981252732,,,,,0,,,,0,,,,0,0,0.730350175654455
0,0,2002,2002-09-22,231,Rottal-Inn,09,Bayern,zweitstimme,159275,126217,125217,1000,0.792447025584681,csu,,,,,,,0.000535071116541684,,,,,0.00144549062826932,,,,,0.000207639537762444,,,0,0.000686807701829624,0.728231789613231,0,,,0.00106215609701558,,,,,0,,0,,,0,0.0304032200100625,0,,,,,,0.000606946341151761,0.0350671234736497,0,,,,0,,,0.00383334531253744,,,,,,,,,,0.00273924467125071,0.00544654479823027,,,0.000415279075524889,,,,0,,,,,0.00520696071619668,0.00279514762372521,,0.178514099523228,,,,,0.002803133759793,,,,0,,,,0,0,0.728231789613231
0,0,2002,2002-09-22,232,Straubing,09,Bayern,erststimme,170415,134641,132674,1967,0.790077164568847,csu,,,,,,,0,,,,,0,,,,,0,,,0,0,0.746333117264875,0,,,0,,,,,0,,0,,,0,0.028664244689992,0,,,,,,0,0.0357115938314968,0,,,,0,,,0,,,,,,,,,,0,0,,,0,,,,0,,,,,0,0,,0.189291044213636,,,,,0,,,,0,,,,0,0,0.746333117264875
0,0,2002,2002-09-22,232,Straubing,09,Bayern,zweitstimme,170415,134641,133664,977,0.790077164568847,csu,,,,,,,0.00033666507062485,,,,,0.00165339956906871,,,,,7.48144601388556e-05,,,0,0.00033666507062485,0.723403459420637,0,,,0.000882810629638497,,,,,0,,0,,,0,0.0275092769930572,0,,,,,,0.000635922911180273,0.029357194158487,0,,,,0,,,0.00335168781422073,,,,,,,,,,0.00383798180512329,0.00747396456787168,,,0.000426442422791477,,,,0,,,,,0.00669589418242758,0.0019676203016519,,0.189609767775916,,,,,0.00244643284654058,,,,0,,,,0,0,0.723403459420637
0,0,2002,2002-09-22,233,Amberg,09,Bayern,erststimme,210365,173471,170601,2870,0.824619114396406,csu,,,,,,,0,,,,,0.00661778066951542,,,,,0,,,0,0,0.604322366222941,0,,,0,,,,,0,,0,,,0,0.0383350625142877,0,,,,,,0,0.0454979748067127,0,,,,0,,,0.00702223316393222,,,,,,,,,,0,0.0119870340736572,,,0,,,,0,,,,,0,0,,0.286217548548953,,,,,0,,,,0,,,,0,0,0.604322366222941
0,0,2002,2002-09-22,233,Amberg,09,Bayern,zweitstimme,210365,173471,171858,1613,0.824619114396406,csu,,,,,,,0.000389856742194137,,,,,0.00126267034412131,,,,,9.31001175388984e-05,,,0,0.000576056977271934,0.63503008297548,0,,,0.00114047643985151,,,,,0,,0,,,0,0.034819443959548,0,,,,,,0.000674975852157013,0.0471028407173364,0,,,,0,,,0.00501576883240815,,,,,,,,,,0.00230422790908774,0.0036425420987094,,,0.00128594537350603,,,,0,,,,,0.00428842416413551,0.00222858406358738,,0.257247262274669,,,,,0.00289774115839821,,,,0,,,,0,0,0.63503008297548
0,0,2002,2002-09-22,234,Regensburg,09,Bayern,erststimme,231583,187335,184824,2511,0.808932434591486,csu,,,,,,,0,,,,,0.00677942258581137,,,,,0.00185581959052937,,,0,0,0.598504523222092,0,,,0,,,,,0,,0,,,0,0.0375925204518894,0,,,,,,0,0.0543435917413323,0,,,,0,,,0.00831601956455872,,,,,,,,,,0,0.0200190451456521,,,0,,,,0,,,,,0,0,,0.272589057698134,,,,,0,,,,0,,,,0,0,0.598504523222092
0,0,2002,2002-09-22,234,Regensburg,09,Bayern,zweitstimme,231583,187335,185800,1535,0.808932434591486,csu,,,,,,,0.000252960172228202,,,,,0.00188374596340151,,,,,0.000301399354144241,,,0,0.000398277717976319,0.600441334768568,0,,,0.000801937567276642,,,,,0,,0,,,0,0.036200215285253,0,,,,,,0.00073735199138859,0.0826426264800861,0,,,,0,,,0.00700753498385361,,,,,,,,,,0.00255651237890205,0.00615177610333692,,,0.000834230355220667,,,,0,,,,,0.00421959095801938,0.00164155005382131,,0.250662002152853,,,,,0.00326695371367061,,,,0,,,,0,0,0.600441334768568
0,0,2002,2002-09-22,235,Schwandorf,09,Bayern,erststimme,214154,171904,169159,2745,0.802712067017193,csu,,,,,,,0,,,,,0,,,,,0,,,0,0,0.668974160405299,0,,,0,,,,,0,,0,,,0,0.0207615320497284,0,,,,,,0,0.0257331859374908,0,,,,0,,,0,,,,,,,,,,0,0.0160145188845997,,,0,,,,0,,,,,0,0,,0.268516602722882,,,,,0,,,,0,,,,0,0,0.668974160405299
0,0,2002,2002-09-22,235,Schwandorf,09,Bayern,zweitstimme,214154,171904,170209,1695,0.802712067017193,csu,,,,,,,0.00036425805920956,,,,,0.00135715502705497,,,,,7.63766898342626e-05,,,0,0.00048763578894183,0.673877409537686,0,,,0.00101052235780717,,,,,0,,0,,,0,0.0248929257559824,0,,,,,,0.00054638708881434,0.0334412398874325,0,,,,0,,,0.00382470962170038,,,,,,,,,,0.00255568154445417,0.00397746300136891,,,0.000722640988431869,,,,0,,,,,0.00544624549818165,0.00182716542603505,,0.242748620813236,,,,,0.00284356291382947,,,,0,,,,0,0,0.673877409537686
0,0,2002,2002-09-22,236,Weiden,09,Bayern,erststimme,172997,143152,140947,2205,0.827482557500997,csu,,,,,,,0,,,,,0.009272989137761,,,,,0,,,0,0,0.591846580629598,0,,,0,,,,,0,,0,,,0,0.0193689826672437,0,,,,,,0,0.024711416347989,0,,,,0,,,0,,,,,,,,,,0,0,,,0,,,,0,,,,,0,0,,0.354800031217408,,,,,0,,,,0,,,,0,0,0.591846580629598
0,0,2002,2002-09-22,236,Weiden,09,Bayern,zweitstimme,172997,143152,141925,1227,0.827482557500997,csu,,,,,,,0.000493218249075216,,,,,0.00186718337149903,,,,,9.15976748282544e-05,,,0,0.000542540073982737,0.612668663026246,0,,,0.000923022723269332,,,,,0,,0,,,0,0.0300440373436674,0,,,,,,0.00070459749867888,0.0356737713581117,0,,,,0,,,0.00417826316716576,,,,,,,,,,0.00220539017086489,0.00255064294521754,,,0.000507310199048793,,,,0,,,,,0.00438964241676942,0.00249427514532323,,0.297946098291351,,,,,0.00271974634490048,,,,0,,,,0,0,0.612668663026246
0,0,2002,2002-09-22,237,Bamberg,09,Bayern,erststimme,170527,138017,136166,1851,0.809355703202425,csu,,,,,,,0,,,,,0,,,,,0,,,0,0,0.607089875593026,0,,,0,,,,,0,,0,,,0,0.0393343419062027,0,,,,,,0,0.0906320226782016,0,,,,0,,,0.00657285959784381,,,,,,,,,,0,0,,,0,,,,0,,,,,0.0194541956141768,0,,0.234985238605819,,,,,0,,,,0,,,,0,0.00193146600472952,0.607089875593026
0,0,2002,2002-09-22,237,Bamberg,09,Bayern,zweitstimme,170527,138017,137169,848,0.809355703202425,csu,,,,,,,0.000692576310974054,,,,,0.00108625126668562,,,,,0.000196837477855784,,,0,0.000488448556160649,0.609233864794524,0,,,0.00122476652888043,,,,,0,,0,,,0,0.0425679271555526,0,,,,,,0.00111541237451611,0.0755491401118329,0,,,,0,,,0.006473765938368,,,,,,,,,,0.00233288862643892,0.0022599858568627,,,0.00192463311681211,,,,0,,,,,0.0104542571572294,0.00227456641077795,,0.238647216207744,,,,,0.00347746210878551,,,,0,,,,0,0,0.609233864794524
0,0,2002,2002-09-22,238,Bayreuth,09,Bayern,erststimme,164745,133853,132203,1650,0.812485963155179,csu,,,,,,,0,,,,,0,,,,,0,,,0,0,0.607368970446964,0,,,0,,,,,0,,0,,,0,0.0409219155389817,0,,,,,,0,0.0386678063281469,0,,,,0,,,0.00798771586121344,,,,,,,,,,0,0,,,0,,,,0,,,,,0.014076836380415,0,,0.290976755444279,,,,,0,,,,0,,,,0,0,0.607368970446964
0,0,2002,2002-09-22,238,Bayreuth,09,Bayern,zweitstimme,164745,133853,132821,1032,0.812485963155179,csu,,,,,,,0.000572198673402549,,,,,0.000602314393055315,,,,,0.00010540501878468,,,0,0.000293628266614466,0.583266200374941,0,,,0.00124980236558978,,,,,0,,0,,,0,0.0444056286280031,0,,,,,,0.000730306201579569,0.0588461162015043,0,,,,0,,,0.00574457352376507,,,,,,,,,,0.00191987712786382,0.00167895137064169,,,0.00205539786630126,,,,0,,,,,0.00862815368051739,0.00194246391760339,,0.285000112933949,,,,,0.00295886945588424,,,,0,,,,0,0,0.583266200374941
0,0,2002,2002-09-22,239,Coburg,09,Bayern,erststimme,164597,134420,132750,1670,0.816661300023694,csu,,,,,,,0,,,,,0,,,,,0,,,0,0,0.481679849340866,0,,,0,,,,,0,,0,,,0,0.036376647834275,0,,,,,,0,0.0295517890772128,0,,,,0,,,0.00726930320150659,,,,,,,,,,0,0,,,0,,,,0,,,,,0,0,,0.445122410546139,,,,,0,,,,0,,,,0,0,0.481679849340866
0,0,2002,2002-09-22,239,Coburg,09,Bayern,zweitstimme,164597,134420,133254,1166,0.816661300023694,csu,,,,,,,0.000495294700346706,,,,,0.000487790235189938,,,,,0.000105062512194756,,,0,0.000240142885016585,0.523473967010371,0,,,0.00105062512194756,,,,,0,,0,,,0,0.0423401924144866,0,,,,,,0.000765455445990364,0.0467378089963528,0,,,,0,,,0.00713674636408663,,,,,,,,,,0.00445014783796359,0.00165848679964579,,,0.001846098428565,,,,0,,,,,0.00423251834841731,0.0021762948954628,,0.359861617662509,,,,,0.00294175034145316,,,,0,,,,0,0,0.523473967010371
0,0,2002,2002-09-22,240,Hof,09,Bayern,erststimme,190359,151948,150030,1918,0.798218103688294,csu,,,,,,,0,,,,,0,,,,,0,,,0,0,0.53622608811571,0,,,0,,,,,0,,0,,,0,0.0277211224421782,0,,,,,,0.00405918816236753,0.0283476638005732,0,,,,0,,,0.00841165100313271,,,,,,,,,,0,0,,,0.00655202292874758,,,,0,,,,,0,0,,0.388682263547291,,,,,0,,,,0,,,,0,0,0.53622608811571
0,0,2002,2002-09-22,240,Hof,09,Bayern,zweitstimme,190359,151948,150479,1469,0.798218103688294,csu,,,,,,,0.000505053861336133,,,,,0.000830680692987061,,,,,0.000126263465334033,,,0,0.000352208613826514,0.532167279155231,0,,,0.00116295297018189,,,,,0,,0,,,0,0.0390087653426724,0,,,,,,0.00144870712856943,0.0443384126688774,0,,,,0,,,0.00727676287056666,,,,,,,,,,0.00209996079187129,0.00130250732660371,,,0.00415340346493531,,,,0,,,,,0.00861914287043375,0.00307684128682408,,0.349191581549585,,,,,0.00433947594016441,,,,0,,,,0,0,0.532167279155231
0,0,2002,2002-09-22,241,Kulmbach,09,Bayern,erststimme,172724,142871,140540,2331,0.827163567309697,csu,,,,,,,0,,,,,0,,,,,0,,,0,0,0.629742422086239,0,,,0,,,,,0,,0,,,0,0.0330866657179451,0,,,,,,0,0.0440728618186993,0,,,,0,,,0,,,,,,,,,,0,0,,,0.00664579479151843,,,,0,,,,,0,0,,0.286452255585598,,,,,0,,,,0,,,,0,0,0.629742422086239
0,0,2002,2002-09-22,241,Kulmbach,09,Bayern,zweitstimme,172724,142871,141852,1019,0.827163567309697,csu,,,,,,,0.000528720074443787,,,,,0.000902348927050729,,,,,7.7545610918422e-05,,,0,0.0004793728674957,0.611531737303669,0,,,0.001134985759806,,,,,0,,0,,,0,0.0365662803485323,0,,,,,,0.000648563291317711,0.0444406846572484,0,,,,0,,,0.00583002002086682,,,,,,,,,,0.00497701830076418,0.00154386261737586,,,0.00189634266700505,,,,0,,,,,0.00744437864816851,0.00243211234244142,,0.27630206130333,,,,,0.00326396525956631,,,,0,,,,0,0,0.611531737303669
0,0,2002,2002-09-22,242,Ansbach,09,Bayern,erststimme,239860,192319,189589,2730,0.801796881514217,csu,,,,,,,0,,,,,0,,,,,0,,,0,0,0.564104457537093,0,,,0,,,,,0,,0,,,0,0.0439055008465681,0,,,,,,0,0.0536845492090786,0,,,,0,,,0.00631893200554885,,,,,,,,,,0,0.0103381525299464,,,0.00664068063020534,,,,0,,,,,0.0139037602392544,0,,0.301103967002305,,,,,0,,,,0,,,,0,0,0.564104457537093
0,0,2002,2002-09-22,242,Ansbach,09,Bayern,zweitstimme,239860,192319,190717,1602,0.801796881514217,csu,,,,,,,0.000540067220017093,,,,,0.000744558691674051,,,,,0.000131084276703178,,,0,0.000435199798654551,0.563436924867736,0,,,0.00115354163498797,,,,,0,,0,,,0,0.0403477403692382,0,,,,,,0.000828452628764085,0.0667743305525989,0,,,,0,,,0.00554748659007849,,,,,,,,,,0.00267411924474483,0.00468757373490565,,,0.00392204155895909,,,,0,,,,,0.00783359637578192,0.00207113157191021,,0.296077434103934,,,,,0.00279471677931176,,,,0,,,,0,0,0.563436924867736
0,0,2002,2002-09-22,243,Erlangen,09,Bayern,erststimme,170096,142615,141214,1401,0.838438293669457,csu,,,,,,,0,,,,,0,,,,,0,,,0,0,0.492614046765901,0,,,0,,,,,0,,0,,,0,0.0407608310790715,0,,,,,,0,0.0501933236081408,0,,,,0,,,0.00688317022391548,,,,,,,,,,0,0.00753466370189925,,,0.00372484314586372,,,,0,,,,,0,0,,0.395888509637855,,,,,0,,,,0,,,,0,0.00240061183735324,0.492614046765901
0,0,2002,2002-09-22,243,Erlangen,09,Bayern,zweitstimme,170096,142615,141787,828,0.838438293669457,csu,,,,,,,0.000536015290541446,,,,,0.000507803959460317,,,,,0.000169267986486772,,,0,0.000282113310811287,0.479211775409593,0,,,0.000945079591217813,,,,,0,,0,,,0,0.0537002687129285,0,,,,,,0.000888656929055555,0.106667042817748,0,,,,0,,,0.00788506703717548,,,,,,,,,,0.00281408027534259,0.00335009556588404,,,0.00198184600844929,,,,0,,,,,0.0038014768631821,0.00184078935304365,,0.332357691466778,,,,,0.00306092942230247,,,,0,,,,0,0,0.479211775409593
0,0,2002,2002-09-22,244,Fürth,09,Bayern,erststimme,241620,195623,193260,2363,0.809630825262809,csu,,,,,,,0,,,,,0,,,,,0,,,0,0,0.534808030632309,0,,,0,,,,,0,,0,,,0,0.0386732898685708,0,,,,,,0,0.050931387767774,0,,,,0,,,0.0102245679395633,,,,,,,,,,0,0,,,0,,,,0,,,,,0,0,,0.365362723791783,,,,,0,,,,0,,,,0,0,0.534808030632309
0,0,2002,2002-09-22,244,Fürth,09,Bayern,zweitstimme,241620,195623,194167,1456,0.809630825262809,csu,,,,,,,0.000499569957819815,,,,,0.000540771603825573,,,,,0.000123604938017274,,,0,0.000520170780822694,0.505966513362209,0,,,0.00111759464790618,,,,,0,,0,,,0,0.0472531377628536,0,,,,,,0.00101974073864251,0.0744050224806481,0,,,,0,,,0.00745234772129147,,,,,,,,,,0.00319312756544624,0.00258540328686131,,,0.00260085390411347,,,,0,,,,,0.00779226130083897,0.00255450205235699,,0.339053495187133,,,,,0.00332188270921423,,,,0,,,,0,0,0.505966513362209
0,0,2002,2002-09-22,245,Nürnberg-Nord,09,Bayern,erststimme,181437,142410,140909,1501,0.784900543990476,csu,,,,,,,0,,,,,0,,,,,0,,,0,0,0.457756424358983,0,,,0,,,,,0,,0,,,0,0.0313322782788892,0,,,,,,0,0.0585910055425842,0,,,,0,,,0.0114612977169663,,,,,,,,,,0,0,,,0.00421548659063651,,,,0,,,,,0.0130722664982365,0,,0.423571241013704,,,,,0,,,,0,,,,0,0,0.457756424358983
0,0,2002,2002-09-22,245,Nürnberg-Nord,09,Bayern,zweitstimme,181437,142410,141406,1004,0.784900543990476,csu,,,,,,,0.000473812992376561,,,,,0.000480884828083674,,,,,9.19338641924671e-05,,,0,0.000311160771112966,0.427011583666888,0,,,0.0012092839059163,,,,,0,,0,,,0,0.0495169936212042,0,,,,,,0.00115978105596651,0.114938545747705,0,,,,0,,,0.0137193612717989,,,,,,,,,,0.00321061341102924,0.00205083235506273,,,0.0020932633693054,,,,0,,,,,0.00654144802907939,0.0029135963113305,,0.370465185352814,,,,,0.00381171944613383,,,,0,,,,0,0,0.427011583666888
0,0,2002,2002-09-22,246,Nürnberg-Süd,09,Bayern,erststimme,184263,143956,141674,2282,0.781252883107298,csu,,,,,,,0,,,,,0,,,,,0,,,0,0,0.474631901407457,0,,,0,,,,,0,,0,,,0,0.0366475147168852,0,,,,,,0,0.0455835227352937,0,,,,0,,,0.0106088626000536,,,,,,,,,,0,0.00581616951593094,,,0.00579499414147974,,,,0,,,,,0,0,,0.4209170348829,,,,,0,,,,0,,,,0,0,0.474631901407457
0,0,2002,2002-09-22,246,Nürnberg-Süd,09,Bayern,zweitstimme,184263,143956,142576,1380,0.781252883107298,csu,,,,,,,0.000512007631017843,,,,,0.000533049040511727,,,,,0.000133262260127932,,,0,0.000308607339243632,0.478432555268769,0,,,0.00107311188418808,,,,,0,,0,,,0,0.0408133206149703,0,,,,,,0.00108713949051734,0.0684827740994277,0,,,,0,,,0.00920912355515655,,,,,,,,,,0.00410307485130737,0.00199192009875435,,,0.00256003815508922,,,,0,,,,,0.00702783077095724,0.00413814386713051,,0.376262484569633,,,,,0.00333155650319829,,,,0,,,,0,0,0.478432555268769
0,0,2002,2002-09-22,247,Roth,09,Bayern,erststimme,220891,186912,184646,2266,0.846172999352622,csu,,,,,,,0,,,,,0,,,,,0,,,0,0,0.551899310031087,0,,,0,,,,,0,,0,,,0,0.038256989049316,0,,,,,,0,0.0504424682906751,0,,,,0,,,0,,,,,,,,,,0,0,,,0.00825904704136564,,,,0,,,,,0,0,,0.351142185587557,,,,,0,,,,0,,,,0,0,0.551899310031087
0,0,2002,2002-09-22,247,Roth,09,Bayern,zweitstimme,220891,186912,185684,1228,0.846172999352622,csu,,,,,,,0.000560091337972039,,,,,0.000587018806143771,,,,,0.00010770987268693,,,0,0.000301587643523405,0.525597251244049,0,,,0.00111479718230973,,,,,0,,0,,,0,0.0461590659399841,0,,,,,,0.000915533917838909,0.0744867624566468,0,,,,0,,,0.0064356648930441,,,,,,,,,,0.00274121625988238,0.00196570517653648,,,0.00328515111695138,,,,0,,,,,0.00582710411236294,0.00256888046358329,,0.32351198810883,,,,,0.00383447146765473,,,,0,,,,0,0,0.525597251244049
0,0,2002,2002-09-22,248,Aschaffenburg,09,Bayern,erststimme,179783,146803,144460,2343,0.816556626599845,csu,,,,,,,0,,,,,0,,,,,0,,,0,0.00314966080575938,0.549017028935345,0,,,0,,,,,0,,0,,,0,0.0464488439706493,0,,,,,,0,0.110688079745258,0,,,,0,,,0.00951128340024921,,,,,,,,,,0,0.00619548663990032,,,0,,,,0,,,,,0,0,,0.274989616502838,,,,,0,,,,0,,,,0,0,0.549017028935345
0,0,2002,2002-09-22,248,Aschaffenburg,09,Bayern,zweitstimme,179783,146803,145273,1530,0.816556626599845,csu,,,,,,,0.000509385777123072,,,,,0.000887983314174003,,,,,0.000165206197985861,,,0,0.000943052046835957,0.534772462880232,0,,,0.00150750655662098,,,,,0,,0,,,0,0.0575192912654106,0,,,,,,0.00116332697748377,0.0747351538138539,0,,,,0,,,0.00777845848850096,,,,,,,,,,0.00240237346237773,0.00236795550446401,,,0.000729660707770887,,,,0,,,,,0.011922380621313,0.00315956853647959,,0.295595189746202,,,,,0.00384104410317127,,,,0,,,,0,0,0.534772462880232
0,0,2002,2002-09-22,249,Bad Kissingen,09,Bayern,erststimme,219433,181391,178463,2928,0.826635009319474,csu,,,,,,,0,,,,,0,,,,,0,,,0,0,0.633739206446154,0,,,0,,,,,0,,0,,,0,0.0336148109131865,0,,,,,,0,0.0592952040478979,0,,,,0,,,0.00757019662338972,,,,,,,,,,0,0.013285667057037,,,0,,,,0,,,,,0,0,,0.252494914912335,,,,,0,,,,0,,,,0,0,0.633739206446154
0,0,2002,2002-09-22,249,Bad Kissingen,09,Bayern,zweitstimme,219433,181391,179726,1665,0.826635009319474,csu,,,,,,,0.000723323280994403,,,,,0.000528582397649756,,,,,0.000127972580483625,,,0,0.000756707432424914,0.638266027174699,0,,,0.00146890266294248,,,,,0,,0,,,0,0.0442451286959038,0,,,,,,0.000851295861478028,0.0513670810010794,0,,,,0,,,0.00551951303651113,,,,,,,,,,0.00378910118736299,0.00383361338927033,,,0.00124634165340574,,,,0,,,,,0.00798994024236894,0.00262621991253352,,0.234139746057888,,,,,0.00252050343300357,,,,0,,,,0,0,0.638266027174699
0,0,2002,2002-09-22,250,Main-Spessart,09,Bayern,erststimme,196187,163345,160896,2449,0.832598490215968,csu,,,,,,,0,,,,,0,,,,,0,,,0,0,0.590188693317422,0,,,0,,,,,0,,0,,,0,0.0306533412887828,0,,,,,,0,0.0485095962609387,0,,,,0,,,0.00500944709626094,,,,,,,,,,0,0.00859561455847256,,,0.00351780031821798,,,,0,,,,,0.0152769490851233,0,,0.298248558074781,,,,,0,,,,0,,,,0,0,0.590188693317422
0,0,2002,2002-09-22,250,Main-Spessart,09,Bayern,zweitstimme,196187,163345,161947,1398,0.832598490215968,csu,,,,,,,0.000568087090220875,,,,,0.000531037932162992,,,,,0.000123497193526277,,,0,0.000537212791839305,0.572224246204005,0,,,0.00114234904011806,,,,,0,,0,,,0,0.0455395901128147,0,,,,,,0.000833606056302371,0.0591922048571446,0,,,,0,,,0.00513130839101681,,,,,,,,,,0.00185245790289416,0.00376048954287514,,,0.00153136519972584,,,,0,,,,,0.00918819119835502,0.00219825004476773,,0.292194359883172,,,,,0.00345174655905945,,,,0,,,,0,0,0.572224246204005
0,0,2002,2002-09-22,251,Schweinfurt,09,Bayern,erststimme,196958,161232,158384,2848,0.818611074442267,csu,,,,,,,0,,,,,0,,,,,0,,,0,0.0060170219214062,0.583505909687847,0,,,0,,,,,0,,0,,,0,0.0503396807758359,0,,,,,,0,0.0575752601272856,0,,,,0,,,0,,,,,,,,,,0,0,,,0,,,,0,,,,,0,0,,0.302562127487625,,,,,0,,,,0,,,,0,0,0.583505909687847
0,0,2002,2002-09-22,251,Schweinfurt,09,Bayern,zweitstimme,196958,161232,159754,1478,0.818611074442267,csu,,,,,,,0.000719856779798941,,,,,0.000694818283110282,,,,,0.000100153986754635,,,0,0.00129574220363809,0.564436571228263,0,,,0.00142093468708139,,,,,0,,0,,,0,0.0494322520875847,0,,,,,,0.00122688633774428,0.0631971656421748,0,,,,0,,,0.00617824905792656,,,,,,,,,,0.00345531254303492,0.00382463036919263,,,0.00175895439237828,,,,0,,,,,0.0136960576886964,0.00241621493045558,,0.282916233709328,,,,,0.00322996607283699,,,,0,,,,0,0,0.564436571228263
0,0,2002,2002-09-22,252,Würzburg,09,Bayern,erststimme,218885,181696,179280,2416,0.830097996664915,csu,,,,,,,0,,,,,0,,,,,0,,,0,0,0.491934404283802,0,,,0,,,,,0,,0,,,0,0.0507028112449799,0,,,,,,0,0.08345046854083,0,,,,0,,,0.00746318607764391,,,,,,,,,,0,0.0102576974564926,,,0.00406626506024096,,,,0,,,,,0.0233712628290942,0,,0.328753904506917,,,,,0,,,,0,,,,0,0,0.491934404283802
0,0,2002,2002-09-22,252,Würzburg,09,Bayern,zweitstimme,218885,181696,180471,1225,0.830097996664915,csu,,,,,,,0.00044328451662594,,,,,0.000498695081204182,,,,,8.31158468673637e-05,,,0,0.000354627613300752,0.499714635592422,0,,,0.00133539460633564,,,,,0,,0,,,0,0.0538369045442204,0,,,,,,0.00092535642845665,0.108355359032753,0,,,,0,,,0.00692077951582249,,,,,,,,,,0.00104171861407096,0.0042499903031512,,,0.00183408968753983,,,,0,,,,,0.0153321032187997,0.0016900222196364,,0.299704661690798,,,,,0.0036792614879953,,,,0,,,,0,0,0.499714635592422
0,0,2002,2002-09-22,253,Augsburg-Stadt,09,Bayern,erststimme,197729,153010,150726,2284,0.773836918206232,csu,,,,,,,0,,,,,0,,,,,0,,,0,0,0.536417074691825,0,,,0,,,,,0,,0,,,0,0.0379231187718111,0,,,,,,0,0.106471345355148,0,,,,0,,,0.00944760691586057,,,,,,,,,,0,0.0106816342236907,,,0,,,,0,,,,,0,0,,0.299059220041665,,,,,0,,,,0,,,,0,0,0.536417074691825
0,0,2002,2002-09-22,253,Augsburg-Stadt,09,Bayern,zweitstimme,197729,153010,151671,1339,0.773836918206232,csu,,,,,,,0.000435152402239057,,,,,0.000995575950577236,,,,,0.000131864364314866,,,0,0.000632948948711356,0.527806897824897,0,,,0.00130545720671717,,,,,0,,0,,,0,0.0422295626718358,0,,,,,,0.00129886398850143,0.0888963612028667,0,,,,0,,,0.00852503115295607,,,,,,,,,,0.00198455868293873,0.00331638876251887,,,0.00117359284240231,,,,0,,,,,0.00630970983246633,0.00312518543426232,,0.307830765274838,,,,,0.00400208345695618,,,,0,,,,0,0,0.527806897824897
0,0,2002,2002-09-22,254,Augsburg-Land,09,Bayern,erststimme,237187,198040,195309,2731,0.834953011758655,csu,,,,,,,0,,,,,0,,,,,0,,,0,0,0.652903860037172,0,,,0,,,,,0,,0,,,0,0.0317752894131863,0,,,,,,0,0.0604785237751461,0,,,,0,,,0.00770061799507447,,,,,,,,,,0,0,,,0,,,,0,,,,,0,0,,0.247141708779421,,,,,0,,,,0,,,,0,0,0.652903860037172
0,0,2002,2002-09-22,254,Augsburg-Land,09,Bayern,zweitstimme,237187,198040,196698,1342,0.834953011758655,csu,,,,,,,0.000635491972465404,,,,,0.00132182330272804,,,,,0.000203357431188929,,,0,0.00067616345870319,0.623763332621582,0,,,0.00106254257796216,,,,,0,,0,,,0,0.0439811284303857,0,,,,,,0.000823597596315164,0.0699346205858728,0,,,,0,,,0.00478906750449928,,,,,,,,,,0.00148959318345891,0.00303510966049477,,,0.000910024504570458,,,,0,,,,,0.00822072415581246,0.00210474941280542,,0.233774618959013,,,,,0.00327405464214176,,,,0,,,,0,0,0.623763332621582
0,0,2002,2002-09-22,255,Donau-Ries,09,Bayern,erststimme,179327,146402,144223,2179,0.816396861599202,csu,,,,,,,0.00989439964499421,,,,,0,,,,,0,,,0,0,0.646824708957656,0,,,0,,,,,0,,0,,,0,0.0364920990410683,0,,,,,,0,0.039688537889241,0,,,,0,,,0,,,,,,,,,,0,0.00777268535531781,,,0,,,,0,,,,,0.0217163697884526,0,,0.23761119932327,,,,,0,,,,0,,,,0,0,0.646824708957656
0,0,2002,2002-09-22,255,Donau-Ries,09,Bayern,zweitstimme,179327,146402,145268,1134,0.816396861599202,csu,,,,,,,0.0017278409560261,,,,,0.00103945810501969,,,,,0.000158328055731476,,,0,0.000592009251865518,0.654658975135611,0,,,0.00106699341905994,,,,,0,,0,,,0,0.0362020541344274,0,,,,,,0.000702150508026544,0.0469270589531074,0,,,,0,,,0.00395820139328689,,,,,,,,,,0.00197565878238841,0.00276041523253573,,,0.000901781534818405,,,,0,,,,,0.00989894539747226,0.001824214555167,,0.232969408266101,,,,,0.00263650631935457,,,,0,,,,0,0,0.654658975135611
0,0,2002,2002-09-22,256,Neu-Ulm,09,Bayern,erststimme,229564,183557,180720,2837,0.799589656914847,csu,,,,,,,0,,,,,0,,,,,0.00811199645861001,,,0,0,0.613756086764055,0,,,0,,,,,0,,0,,,0,0.0452412571934484,0,,,,,,0,0.0645362992474546,0,,,,0,,,0.00855467020805666,,,,,,,,,,0,0,,,0,,,,0,,,,,0,0,,0.259799690128375,,,,,0,,,,0,,,,0,0,0.613756086764055
0,0,2002,2002-09-22,256,Neu-Ulm,09,Bayern,zweitstimme,229564,183557,182289,1268,0.799589656914847,csu,,,,,,,0.00059246580978556,,,,,0.000938070865493804,,,,,0.000795440207582465,,,0,0.000872241331073186,0.605176395723275,0,,,0.00123430377038658,,,,,0,,0,,,0,0.0471065176724871,0,,,,,,0.00122881797585153,0.0584291975928334,0,,,,0,,,0.00593562968692571,,,,,,,,,,0.00325856195382058,0.00267158193857007,,,0.00199682921075874,,,,0,,,,,0.00821772021350712,0.00309947391230409,,0.255221104948735,,,,,0.00322564718661027,,,,0,,,,0,0,0.605176395723275
0,0,2002,2002-09-22,257,Oberallgäu,09,Bayern,erststimme,212926,172437,170331,2106,0.809844734790491,csu,,,,,,,0,,,,,0,,,,,0,,,0,0,0.647586170456347,0,,,0,,,,,0,,0,,,0,0.0492394220664471,0,,,,,,0,0.0770499791582272,0,,,,0,,,0,,,,,,,,,,0,0,,,0,,,,0,,,,,0,0,,0.226124428318979,,,,,0,,,,0,,,,0,0,0.647586170456347
0,0,2002,2002-09-22,257,Oberallgäu,09,Bayern,zweitstimme,212926,172437,171417,1020,0.809844734790491,csu,,,,,,,0.000851724158047335,,,,,0.00153427022990719,,,,,0.000180845540407311,,,0,0.00139426077926927,0.607816027581862,0,,,0.00128341996418092,,,,,0,,0,,,0,0.053530279960564,0,,,,,,0.00127175250996109,0.0758034500662128,0,,,,0,,,0.0060320738316503,,,,,,,,,,0.00133592350817013,0.00457364205417199,,,0.00133008978106022,,,,0,,,,,0.00858141257868239,0.00195429858182094,,0.228273741810906,,,,,0.00425278706312676,,,,0,,,,0,0,0.607816027581862
0,0,2002,2002-09-22,258,Ostallgäu,09,Bayern,erststimme,235972,190790,187193,3597,0.808528130456156,csu,,,,,,,0,,,,,0,,,,,0.00385698183158558,,,0,0,0.648619339398375,0,,,0,,,,,0,,0,,,0,0.0477154594455989,0,,,,,,0,0.0587521969304408,0,,,,0,,,0.00769259534277457,,,,,,,,,,0,0,,,0,,,,0,,,,,0,0,,0.218191919569642,,,,,0,,,,0,,,,0,0.0151715074815832,0.648619339398375
0,0,2002,2002-09-22,258,Ostallgäu,09,Bayern,zweitstimme,235972,190790,189316,1474,0.808528130456156,csu,,,,,,,0.000787043884299267,,,,,0.00268862642354582,,,,,0.000554628240613577,,,0,0.00129941473515181,0.655079338249276,0,,,0.00116736039214858,,,,,0,,0,,,0,0.0476874643453274,0,,,,,,0.000961355617063534,0.0609510025565721,0,,,,0,,,0.00578926239726172,,,,,,,,,,0.00242451773753935,0.00528217372012931,,,0.00204420122969004,,,,0,,,,,0.00544063893173319,0.00228189904709586,,0.2026347482516,,,,,0.00292632424095164,,,,0,,,,0,0,0.655079338249276
0,0,2002,2002-09-22,259,Stuttgart I,08,Baden-Württemberg,erststimme,177965,147130,145763,1367,0.826735594077487,spd,,,,,,,0,,,,,0,,,,,0.00167395017940081,,,0.372543100786894,0,0,0,,,0,,,,,0,,0,,,0,0.0523521058156048,0,,,,,,0.00511789685997132,0.133113341520139,0,,,,0,,,0.0095771903706702,,,,,,,,,,0,0,,,0.00373208564587721,,,,0,,,,,0,0,,0.419866495612741,,,,,0,,,,0,,,,0,0.0020238332087018,0.372543100786894
0,0,2002,2002-09-22,259,Stuttgart I,08,Baden-Württemberg,zweitstimme,177965,147130,145857,1273,0.826735594077487,spd,,,,,,,0,,,,,0,,,,,0.000644466840809834,,,0.339339215807263,0.000418217843504254,0,0,,,0.00127522162117691,,,,,0,,0,,,0,0.0932557230712273,0,,,,,,0.00259843545390348,0.189027609233702,0,,,,0,,,0.0143016790418012,,,,,,,,,,0.00144662237671144,0.00129578971184105,,,0.00260529148412486,,,,0.000658178901252597,,,,,0.00650637268009077,0.00404505783061492,,0.338091418306972,,,,,0.0044906997950047,,,,0,,,,0,0,0.339339215807263
0,0,2002,2002-09-22,260,Stuttgart II,08,Baden-Württemberg,erststimme,179288,142379,140549,1830,0.794135692293963,spd,,,,,,,0,,,,,0,,,,,0.00215583177397207,,,0.387338223679998,0,0,0,,,0,,,,,0,,0,,,0,0.0585134010202847,0,,,,,,0.00756319859977659,0.0733978897039467,0,,,,0,,,0.0115333442429331,,,,,,,,,,0,0,,,0.0033582593970786,,,,0,,,,,0,0,,0.456139851582011,,,,,0,,,,0,,,,0,0,0.387338223679998
0,0,2002,2002-09-22,260,Stuttgart II,08,Baden-Württemberg,zweitstimme,179288,142379,140687,1692,0.794135692293963,spd,,,,,,,0,,,,,0,,,,,0.000561530205349464,,,0.362840916360431,0.000376722795993944,0,0,,,0.00144291938842963,,,,,0,,0,,,0,0.0773845486789824,0,,,,,,0.00329810145926774,0.133438057531968,0,,,,0,,,0.0142657104067895,,,,,,,,,,0.00199734161649619,0.00129365186548864,,,0.00213239318487138,,,,0.000959576933192121,,,,,0.012886762813906,0.00530965903032974,,0.376139941856746,,,,,0.00567216587175787,,,,0,,,,0,0,0.362840916360431
0,0,2002,2002-09-22,261,Böblingen,08,Baden-Württemberg,erststimme,246593,205778,203359,2419,0.834484352759405,cdu,,,,,,,0,,,,,0,,,,,0,,,0.468472012549236,0,0,0,,,0,,,,,0,,0,,,0,0.0578336832891586,0,,,,,,0.00541898809494539,0.0907213351757237,0,,,,0,,,0.00924473468103207,,,,,,,,,,0,0,,,0.0111920298585261,,,,0,,,,,0,0,,0.357117216351379,,,,,0,,,,0,,,,0,0,0.468472012549236
0,0,2002,2002-09-22,261,Böblingen,08,Baden-Württemberg,zweitstimme,246593,205778,203735,2043,0.834484352759405,cdu,,,,,,,0,,,,,0,,,,,0.00020615014602302,,,0.420511939529291,0.000490833681007191,0,0,,,0.00156575944241294,,,,,0,,0,,,0,0.0890028713770339,0,,,,,,0.00205168478661006,0.114300439296145,0,,,,0,,,0.00818710579919994,,,,,,,,,,0.00238545168969495,0.00119272584484747,,,0.00859449775443591,,,,0.000682258816599995,,,,,0.0102338822489999,0.00467764497999853,,0.330993692787199,,,,,0.00492306182050212,,,,0,,,,0,0,0.420511939529291
0,0,2002,2002-09-22,262,Esslingen,08,Baden-Württemberg,erststimme,161161,134788,133124,1664,0.836356190393457,cdu,,,,,,,0,,,,,0,,,,,0,,,0.449776148553229,0,0,0,,,0,,,,,0,,0,,,0,0.0462275772963553,0,,,,,,0.00663291367446892,0.0732099396051801,0,,,,0,,,0.00787987139809501,,,,,,,,,,0,0,,,0,,,,0,,,,,0,0,,0.416273549472672,,,,,0,,,,0,,,,0,0,0.449776148553229
0,0,2002,2002-09-22,262,Esslingen,08,Baden-Württemberg,zweitstimme,161161,134788,133543,1245,0.836356190393457,cdu,,,,,,,0,,,,,0,,,,,0.000172229169630756,,,0.407786256112264,0.00055412863272504,0,0,,,0.00148266850377781,,,,,0,,0,,,0,0.07750312633384,0,,,,,,0.00232134967763192,0.116838771032551,0,,,,0,,,0.00840178818807425,,,,,,,,,,0.00175224459537377,0.00149764495331092,,,0.00330230712205058,,,,0.000718869577589241,,,,,0.0141826977078544,0.00387141220430873,,0.354634836719259,,,,,0.00497966946975881,,,,0,,,,0,0,0.407786256112264
0,0,2002,2002-09-22,263,Nürtingen,08,Baden-Württemberg,erststimme,187657,157359,155133,2226,0.838545857601901,cdu,,,,,,,0,,,,,0,,,,,0,,,0.455944254285033,0,0,0,,,0,,,,,0,,0,,,0,0.0606963057505495,0,,,,,,0,0.101577356204031,0,,,,0,,,0,,,,,,,,,,0,0,,,0.0105071132512103,,,,0,,,,,0,0,,0.371274970509176,,,,,0,,,,0,,,,0,0,0.455944254285033
0,0,2002,2002-09-22,263,Nürtingen,08,Baden-Württemberg,zweitstimme,187657,157359,155800,1559,0.838545857601901,cdu,,,,,,,0,,,,,0,,,,,0.000160462130937099,,,0.423940949935815,0.000706033376123235,0,0,,,0.00160462130937099,,,,,0,,0,,,0,0.0820603337612324,0,,,,,,0.00124518613607189,0.116444159178434,0,,,,0,,,0.0072400513478819,,,,,,,,,,0.00192554557124519,0.0013607188703466,,,0.00614890885750963,,,,0.000847240051347882,,,,,0.0159884467265725,0.00410783055198973,,0.330988446726573,,,,,0.00523106546854942,,,,0,,,,0,0,0.423940949935815
0,0,2002,2002-09-22,264,Göppingen,08,Baden-Württemberg,erststimme,179165,145541,143637,1904,0.812329417017833,cdu,,,,,,,0,,,,,0,,,,,0,,,0.480015594867618,0,0,0,,,0,,,,,0,,0,,,0,0.0450580282239256,0,,,,,,0,0.0462624532676121,0,,,,0,,,0.00577149341743423,,,,,,,,,,0,0,,,0.00598035325159952,,,,0,,,,,0.0202733279029776,0,,0.396638749068833,,,,,0,,,,0,,,,0,0,0.480015594867618
0,0,2002,2002-09-22,264,Göppingen,08,Baden-Württemberg,zweitstimme,179165,145541,143814,1727,0.812329417017833,cdu,,,,,,,0,,,,,0,,,,,0.00018774250073011,,,0.421454100435285,0.000653622039578901,0,0,,,0.00174530991419472,,,,,0,,0,,,0,0.0752499756630092,0,,,,,,0.000987386485321318,0.10206238613765,0,,,,0,,,0.00742625891776878,,,,,,,,,,0.00239893195377362,0.00125857009748703,,,0.00465184196253494,,,,0.000924805651744615,,,,,0.0164309455268611,0.00325420334598857,,0.356098849903347,,,,,0.00521506946472527,,,,0,,,,0,0,0.421454100435285
0,0,2002,2002-09-22,265,Waiblingen,08,Baden-Württemberg,erststimme,214962,177967,175666,2301,0.827899814850997,cdu,,,,,,,0,,,,,0,,,,,0,,,0.45119146562226,0,0,0,,,0,,,,,0,,0,,,0,0.059413887718739,0,,,,,,0,0.0442715152619175,0,,,,0,,,0.00824291553288627,,,,,,,,,,0,0,,,0.0103093370373322,,,,0,,,,,0,0,,0.426570878826865,,,,,0,,,,0,,,,0,0,0.45119146562226
0,0,2002,2002-09-22,265,Waiblingen,08,Baden-Württemberg,zweitstimme,214962,177967,176268,1699,0.827899814850997,cdu,,,,,,,0,,,,,0,,,,,0.000192888102208001,,,0.415906460616788,0.000510586152903533,0,0,,,0.00146935348446683,,,,,0,,0,,,0,0.086793972814124,0,,,,,,0.00161685615086119,0.120379195316223,0,,,,0,,,0.00825447613860712,,,,,,,,,,0.00196859327841696,0.00178705153516237,,,0.00735811378128758,,,,0.000941747793133183,,,,,0.0119874282342796,0.00578096988676334,,0.330786075748292,,,,,0.00426623096648286,,,,0,,,,0,0,0.415906460616788
0,0,2002,2002-09-22,266,Ludwigsburg,08,Baden-Württemberg,erststimme,199714,166670,164309,2361,0.834543397057793,cdu,,,,,,,0,,,,,0,,,,,0,,,0.452245464338533,0,0,0,,,0,,,,,0,,0,,,0,0.0549330833977445,0,,,,,,0.00878831956861767,0.0506302150216969,0,,,,0,,,0.0104863397622772,,,,,,,,,,0,0,,,0.00736417359974195,,,,0,,,,,0,0,,0.415552404311389,,,,,0,,,,0,,,,0,0,0.452245464338533
0,0,2002,2002-09-22,266,Ludwigsburg,08,Baden-Württemberg,zweitstimme,199714,166670,164931,1739,0.834543397057793,cdu,,,,,,,0,,,,,0,,,,,0.000254651945358968,,,0.394668073315508,0.000497177607605605,0,0,,,0.0015824799461593,,,,,0,,0,,,0,0.0838714371464431,0,,,,,,0.0029163710885158,0.123694150887341,0,,,,0,,,0.0101072569741286,,,,,,,,,,0.00209178383687724,0.00123688087745785,,,0.00489295523582589,,,,0.00100041835676738,,,,,0.0131994591677732,0.00395923143617634,,0.35125597977336,,,,,0.00477169240470257,,,,0,,,,0,0,0.394668073315508
0,0,2002,2002-09-22,267,Neckar-Zaber,08,Baden-Württemberg,erststimme,205511,173202,171025,2177,0.84278700410197,cdu,,,,,,,0,,,,,0,,,,,0,,,0.445186376260781,0,0,0,,,0,,,,,0,,0,,,0,0.0592603420552551,0,,,,,,0.00719193100423915,0.0461394532963017,0,,,,0,,,0.00833796228621547,,,,,,,,,,0,0,,,0.00709837743020026,,,,0,,,,,0,0,,0.426785557667008,,,,,0,,,,0,,,,0,0,0.445186376260781
0,0,2002,2002-09-22,267,Neckar-Zaber,08,Baden-Württemberg,zweitstimme,205511,173202,171343,1859,0.84278700410197,cdu,,,,,,,0,,,,,0,,,,,0.00022177737053746,,,0.409856253246412,0.000595297152495287,0,0,,,0.00151742411420367,,,,,0,,0,,,0,0.0854076326432944,0,,,,,,0.00292395954313862,0.111402274968922,0,,,,0,,,0.0080248390655002,,,,,,,,,,0.00223528244515387,0.00140653542893494,,,0.00567866793507759,,,,0.0010446881401633,,,,,0.0159854794184764,0.00368267160024045,,0.345488289571211,,,,,0.00452892735623866,,,,0,,,,0,0,0.409856253246412
0,0,2002,2002-09-22,268,Heilbronn,08,Baden-Württemberg,erststimme,241418,193512,190481,3031,0.801564092155515,cdu,,,,,,,0,,,,,0,,,,,0,,,0.492301069397998,0,0,0,,,0,,,,,0,,0,,,0,0.0480205374814286,0,,,,,,0,0.0435319008195043,0,,,,0,,,0.00982775184926581,,,,,,,,,,0,0,,,0.00821079267748489,,,,0,,,,,0,0,,0.398107947774319,,,,,0,,,,0,,,,0,0,0.492301069397998
0,0,2002,2002-09-22,268,Heilbronn,08,Baden-Württemberg,zweitstimme,241418,193512,190795,2717,0.801564092155515,cdu,,,,,,,0,,,,,0,,,,,0.000167719279855342,,,0.433323724416258,0.000670877119421369,0,0,,,0.0020650436332189,,,,,0,,0,,,0,0.0777011976204827,0,,,,,,0.00157236824864383,0.0822820304515317,0,,,,0,,,0.00837548153777615,,,,,,,,,,0.00319190754474698,0.00240048219292958,,,0.00477475824838177,,,,0.00110065777405068,,,,,0.0167404806205613,0.00454938546607616,,0.357163447679447,,,,,0.00392043816661862,,,,0,,,,0,0,0.433323724416258
0,0,2002,2002-09-22,269,Schwäbisch Hall - Hohenlohe,08,Baden-Württemberg,erststimme,218189,170643,168050,2593,0.782088006269794,cdu,,,,,,,0,,,,,0,,,,,0,,,0.473049687592978,0,0,0,,,0,,,,,0,,0,,,0,0.0888902112466528,0,,,,,,0,0.0664980660517703,0,,,,0,,,0.0110740850937221,,,,,,,,,,0,0,,,0.0132401071109789,,,,0,,,,,0,0,,0.347247842903898,,,,,0,,,,0,,,,0,0,0.473049687592978
0,0,2002,2002-09-22,269,Schwäbisch Hall - Hohenlohe,08,Baden-Württemberg,zweitstimme,218189,170643,168136,2507,0.782088006269794,cdu,,,,,,,0,,,,,0,,,,,0.000142741590141314,,,0.434208022077366,0.000695865251938907,0,0,,,0.00181995527430176,,,,,0,,0,,,0,0.093269734024837,0,,,,,,0.00121330351620117,0.102095922348575,0,,,,0,,,0.00890945425132036,,,,,,,,,,0.00482942379978113,0.00242065946614645,,,0.00979564162344768,,,,0.00108245705857163,,,,,0.0132987581481658,0.00350906409097397,,0.318533805966599,,,,,0.00417519151163344,,,,0,,,,0,0,0.434208022077366
0,0,2002,2002-09-22,270,Backnang - Schwäbisch Gmünd,08,Baden-Württemberg,erststimme,172868,138607,136393,2214,0.801808316171877,cdu,,,,,,,0,,,,,0,,,,,0,,,0.477143255152391,0,0,0,,,0,,,,,0,,0,,,0,0.0551421260621879,0,,,,,,0,0.0629651081800386,0,,,,0,,,0.00978056058595382,,,,,,,,,,0,0,,,0.0105577265695454,,,,0,,,,,0,0,,0.384411223449884,,,,,0,,,,0,,,,0,0,0.477143255152391
0,0,2002,2002-09-22,270,Backnang - Schwäbisch Gmünd,08,Baden-Württemberg,zweitstimme,172868,138607,136799,1808,0.801808316171877,cdu,,,,,,,0,,,,,0,,,,,0.000241229833551415,,,0.442320484798865,0.00067251953596152,0,0,,,0.00172515880964042,,,,,0,,0,,,0,0.0709800510237648,0,,,,,,0.00149854896600121,0.102493439279527,0,,,,0,,,0.00785824457781124,,,,,,,,,,0.00301902791687074,0.00142544901644018,,,0.00738309490566452,,,,0.000950299344293452,,,,,0.0131506809260302,0.00500003654997478,,0.337363577219132,,,,,0.00391815729647147,,,,0,,,,0,0,0.442320484798865
0,0,2002,2002-09-22,271,Aalen - Heidenheim,08,Baden-Württemberg,erststimme,223224,181426,178291,3135,0.812753108984697,cdu,,,,,,,0,,,,,0,,,,,0,,,0.492789877223191,0,0,0,,,0,,,,,0.00304558278320274,,0,,,0,0.0438664879326494,0,,,,,,0,0.049105114672081,0,,,,0,,,0,,,,,,,,,,0,0.00748775877638243,,,0.00697735724181254,,,,0,,,,,0,0.0114083156188478,,0.385319505751833,,,,,0,,,,0,,,,0,0,0.492789877223191
0,0,2002,2002-09-22,271,Aalen - Heidenheim,08,Baden-Württemberg,zweitstimme,223224,181426,178651,2775,0.812753108984697,cdu,,,,,,,0,,,,,0,,,,,0.000128742632283055,,,0.463165613402668,0.000671700690172459,0,0,,,0.00161767916216534,,,,,0,,0,,,0,0.0591712332984422,0,,,,,,0.00114748867904462,0.0790367812102927,0,,,,0,,,0.00641474159114699,,,,,,,,,,0.00234535490985217,0.00307862816329044,,,0.00471869734846153,,,,0.000923588448987131,,,,,0.0123480976876704,0.00681776200525046,,0.355816648101606,,,,,0.00259724266866684,,,,0,,,,0,0,0.463165613402668
0,0,2002,2002-09-22,272,Karlsruhe-Stadt,08,Baden-Württemberg,erststimme,196039,155007,152457,2550,0.790694708705921,spd,,,,,,,0,,,,,0,,,,,0,,,0.3508333497314,0,0,0,,,0,,,,,0,,0,,,0,0.139160550187922,0,,,,,,0,0.0888184865240691,0,,,,0,,,0.0131774861108378,,,,,,,,,,0.00810064477196849,0,,,0,,,,0,,,,,0,0,,0.399909482673803,,,,,0,,,,0,,,,0,0,0.3508333497314
0,0,2002,2002-09-22,272,Karlsruhe-Stadt,08,Baden-Württemberg,zweitstimme,196039,155007,152400,2607,0.790694708705921,spd,,,,,,,0,,,,,0,,,,,0.000360892388451444,,,0.354127296587927,0.000485564304461942,0,0,,,0.00115485564304462,,,,,0,,0,,,0,0.0841404199475066,0,,,,,,0.00168635170603675,0.144199475065617,0,,,,0,,,0.0155708661417323,,,,,,,,,,0.00458005249343832,0.00150262467191601,,,0.00335958005249344,,,,0.000912073490813648,,,,,0.00501312335958005,0.00708661417322835,,0.371837270341207,,,,,0.00398293963254593,,,,0,,,,0,0,0.354127296587927
0,0,2002,2002-09-22,273,Karlsruhe-Land,08,Baden-Württemberg,erststimme,201960,167158,163869,3289,0.827678748266984,cdu,,,,,,,0,,,,,0,,,,,0,,,0.469850917501175,0,0,0,,,0,,,,,0,,0,,,0,0.0677248289792456,0,,,,,,0,0.0728081577357523,0,,,,0,,,0,,,,,,,,,,0,0,,,0,,,,0,,,,,0,0,,0.389616095783827,,,,,0,,,,0,,,,0,0,0.469850917501175
0,0,2002,2002-09-22,273,Karlsruhe-Land,08,Baden-Württemberg,zweitstimme,201960,167158,165338,1820,0.827678748266984,cdu,,,,,,,0,,,,,0,,,,,0.000223784006096602,,,0.433022051796925,0.000973762837339269,0,0,,,0.00179632026515381,,,,,0,,0,,,0,0.0816025354123069,0,,,,,,0.00126407722362675,0.0898462543395953,0,,,,0,,,0.00756631869261755,,,,,,,,,,0.00308459035430452,0.000846750293338495,,,0.0064655433112775,,,,0.00100400391924422,,,,,0.00687682202518477,0.00704012386747148,,0.353354945626535,,,,,0.00503211602898305,,,,0,,,,0,0,0.433022051796925
0,0,2002,2002-09-22,274,Rastatt,08,Baden-Württemberg,erststimme,204208,162560,159542,3018,0.796051085168064,cdu,,,,,,,0,,,,,0,,,,,0,,,0.510436123403242,0,0,0,,,0,,,,,0,,0,,,0,0.0565054969851199,0,,,,,,0,0.0619648744531221,0,,,,0,,,0.00938937709192564,,,,,,,,,,0,0,,,0.00452545411239674,,,,0,,,,,0,0,,0.35418886562786,,,,,0,,,,0,,,,0,0.00298980832633413,0.510436123403242
0,0,2002,2002-09-22,274,Rastatt,08,Baden-Württemberg,zweitstimme,204208,162560,159947,2613,0.796051085168064,cdu,,,,,,,0,,,,,0,,,,,0.00018131005895703,,,0.463022126079264,0.00057519053186368,0,0,,,0.00146298461365327,,,,,0,,0,,,0,0.0742808555333954,0,,,,,,0.00130668283869032,0.0861035217915935,0,,,,0,,,0.00791512188412412,,,,,,,,,,0.00298223786629321,0.00106910414074662,,,0.00235077869544287,,,,0.00121915384471106,,,,,0.00987202010666033,0.00454525561592277,,0.337661850487974,,,,,0.00545180591070792,,,,0,,,,0,0,0.463022126079264
0,0,2002,2002-09-22,275,Heidelberg,08,Baden-Württemberg,erststimme,208183,174246,172289,1957,0.83698476820874,spd,,,,,,,0,,,,,0,,,,,0,,,0.381306989999362,0,0,0,,,0,,,,,0,,0,,,0,0.063567610236289,0,,,,,,0.0052760187823947,0.106228488179744,0,,,,0,,,0.00946665196269059,,,,,,,,,,0,0.00376692650140171,,,0,,,,0,,,,,0,0,,0.429034935486305,,,,,0,,,,0,,,,0,0.00135237885181294,0.381306989999362
0,0,2002,2002-09-22,275,Heidelberg,08,Baden-Württemberg,zweitstimme,208183,174246,172587,1659,0.83698476820874,spd,,,,,,,0,,,,,0,,,,,0.000173825375028247,,,0.356660698662124,0.000527270304252348,0,0,,,0.00120518926686251,,,,,0,,0,,,0,0.0830363816509934,0,,,,,,0.0023292600253785,0.176218371024469,0,,,,0,,,0.0134830549230243,,,,,,,,,,0.00244514360873067,0.00129210195437663,,,0.00173245957111486,,,,0.000596800454263647,,,,,0.0049308464716346,0.00462954915491897,,0.347245157514761,,,,,0.00349389003806776,,,,0,,,,0,0,0.356660698662124
0,0,2002,2002-09-22,276,Mannheim,08,Baden-Württemberg,erststimme,198538,150891,148416,2475,0.760010678056594,spd,,,,,,,0,,,,,0,,,,,0,,,0.385463831392842,0,0,0,,,0,,,,,0,,0,,,0,0.0479058861578267,0,,,,,,0,0.0635308861578267,0,,,,0,,,0.0177069857697283,,,,,,,,,,0,0,,,0,,,,0,,,,,0,0,,0.485392410521777,,,,,0,,,,0,,,,0,0,0.385463831392842
0,0,2002,2002-09-22,276,Mannheim,08,Baden-Württemberg,zweitstimme,198538,150891,148916,1975,0.760010678056594,spd,,,,,,,0,,,,,0,,,,,0.000261892610599264,,,0.344207472669156,0.000369335732896398,0,0,,,0.00192726100620484,,,,,0,,0,,,0,0.0711407773509898,0,,,,,,0.00255177415455693,0.119503612774987,0,,,,0,,,0.0162574874425851,,,,,,,,,,0.00349190147465685,0.000651373928926375,,,0.00241075505654194,,,,0.00115501356469419,,,,,0.00915952617583067,0.0085081522469043,,0.412903918987886,,,,,0.00549974482258455,,,,0,,,,0,0,0.344207472669156
0,0,2002,2002-09-22,277,Odenwald - Tauber,08,Baden-Württemberg,erststimme,213656,172872,169196,3676,0.809113715505298,cdu,,,,,,,0,,,,,0,,,,,0,,,0.533162722522991,0,0,0,,,0,,,,,0,,0,,,0,0.0600132390836663,0,,,,,,0,0.044469136386203,0,,,,0,,,0,,,,,,,,,,0,0.0107035627319795,,,0.00790207806331119,,,,0,,,,,0,0,,0.343749261211849,,,,,0,,,,0,,,,0,0,0.533162722522991
0,0,2002,2002-09-22,277,Odenwald - Tauber,08,Baden-Württemberg,zweitstimme,213656,172872,170128,2744,0.809113715505298,cdu,,,,,,,0,,,,,0,,,,,0.000205727452271231,,,0.516228957020596,0.000811153954669425,0,0,,,0.00200437317784257,,,,,0,,0,,,0,0.0657328599642622,0,,,,,,0.000958102134863162,0.0744909715038089,0,,,,0,,,0.00688893068748237,,,,,,,,,,0.00302125458478322,0.00410279319100912,,,0.00414981660867112,,,,0.0011403178783034,,,,,0.0125611304429606,0.00405576977334713,,0.299286419636979,,,,,0.0043614219881501,,,,0,,,,0,0,0.516228957020596
0,0,2002,2002-09-22,278,Rhein-Neckar,08,Baden-Württemberg,erststimme,190149,157808,155273,2535,0.82991759094184,cdu,,,,,,,0,,,,,0,,,,,0,,,0.464968152866242,0,0,0,,,0,,,,,0,,0,,,0,0.0553154766121605,0,,,,,,0.00609249515369704,0.0593277646467834,0,,,,0,,,0.00958312134112177,,,,,,,,,,0,0,,,0,,,,0,,,,,0,0,,0.404712989379995,,,,,0,,,,0,,,,0,0,0.464968152866242
0,0,2002,2002-09-22,278,Rhein-Neckar,08,Baden-Württemberg,zweitstimme,190149,157808,155747,2061,0.82991759094184,cdu,,,,,,,0,,,,,0,,,,,0.000166937404893834,,,0.431764335749645,0.000635646272480369,0,0,,,0.00172716007370929,,,,,0,,0,,,0,0.0779276647383256,0,,,,,,0.00192620082569809,0.104175361323172,0,,,,0,,,0.00943838404592063,,,,,,,,,,0.00384598098197718,0.00146391262753055,,,0.00347358215567555,,,,0.00102730710703898,,,,,0.00789100271594316,0.00495033612204408,,0.345085298593231,,,,,0.00450088926271453,,,,0,,,,0,0,0.431764335749645
0,0,2002,2002-09-22,279,Bruchsal - Schwetzingen,08,Baden-Württemberg,erststimme,187678,153528,149931,3597,0.818039407922079,cdu,,,,,,,0,,,,,0,,,,,0,,,0.480801168537527,0,0,0,,,0,,,,,0,,0,,,0,0.0590271524901455,0,,,,,,0,0.0520105915387745,0,,,,0,,,0.0118721278454756,,,,,,,,,,0,0,,,0,,,,0,,,,,0,0,,0.396288959588077,,,,,0,,,,0,,,,0,0,0.480801168537527
0,0,2002,2002-09-22,279,Bruchsal - Schwetzingen,08,Baden-Württemberg,zweitstimme,187678,153528,151247,2281,0.818039407922079,cdu,,,,,,,0,,,,,0,,,,,0.000191739340284435,,,0.447374162793312,0.000694228645857439,0,0,,,0.00210913274312879,,,,,0,,0,,,0,0.0749502469470469,0,,,,,,0.00172565406255992,0.0802858899680655,0,,,,0,,,0.00803982888916805,,,,,,,,,,0.00380834000013223,0.000912414791698348,,,0.00240665930563912,,,,0.00107770732642631,,,,,0.00980515316006268,0.0094547329864394,,0.351015226748299,,,,,0.00614888229188017,,,,0,,,,0,0,0.447374162793312
0,0,2002,2002-09-22,280,Pforzheim,08,Baden-Württemberg,erststimme,216370,173746,171188,2558,0.803004113324398,cdu,,,,,,,0,,,,,0,,,,,0,,,0.454395167885599,0,0,0,,,0,,,,,0,,0,,,0,0.0618793373367292,0,,,,,,0,0.040364978853658,0,,,,0,,,0.00958595228637521,,,,,,,,,,0,0,,,0.0113150454471108,,,,0,,,,,0,0,,0.422459518190527,,,,,0,,,,0,,,,0,0,0.454395167885599
0,0,2002,2002-09-22,280,Pforzheim,08,Baden-Württemberg,zweitstimme,216370,173746,171260,2486,0.803004113324398,cdu,,,,,,,0,,,,,0,,,,,0.00017517225271517,,,0.435472381174822,0.000607263809412589,0,0,,,0.00198528553077193,,,,,0,,0,,,0,0.081443419362373,0,,,,,,0.0016524582506131,0.0897582622912531,0,,,,0,,,0.00837323367978512,,,,,,,,,,0.00306551442251547,0.00101015999065748,,,0.00849001518159524,,,,0.00109774611701506,,,,,0.0110825645217798,0.00555879948616139,,0.344995912647437,,,,,0.00523181128109308,,,,0,,,,0,0,0.435472381174822
0,0,2002,2002-09-22,281,Calw,08,Baden-Württemberg,erststimme,195598,156563,154345,2218,0.800432519759916,cdu,,,,,,,0,,,,,0,,,,,0,,,0.493375230814085,0,0,0,,,0,,,,,0,,0,,,0,0.0781366419385144,0,,,,,,0,0.0664550195989504,0,,,,0,,,0.0092908743399527,,,,,,,,,,0,0,,,0.0244581943049662,,,,0,,,,,0,0,,0.328284039003531,,,,,0,,,,0,,,,0,0,0.493375230814085
0,0,2002,2002-09-22,281,Calw,08,Baden-Württemberg,zweitstimme,195598,156563,154430,2133,0.800432519759916,cdu,,,,,,,0,,,,,0,,,,,0.000252541604610503,,,0.483675451660947,0.000861231625979408,0,0,,,0.00186492261866218,,,,,0,,0,,,0,0.0788706857475879,0,,,,,,0.00150229877614453,0.0891795635563038,0,,,,0,,,0.00806190507025837,,,,,,,,,,0.00306287638412226,0.00150877420190378,,,0.0151071682963155,,,,0.00132098685488571,,,,,0.0115780612575277,0.00467525739817393,,0.293220229230072,,,,,0.00525804571650586,,,,0,,,,0,0,0.483675451660947
0,0,2002,2002-09-22,282,Freiburg,08,Baden-Württemberg,erststimme,200287,163962,161661,2301,0.81863525840419,spd,,,,,,,0,,,,,0,,,,,0,,,0.318827670248236,0,0,0,,,0,,,,,0,,0,,,0,0.0583628704511292,0,,,,,,0,0.126653923951974,0,,,,0,,,0.0129097308565455,,,,,,,,,,0,0,,,0,,,,0,,,,,0,0,,0.483245804492116,,,,,0,,,,0,,,,0,0,0.318827670248236
0,0,2002,2002-09-22,282,Freiburg,08,Baden-Württemberg,zweitstimme,200287,163962,162233,1729,0.81863525840419,spd,,,,,,,0,,,,,0,,,,,0.000104787558634803,,,0.304524973340812,0.000770496754667669,0,0,,,0.00123279480746827,,,,,0,,0,,,0,0.069954941349787,0,,,,,,0.00150400966511129,0.250294329760283,0,,,,0,,,0.0171235198757343,,,,,,,,,,0.00210807912077074,0.00160263324970875,,,0.00277995229084095,,,,0.000961579949825251,,,,,0.00466612834626741,0.00354428507147128,,0.33443873934403,,,,,0.00438874951458705,,,,0,,,,0,0,0.304524973340812
0,0,2002,2002-09-22,283,Lörrach - Müllheim,08,Baden-Württemberg,erststimme,217334,171731,168686,3045,0.790170889046353,spd,,,,,,,0,,,,,0,,,,,0,,,0.399784214457631,0,0,0,,,0,,,,,0,,0,,,0,0.0480359958739907,0,,,,,,0,0.0713455769891989,0,,,,0,,,0.0149686399582657,,,,,,,,,,0,0,,,0.0115302988985452,,,,0,,,,,0,0,,0.454335273822368,,,,,0,,,,0,,,,0,0,0.399784214457631
0,0,2002,2002-09-22,283,Lörrach - Müllheim,08,Baden-Württemberg,zweitstimme,217334,171731,169483,2248,0.790170889046353,spd,,,,,,,0,,,,,0,,,,,0.000182909200332777,,,0.360909353740493,0.000796540065965318,0,0,,,0.00146327360266221,,,,,0,,0,,,0,0.0728273632163698,0,,,,,,0.00156357864800599,0.135057793407008,0,,,,0,,,0.0114583763563307,,,,,,,,,,0.00210050565543447,0.00105615312450216,,,0.00721606296796729,,,,0.000938147188803597,,,,,0.00902745408094027,0.00333366768348448,,0.387183375323779,,,,,0.00488544573792062,,,,0,,,,0,0,0.360909353740493
0,0,2002,2002-09-22,284,Emmendingen - Lahr,08,Baden-Württemberg,erststimme,204699,163914,160972,2942,0.800756232321604,cdu,,,,,,,0,,,,,0,,,,,0,,,0.454675347265363,0,0,0,,,0,,,,,0,,0,,,0,0.0467286236115598,0,,,,,,0,0.0714099346470194,0,,,,0,,,0,,,,,,,,,,0,0,,,0,,,,0.00716894863703004,,,,,0,0,,0.418948637030042,,,,,0,,,,0,,,,0,0.00106850880898541,0.454675347265363
0,0,2002,2002-09-22,284,Emmendingen - Lahr,08,Baden-Württemberg,zweitstimme,204699,163914,161125,2789,0.800756232321604,cdu,,,,,,,0,,,,,0,,,,,0.000179984484096199,,,0.408695112490303,0.00143366951124903,0,0,,,0.0017377812257564,,,,,0,,0,,,0,0.0679472459270753,0,,,,,,0.00116058960434445,0.118417377812258,0,,,,0,,,0.00855236617532971,,,,,,,,,,0.00249495733126455,0.0012288595810706,,,0.00302249806051203,,,,0.00407757951900698,,,,,0.00747245927075252,0.00641117145073701,,0.361955003878976,,,,,0.0052133436772692,,,,0,,,,0,0,0.408695112490303
0,0,2002,2002-09-22,285,Offenburg,08,Baden-Württemberg,erststimme,197554,155776,152995,2781,0.788523644168177,cdu,,,,,,,0,,,,,0,,,,,0,,,0.529337560050982,0,0,0,,,0,,,,,0,,0,,,0,0.0503088336220138,0,,,,,,0,0.0642243210562437,0,,,,0,,,0.00839896728651263,,,,,,,,,,0,0,,,0.0044968789829733,,,,0.00925520441844505,,,,,0,0,,0.332501062126213,,,,,0,,,,0,,,,0,0.00147717245661623,0.529337560050982
0,0,2002,2002-09-22,285,Offenburg,08,Baden-Württemberg,zweitstimme,197554,155776,152853,2923,0.788523644168177,cdu,,,,,,,0,,,,,0,,,,,0.000209351468404284,,,0.459251699345122,0.00128227774397624,0,0,,,0.00189724768241382,,,,,0,,0,,,0,0.0721281230986634,0,,,,,,0.00143929134527945,0.0944371389504949,0,,,,0,,,0.00793572909919989,,,,,,,,,,0.00234211955277293,0.000961708307982179,,,0.00354589049609756,,,,0.00688242952379083,,,,,0.0108797341236351,0.00752356839577895,,0.325090119264915,,,,,0.00419357160147331,,,,0,,,,0,0,0.459251699345122
0,0,2002,2002-09-22,286,Rottweil - Tuttlingen,08,Baden-Württemberg,erststimme,196766,157654,154253,3401,0.801225821534208,cdu,,,,,,,0,,,,,0,,,,,0,,,0.526284740005057,0,0,0,,,0,,,,,0,,0,,,0,0.0945913531665511,0,,,,,,0,0.0501773061139816,0,,,,0,,,0.0119868009050067,,,,,,,,,,0,0,,,0,,,,0,,,,,0,0,,0.316959799809404,,,,,0,,,,0,,,,0,0,0.526284740005057
0,0,2002,2002-09-22,286,Rottweil - Tuttlingen,08,Baden-Württemberg,zweitstimme,196766,157654,155447,2207,0.801225821534208,cdu,,,,,,,0,,,,,0,,,,,0.000334519160871551,,,0.506416978134026,0.00117081706305043,0,0,,,0.00192991823579741,,,,,0,,0,,,0,0.0784125779204488,0,,,,,,0.00153750152785194,0.0739994982212587,0,,,,0,,,0.00741088602546205,,,,,,,,,,0.00306213693413189,0.00385340341080883,,,0.00582835307210818,,,,0.00179482395929159,,,,,0.0120555559129478,0.00442594582076206,,0.292781462492039,,,,,0.00498562210914331,,,,0,,,,0,0,0.506416978134026
0,0,2002,2002-09-22,287,Schwarzwald-Baar,08,Baden-Württemberg,erststimme,165776,132493,129657,2836,0.799229080204614,cdu,,,,,,,0,,,,,0,,,,,0,,,0.497165598463639,0,0,0,,,0,,,,,0,,0,,,0,0.0754066498530739,0,,,,,,0,0.0754606384537665,0,,,,0,,,0,,,,,,,,,,0,0,,,0.0116075491489083,,,,0,,,,,0,0,,0.340359564080613,,,,,0,,,,0,,,,0,0,0.497165598463639
0,0,2002,2002-09-22,287,Schwarzwald-Baar,08,Baden-Württemberg,zweitstimme,165776,132493,130386,2107,0.799229080204614,cdu,,,,,,,0,,,,,0,,,,,0.000222416517110733,,,0.465402727286672,0.00096636141917077,0,0,,,0.00165661957572132,,,,,0,,0,,,0,0.0812894022364364,0,,,,,,0.00172564539137637,0.0875093951804642,0,,,,0,,,0.008091359501787,,,,,,,,,,0.00317518752013253,0.00128081235715491,,,0.00651143527679352,,,,0.00151089840933843,,,,,0.00944886720966975,0.00345129078275275,,0.320947034190787,,,,,0.00681054714463209,,,,0,,,,0,0,0.465402727286672
0,0,2002,2002-09-22,288,Konstanz,08,Baden-Württemberg,erststimme,189541,151117,148302,2815,0.797278689043532,cdu,,,,,,,0,,,,,0,,,,,0,,,0.441302207657348,0,0,0,,,0,,,,,0,,0,,,0,0.0961888578711009,0,,,,,,0,0.109769254629068,0,,,,0,,,0.015313347089048,,,,,,,,,,0,0,,,0.00607544065487991,,,,0,,,,,0,0,,0.320838559156316,,,,,0,,,,0,,,,0,0.0105123329422395,0.441302207657348
0,0,2002,2002-09-22,288,Konstanz,08,Baden-Württemberg,zweitstimme,189541,151117,149261,1856,0.797278689043532,cdu,,,,,,,0,,,,,0,,,,,0.000267986949035582,,,0.399240256999484,0.000783861825929077,0,0,,,0.00177541353736073,,,,,0,,0,,,0,0.0954904496151038,0,,,,,,0.00167491843147239,0.127534989046033,0,,,,0,,,0.0110075639316365,,,,,,,,,,0.00217069428718821,0.00151412626205104,,,0.00394610782454894,,,,0.00104514910123877,,,,,0.00716865088670182,0.00391930912964539,,0.337884645017788,,,,,0.00457587715478256,,,,0,,,,0,0,0.399240256999484
0,0,2002,2002-09-22,289,Waldshut,08,Baden-Württemberg,erststimme,174477,138929,136073,2856,0.796259678926162,cdu,,,,,,,0,,,,,0,,,,,0,,,0.45903301904125,0,0,0,,,0,,,,,0,,0,,,0,0.0630323429335724,0,,,,,,0,0.0876000382147818,0,,,,0,,,0.0103620850572854,,,,,,,,,,0,0,,,0.00910540665672102,,,,0,,,,,0,0,,0.370867108096389,,,,,0,,,,0,,,,0,0,0.45903301904125
0,0,2002,2002-09-22,289,Waldshut,08,Baden-Württemberg,zweitstimme,174477,138929,137204,1725,0.796259678926162,cdu,,,,,,,0,,,,,0,,,,,0.000225940934666628,,,0.431364974782076,0.000925628990408443,0,0,,,0.00183668114632226,,,,,0,,0,,,0,0.0766158421037288,0,,,,,,0.00168362438412874,0.117438267105915,0,,,,0,,,0.00875338911402,,,,,,,,,,0.00250721553307484,0.00226669776391359,,,0.00491968164193464,,,,0.00100580158012886,,,,,0.00922713623509519,0.00341097927174135,,0.333051514533104,,,,,0.00476662487974112,,,,0,,,,0,0,0.431364974782076
0,0,2002,2002-09-22,290,Reutlingen,08,Baden-Württemberg,erststimme,192797,157712,154695,3017,0.818021027298143,cdu,,,,,,,0,,,,,0,,,,,0,,,0.452044345324671,0,0,0,,,0,,,,,0,,0,,,0,0.101412456769773,0,,,,,,0,0.088128252367562,0,,,,0,,,0.0110927955008242,,,,,,,,,,0,0,,,0,,,,0,,,,,0,0,,0.34732215003717,,,,,0,,,,0,,,,0,0,0.452044345324671
0,0,2002,2002-09-22,290,Reutlingen,08,Baden-Württemberg,zweitstimme,192797,157712,155870,1842,0.818021027298143,cdu,,,,,,,0,,,,,0,,,,,0.000230961698851607,,,0.438487200872522,0.000878937576185283,0,0,,,0.00168088791942003,,,,,0,,0,,,0,0.083858343491371,0,,,,,,0.00132802976839674,0.108372361583371,0,,,,0,,,0.00861615448771412,,,,,,,,,,0.00218772053634439,0.00114839289151216,,,0.00383011483928915,,,,0.000827612754218259,,,,,0.0115801629563097,0.00346442548277411,,0.330172579713864,,,,,0.00333611342785655,,,,0,,,,0,0,0.438487200872522
0,0,2002,2002-09-22,291,Tübingen,08,Baden-Württemberg,erststimme,178068,148044,145653,2391,0.831390255408046,cdu,,,,,,,0,,,,,0,,,,,0,,,0.43392858368863,0,0,0,,,0,,,,,0,,0,,,0,0.0472218217269813,0,,,,,,0,0.102558821308178,0,,,,0,,,0.0123718701296918,,,,,,,,,,0,0,,,0,,,,0,,,,,0,0,,0.403918903146519,,,,,0,,,,0,,,,0,0,0.43392858368863
0,0,2002,2002-09-22,291,Tübingen,08,Baden-Württemberg,zweitstimme,178068,148044,146620,1424,0.831390255408046,cdu,,,,,,,0,,,,,0,,,,,0.00016368844632383,,,0.393466102850907,0.000859364343200109,0,0,,,0.00145273496112399,,,,,0,,0,,,0,0.0714977492838631,0,,,,,,0.00111171736461601,0.160776156049652,0,,,,0,,,0.014445505388078,,,,,,,,,,0.00220297367344155,0.0019915427636066,,,0.00409903151002592,,,,0.000825262583549311,,,,,0.0138862365298049,0.00252353021415905,,0.327608784613286,,,,,0.0030896194243623,,,,0,,,,0,0,0.393466102850907
0,0,2002,2002-09-22,292,Ulm,08,Baden-Württemberg,erststimme,210762,173826,171037,2789,0.824750192159877,cdu,,,,,,,0,,,,,0,,,,,0,,,0.516572437542754,0,0,0,,,0,,,,,0,,0,,,0,0.0455515473260172,0,,,,,,0,0.0788425896151125,0,,,,0,,,0.010594198916024,,,,,,,,,,0,0,,,0,,,,0,,,,,0,0,,0.339908908598724,,,,,0,,,,0,,,,0,0.00853031800136813,0.516572437542754
0,0,2002,2002-09-22,292,Ulm,08,Baden-Württemberg,zweitstimme,210762,173826,171632,2194,0.824750192159877,cdu,,,,,,,0,,,,,0,,,,,0.000314626643050247,,,0.464983219912371,0.00106040831546565,0,0,,,0.00153234828004102,,,,,0,,0,,,0,0.0683380721543768,0,,,,,,0.00121772163699077,0.109915400391535,0,,,,0,,,0.00889111587582735,,,,,,,,,,0.00280833411018924,0.00258110375687517,,,0.00346089307355272,,,,0.00148573692551506,,,,,0.010889577701128,0.00396196513470682,,0.314032348280041,,,,,0.00452712780833411,,,,0,,,,0,0,0.464983219912371
0,0,2002,2002-09-22,293,Biberach,08,Baden-Württemberg,erststimme,228590,186136,182797,3339,0.814278839844263,cdu,,,,,,,0,,,,,0,,,,,0,,,0.577170303670192,0,0,0,,,0,,,,,0,,0,,,0,0.0581355273883051,0,,,,,,0,0.0831468787780981,0,,,,0,,,0.00817300065099537,,,,,,,,,,0.0123853236103437,0,,,0,,,,0,,,,,0,0,,0.260988965902066,,,,,0,,,,0,,,,0,0,0.577170303670192
0,0,2002,2002-09-22,293,Biberach,08,Baden-Württemberg,zweitstimme,228590,186136,183208,2928,0.814278839844263,cdu,,,,,,,0,,,,,0,,,,,0.000289288677350334,,,0.541739443692415,0.00193223003362299,0,0,,,0.00208506178769486,,,,,0,,0,,,0,0.0658268197895288,0,,,,,,0.0014082354482337,0.0988603117767783,0,,,,0,,,0.00621151914763548,,,,,,,,,,0.00449762019125802,0.00822562333522554,,,0.00271822191170691,,,,0.00106982227850312,,,,,0.0149720536221126,0.00271822191170691,,0.242778699620104,,,,,0.00466682677612331,,,,0,,,,0,0,0.541739443692415
0,0,2002,2002-09-22,294,Ravensburg - Bodensee,08,Baden-Württemberg,erststimme,235888,192494,189720,2774,0.816039815505664,cdu,,,,,,,0,,,,,0,,,,,0,,,0.505007379295804,0,0,0,,,0,,,,,0,,0,,,0,0.0502002951718322,0,,,,,,0,0.104496099515075,0,,,,0,,,0.00830170777988615,,,,,,,,,,0,0.0116751001475859,,,0.00637254901960784,,,,0,,,,,0,0,,0.313946869070209,,,,,0,,,,0,,,,0,0,0.505007379295804
0,0,2002,2002-09-22,294,Ravensburg - Bodensee,08,Baden-Württemberg,zweitstimme,235888,192494,190191,2303,0.816039815505664,cdu,,,,,,,0,,,,,0,,,,,0.000199799149276254,,,0.468003217817878,0.000893838299393767,0,0,,,0.00155107234306566,,,,,0,,0,,,0,0.0759341924696752,0,,,,,,0.00144065702372878,0.121088800206109,0,,,,0,,,0.00798670809870078,,,,,,,,,,0.0024501685148088,0.0049844629872076,,,0.00432197107118633,,,,0.00100951149108002,,,,,0.00724009022508952,0.00325462298426319,,0.294935091565847,,,,,0.00470579575269072,,,,0,,,,0,0,0.468003217817878
0,0,2002,2002-09-22,295,Zollernalb - Sigmaringen,08,Baden-Württemberg,erststimme,206148,164439,161383,3056,0.797674486291402,cdu,,,,,,,0,,,,,0,,,,,0,,,0.548570791223363,0,0,0,,,0,,,,,0,,0,,,0,0.0615430373707268,0,,,,,,0.00524218783886779,0.0541011135001828,0,,,,0,,,0.0068036905993816,,,,,,,,,,0,0,,,0.0108809478073899,,,,0,,,,,0.0224992719183557,0,,0.290358959741732,,,,,0,,,,0,,,,0,0,0.548570791223363
0,0,2002,2002-09-22,295,Zollernalb - Sigmaringen,08,Baden-Württemberg,zweitstimme,206148,164439,161987,2452,0.797674486291402,cdu,,,,,,,0,,,,,0,,,,,0.0001790267120201,,,0.528079413780118,0.00114824029088754,0,0,,,0.00163593374776988,,,,,0,,0,,,0,0.0725984183915993,0,,,,,,0.002395253940131,0.0742775654836499,0,,,,0,,,0.00667954835881892,,,,,,,,,,0.00279652070845191,0.00154950705920846,,,0.00611160154827239,,,,0.00123466697944897,,,,,0.0169581509627316,0.00294468074598579,,0.277059270188349,,,,,0.00435220110255761,,,,0,,,,0,0,0.528079413780118
0,0,2002,2002-09-22,296,Saarbrücken,10,Saarland,erststimme,212426,164069,160797,3272,0.772358374210313,spd,,,,,,,0,,,,,0,,,,,0,,,0.340671778702339,0,0,0,,,0,,,,,0,,0,,,0.0119840544288762,0.0434274271286156,0,,,,,,0.00970167353868542,0.0492048981013327,0,,,,0,,,0.015416954296411,,,,,,,,,,0.0117974837839014,0,,,0,,,,0,,,,,0,0,,0.517795730019839,,,,,0,,,,0,,,,0,0,0.340671778702339
0,0,2002,2002-09-22,296,Saarbrücken,10,Saarland,zweitstimme,212426,164069,161100,2969,0.772358374210313,spd,,,,,,,0,,,,,0,,,,,0,,,0.313066418373681,0,0,0,,,0,,,,,0,,0,,,0.0091495965238982,0.0670763500931099,0,,,,,,0.00701427684667908,0.102669149596524,0,,,,0,,,0.0193792675356921,,,,,,,,,,0.00846058348851645,0,,,0,,,,0,,,,,0.00449410304158908,0.0092364990689013,,0.459453755431409,,,,,0,,,,0,,,,0,0,0.313066418373681
0,0,2002,2002-09-22,297,Saarlouis,10,Saarland,erststimme,215792,173871,169766,4105,0.80573422555053,spd,,,,,,,0,,,,,0,,,,,0,,,0.392027850099549,0,0,0,,,0,,,,,0,,0,,,0,0.0450031219443234,0,,,,,,0,0.0344827586206897,0,,,,0,,,0.0110976285004064,,,,,,,,,,0.0114333847766926,0,,,0,,,,0,,,,,0,0,,0.505955256058339,,,,,0,,,,0,,,,0,0,0.392027850099549
0,0,2002,2002-09-22,297,Saarlouis,10,Saarland,zweitstimme,215792,173871,169919,3952,0.80573422555053,spd,,,,,,,0,,,,,0,,,,,0,,,0.364591364120552,0,0,0,,,0,,,,,0,,0,,,0.00776252214290338,0.0664787339850164,0,,,,,,0.00454922639610638,0.0693742312513609,0,,,,0,,,0.0119939500585573,,,,,,,,,,0.00674438997404646,0,,,0,,,,0,,,,,0.00385477786474732,0.00944567705789229,,0.455205127148818,,,,,0,,,,0,,,,0,0,0.364591364120552
0,0,2002,2002-09-22,298,Sankt Wendel,10,Saarland,erststimme,186710,154672,150411,4261,0.828407691071716,spd,,,,,,,0,,,,,0,,,,,0,,,0.408766646056472,0,0,0,,,0,,,,,0,,0,,,0.0199785919912772,0.037464015264841,0,,,,,,0.0059437142230289,0.0310216672982694,0,,,,0,,,0.00866293023781505,,,,,,,,,,0.00942750197791385,0,,,0,,,,0,,,,,0,0,,0.478734932950383,,,,,0,,,,0,,,,0,0,0.408766646056472
0,0,2002,2002-09-22,298,Sankt Wendel,10,Saarland,zweitstimme,186710,154672,150883,3789,0.828407691071716,spd,,,,,,,0,,,,,0,,,,,0,,,0.38327710875314,0,0,0,,,0,,,,,0,,0,,,0.0121219753053691,0.0559440095968399,0,,,,,,0.0047917923159004,0.0567327001716562,0,,,,0,,,0.0112007316927686,,,,,,,,,,0.00577931244739301,0,,,0,,,,0,,,,,0.00409588886753312,0.00790016105194091,,0.458156319797459,,,,,0,,,,0,,,,0,0,0.38327710875314
0,0,2002,2002-09-22,299,Homburg,10,Saarland,erststimme,206290,164546,160684,3862,0.79764409326676,spd,,,,,,,0,,,,,0,,,,,0,,,0.356015533593886,0,0,0,,,0,,,,,0,,0,,,0.0243272510019666,0.0530668890493142,0,,,,,,0.00623584177640587,0.0352368624131836,0,,,,0,,,0.0104553035772074,,,,,,,,,,0.0106482288217869,0,,,0,,,,0,,,,,0,0,,0.504014089766249,,,,,0,,,,0,,,,0,0,0.356015533593886
0,0,2002,2002-09-22,299,Homburg,10,Saarland,zweitstimme,206290,164546,161059,3487,0.79764409326676,spd,,,,,,,0,,,,,0,,,,,0,,,0.339167634221,0,0,0,,,0,,,,,0,,0,,,0.0161617792237627,0.0656094971407993,0,,,,,,0.00495470603940171,0.0727311109593379,0,,,,0,,,0.0133491453442527,,,,,,,,,,0.0066311103384474,0,,,0,,,,0,,,,,0.00499816837308067,0.0105613470839879,,0.46583550127593,,,,,0,,,,0,,,,0,0,0.339167634221
0,0,2005,2005-09-18,001,Flensburg - Schleswig,01,Schleswig-Holstein,erststimme,220967,171827,169153,2674,0.77761385184213,spd,0,,,,0,0,,,,,,0,,,,,0,,,0.440311434027182,0,0,0,,,0,,0,,,,,0,,,0,0.0316104355228698,,,,,,,0,0.0417846564944163,0,0,,,,,,0.0363576170685711,,,,,,0,,,,0.0077208207953746,,0,,0,,,,,,0,0,,0,,,0.442215036091586,,0,,,0,,0,,,,,,0,0,0.440311434027182
0,0,2005,2005-09-18,001,Flensburg - Schleswig,01,Schleswig-Holstein,zweitstimme,220967,171827,169231,2596,0.77761385184213,spd,0,,,,0,0,,,,,,0,,,,,0,,,0.363615413251709,0,0,0,,,0,,0,,,,,0,,,0.0119658927737826,0.096891231511957,,,,,,,0,0.0803457995284552,0,0,,,,,,0.0479817527521553,,,,,,0.000584999202273815,,,,0.00803044359484964,,0,,0,,,,,,0,0,,0,,,0.390584467384817,,0,,,0,,0,,,,,,0,0,0.363615413251709
0,0,2005,2005-09-18,002,Nordfriesland - Dithmarschen Nord,01,Schleswig-Holstein,erststimme,184580,143778,141498,2280,0.778946798136309,cdu,0,,,,0,0,,,,,,0,,,,,0,,,0.479059774696462,0,0,0,,,0,,0,,,,,0,,,0,0.0417461730907857,,,,,,,0,0.0400712377560107,0,0,,,,,,0.0320993936310054,,,,,,0,,,,0.00857255932946049,,0,,0,,,,,,0,0,,0,,,0.398450861496276,,0,,,0,,0,,,,,,0,0,0.479059774696462
0,0,2005,2005-09-18,002,Nordfriesland - Dithmarschen Nord,01,Schleswig-Holstein,zweitstimme,184580,143778,141720,2058,0.778946798136309,cdu,0,,,,0,0,,,,,,0,,,,,0,,,0.416553767993226,0,0,0,,,0,,0,,,,,0,,,0.0106406999717753,0.100691504374824,,,,,,,0,0.0624753034151849,0,0,,,,,,0.0386325148179509,,,,,,0.000578605701383009,,,,0.00839683883714366,,0,,0,,,,,,0,0,,0,,,0.362030764888513,,0,,,0,,0,,,,,,0,0,0.416553767993226
0,0,2005,2005-09-18,003,Steinburg - Dithmarschen Süd,01,Schleswig-Holstein,erststimme,177200,139014,136916,2098,0.784503386004515,cdu,0,,,,0,0,,,,,,0,,,,,0,,,0.448968710742353,0,0,0,,,0,,0,,,,,0,,,0.0156519325717958,0.0439977796605218,,,,,,,0,0.0327207923106138,0,0,,,,,,0.0357810628414502,,,,,,0,,,,0.0107438137252038,,0,,0,,,,,,0,0,,0,,,0.412135908148062,,0,,,0,,0,,,,,,0,0,0.448968710742353
0,0,2005,2005-09-18,003,Steinburg - Dithmarschen Süd,01,Schleswig-Holstein,zweitstimme,177200,139014,136906,2108,0.784503386004515,cdu,0,,,,0,0,,,,,,0,,,,,0,,,0.38961038961039,0,0,0,,,0,,0,,,,,0,,,0.0155508158882737,0.107380246300381,,,,,,,0,0.0655851460125926,0,0,,,,,,0.0459293237695937,,,,,,0.000650081077527647,,,,0.012161629147006,,0,,0,,,,,,0,0,,0,,,0.363132368194235,,0,,,0,,0,,,,,,0,0,0.38961038961039
0,0,2005,2005-09-18,004,Rendsburg-Eckernförde,01,Schleswig-Holstein,erststimme,197355,158841,156654,2187,0.804849129740822,cdu,0,,,,0,0,,,,,,0,,,,,0,,,0.440984590243466,0,0,0,,,0,,0,,,,,0,,,0,0.0357922555440653,,,,,,,0,0.0393478621675795,0,0,,,,,,0.0325941246313532,,,,,,0,,,,0.00928160149118439,,0,,0,,,,,,0,0,,0,,,0.437141726352343,,0,,,0,,0,,,,,,0,0.00485783957000779,0.440984590243466
0,0,2005,2005-09-18,004,Rendsburg-Eckernförde,01,Schleswig-Holstein,zweitstimme,197355,158841,156779,2062,0.804849129740822,cdu,0,,,,0,0,,,,,,0,,,,,0,,,0.381065066112171,0,0,0,,,0,,0,,,,,0,,,0.0117043736724944,0.0989099305391666,,,,,,,0,0.0804508256845623,0,0,,,,,,0.0415999591782063,,,,,,0.000644218932382526,,,,0.00929333648001327,,0,,0,,,,,,0,0,,0,,,0.376332289401004,,0,,,0,,0,,,,,,0,0,0.381065066112171
0,0,2005,2005-09-18,005,Kiel,01,Schleswig-Holstein,erststimme,194234,151040,148790,2250,0.777618748519827,spd,0,,,,0,0,,,,,,0,,,,,0,,,0.338981114322199,0,0,0,,,0,,0,,,,,0,,,0.0118220310504738,0.0303044559446199,,,,,,,0,0.0618052288460246,0,0,,,,,,0.041017541501445,,,,,,0,,,,0.00882451777673231,,0,,0,,,,,,0,0,,0,,,0.507245110558505,,0,,,0,,0,,,,,,0,0,0.338981114322199
0,0,2005,2005-09-18,005,Kiel,01,Schleswig-Holstein,zweitstimme,194234,151040,148992,2048,0.777618748519827,spd,0,,,,0,0,,,,,,0,,,,,0,,,0.288236952319588,0,0,0,,,0,,0,,,,,0,,,0.0111214024914089,0.0885282431271478,,,,,,,0,0.127490066580756,0,0,,,,,,0.0597280390893471,,,,,,0.00102018900343643,,,,0.00924210695876289,,0,,0,,,,,,0,0,,0,,,0.414633000429553,,0,,,0,,0,,,,,,0,0,0.288236952319588
0,0,2005,2005-09-18,006,Plön - Neumünster,01,Schleswig-Holstein,erststimme,174075,136982,134422,2560,0.786913686629327,spd,0,,,,0,0,,,,,,0,,,,,0,,,0.424856050348901,0,0,0,,,0,,0,,,,,0,,,0.017415304042493,0.0356935620657333,,,,,,,0,0.0384312091770692,0,0,,,,,,0,,,,,,0,,,,0.013390665218491,,0,,0,,,,,,0,0,,0,,,0.470213209147312,,0,,,0,,0,,,,,,0,0,0.424856050348901
0,0,2005,2005-09-18,006,Plön - Neumünster,01,Schleswig-Holstein,zweitstimme,174075,136982,134882,2100,0.786913686629327,spd,0,,,,0,0,,,,,,0,,,,,0,,,0.362613247134532,0,0,0,,,0,,0,,,,,0,,,0.0131818923206951,0.0959727762043861,,,,,,,0,0.0766966681988701,0,0,,,,,,0.0445500511558251,,,,,,0.000822941534081642,,,,0.011313592621699,,0,,0,,,,,,0,0,,0,,,0.394848830829911,,0,,,0,,0,,,,,,0,0,0.362613247134532
0,0,2005,2005-09-18,007,Pinneberg,01,Schleswig-Holstein,erststimme,227185,185609,182963,2646,0.816994960054581,cdu,0,,,,0,0,,,,,,0,,,,,0,,,0.442357197903401,0,0,0,,,0,,0,,,,,0,,,0,0.0368544459808814,,,,,,,0,0.0498352125839651,0,0,,,,,,0.0335696288320589,,,,,,0,,,,0.00977793324333335,,0,,0,,,,,,0,0,,0,,,0.42760558145636,,0,,,0,,0,,,,,,0,0,0.442357197903401
0,0,2005,2005-09-18,007,Pinneberg,01,Schleswig-Holstein,zweitstimme,227185,185609,183322,2287,0.816994960054581,cdu,0,,,,0,0,,,,,,0,,,,,0,,,0.368390045930112,0,0,0,,,0,,0,,,,,0,,,0.0103970063603932,0.102529974580247,,,,,,,0,0.0906056010735209,0,0,,,,,,0.0438736212784063,,,,,,0.00050730408788907,,,,0.00965514231788874,,0,,0,,,,,,0,0,,0,,,0.374041304371543,,0,,,0,,0,,,,,,0,0,0.368390045930112
0,0,2005,2005-09-18,008,Segeberg - Stormarn-Nord,01,Schleswig-Holstein,erststimme,233522,188632,186453,2179,0.807769717628318,cdu,0,,,,0,0,,,,,,0,,,,,0,,,0.438780818758615,0,0,0,,,0,,0,,,,,0,,,0.0136656422798239,0.0403855127029332,,,,,,,0,0.0403426064477375,0,0,,,,,,0.0320241562216752,,,,,,0,,,,0.00831308694416287,,0,,0,,,,,,0,0,,0,,,0.426488176645053,,0,,,0,,0,,,,,,0,0,0.438780818758615
0,0,2005,2005-09-18,008,Segeberg - Stormarn-Nord,01,Schleswig-Holstein,zweitstimme,233522,188632,186525,2107,0.807769717628318,cdu,0,,,,0,0,,,,,,0,,,,,0,,,0.367527141133896,0,0,0,,,0,,0,,,,,0,,,0.0134941696823482,0.113480766653264,,,,,,,0,0.0863691194209891,0,0,,,,,,0.0437796542018496,,,,,,0.000487870258678461,,,,0.00915158825894652,,0,,0,,,,,,0,0,,0,,,0.365709690390028,,0,,,0,,0,,,,,,0,0,0.367527141133896
0,0,2005,2005-09-18,009,Ostholstein,01,Schleswig-Holstein,erststimme,177834,140965,139035,1930,0.79267744075936,spd,0,,,,0,0,,,,,,0,,,,,0,,,0.435919013198116,0,0,0,,,0,,0,,,,,0,,,0.0123422159887798,0.0388535260905527,,,,,,,0,0.0273168626604812,0,0,,,,,,0.0313805876218218,,,,,,0,,,,0.00863811270543388,,0,,0,,,,,,0,0,,0,,,0.445549681734815,,0,,,0,,0,,,,,,0,0,0.435919013198116
0,0,2005,2005-09-18,009,Ostholstein,01,Schleswig-Holstein,zweitstimme,177834,140965,139123,1842,0.79267744075936,spd,0,,,,0,0,,,,,,0,,,,,0,,,0.377823939966792,0,0,0,,,0,,0,,,,,0,,,0.0115581176369112,0.103807422209124,,,,,,,0,0.0672282800112131,0,0,,,,,,0.0416466004902137,,,,,,0.000467212466666187,,,,0.00970364353845159,,0,,0,,,,,,0,0,,0,,,0.387764783680628,,0,,,0,,0,,,,,,0,0,0.377823939966792
0,0,2005,2005-09-18,010,Herzogtum Lauenburg - Stormarn-Süd,01,Schleswig-Holstein,erststimme,232711,190357,186948,3409,0.817997430289071,cdu,0,,,,0,0,,,,,,0,,,,,0,,,0.4441288486638,0,0,0,,,0,,0,,,,,0,,,0,0.0479010206046601,,,,,,,0,0.0508109206838265,0,0,,,,,,0,,,,,,0,,,,0.0164644714038128,,0,,0,,,,,,0,0,,0,,,0.440694738643901,,0,,,0,,0,,,,,,0,0,0.4441288486638
0,0,2005,2005-09-18,010,Herzogtum Lauenburg - Stormarn-Süd,01,Schleswig-Holstein,zweitstimme,232711,190357,187899,2458,0.817997430289071,cdu,0,,,,0,0,,,,,,0,,,,,0,,,0.371976434148133,0,0,0,,,0,,0,,,,,0,,,0.00962219064497416,0.112006982474627,,,,,,,0,0.0922197563584692,0,0,,,,,,0.0436564324450902,,,,,,0.000564132858610211,,,,0.0122831946950223,,0,,0,,,,,,0,0,,0,,,0.357670876375074,,0,,,0,,0,,,,,,0,0,0.371976434148133
0,0,2005,2005-09-18,011,Lübeck,01,Schleswig-Holstein,erststimme,179114,132068,129782,2286,0.737340464731958,spd,0,,,,0,0,,,,,,0,,,,,0,,,0.356397651446271,0,0,0,,,0,,0,,,,,0,,,0.0173290594997765,0.0346195928557119,,,,,,,0,0.0436424157433234,0,0,,,,,,0.0412846157402413,,,,,,0,,,,0.0101863124316161,,0,,0,,,,,,0,0,,0,,,0.496540352283059,,0,,,0,,0,,,,,,0,0,0.356397651446271
0,0,2005,2005-09-18,011,Lübeck,01,Schleswig-Holstein,zweitstimme,179114,132068,129730,2338,0.737340464731958,spd,0,,,,0,0,,,,,,0,,,,,0,,,0.311863100285208,0,0,0,,,0,,0,,,,,0,,,0.0114699761042165,0.0837046172820473,,,,,,,0,0.0919448084483157,0,0,,,,,,0.0557773837971171,,,,,,0.00109458105295614,,,,0.0104216449549063,,0,,0,,,,,,0,0,,0,,,0.433723888075233,,0,,,0,,0,,,,,,0,0,0.311863100285208
0,0,2005,2005-09-18,012,Wismar - Nordwestmecklenburg - Parchim,13,Mecklenburg-Vorpommern,erststimme,219787,156558,153569,2989,0.712316925022863,spd,0,,,,0,0,,,,,,0,,,,,0,,,0.290787854319557,0,0,0,,,0,,0,,,,,0,,,0,0.0520873353346053,,,,,,,0,0.0281437008771302,0,0,,,,,,0.218201590164682,,,,,,0,,,,0.0331121515410011,,0,,0,,,,,,0,0,,0,,,0.377667367763025,,0,,,0,,0,,,,,,0,0,0.290787854319557
0,0,2005,2005-09-18,012,Wismar - Nordwestmecklenburg - Parchim,13,Mecklenburg-Vorpommern,zweitstimme,219787,156558,153789,2769,0.712316925022863,spd,0,,,,0,0,,,,,,0,,,,,0,,,0.2808848487213,0,0,0,,,0,,0,,,,,0,,,0,0.0624882143716391,,,,,,,0.00580665717313982,0.0419145712632243,0,0,,,,,,0.220470904941186,,,,,,0.00262697592155486,,,,0.0314001651613574,,0,,0.00262047350590745,,,,,,0,0,,0,,,0.351787188940691,,0,,,0,,0,,,,,,0,0,0.2808848487213
0,0,2005,2005-09-18,013,Schwerin - Ludwigslust,13,Mecklenburg-Vorpommern,erststimme,185092,134742,132146,2596,0.727973116072008,spd,0,,,,0,0,,,,,,0,,,,,0,,,0.267582825057134,0,0,0,,,0,,0,,,,,0,,,0,0.0390325851709473,,,,,,,0,0.0262285653746614,0,0,,,,,,0.213150606147746,,,,,,0,,,,0.0341213506273364,,0,,0,,,,,,0,0,,0,,,0.410001059434262,,0,,,0,,0,,,,,,0,0.00988300818791337,0.267582825057134
0,0,2005,2005-09-18,013,Schwerin - Ludwigslust,13,Mecklenburg-Vorpommern,zweitstimme,185092,134742,132410,2332,0.727973116072008,spd,0,,,,0,0,,,,,,0,,,,,0,,,0.257261536137754,0,0,0,,,0,,0,,,,,0,,,0,0.0587644437731289,,,,,,,0.00729552148629258,0.0460841326183823,0,0,,,,,,0.218850539989427,,,,,,0.0027037232837399,,,,0.0334642398610377,,0,,0.00306623366815195,,,,,,0,0,,0,,,0.372509629182086,,0,,,0,,0,,,,,,0,0,0.257261536137754
0,0,2005,2005-09-18,014,Rostock,13,Mecklenburg-Vorpommern,erststimme,193869,139568,137006,2562,0.719908804398847,spd,0,,,,0,0,,,,,,0,,,,,0,,,0.255850108754361,0,0,0,,,0,,0,,,,,0,,,0,0.0412828635242252,,,,,,,0,0.0942805424579945,0,0,,,,,,0.223187305665445,,,,,,0.00860546253448754,,,,0,,0,,0,,,,,,0,0,,0,,,0.376793717063486,,0,,,0,,0,,,,,,0,0,0.255850108754361
0,0,2005,2005-09-18,014,Rostock,13,Mecklenburg-Vorpommern,zweitstimme,193869,139568,137590,1978,0.719908804398847,spd,0,,,,0,0,,,,,,0,,,,,0,,,0.228352351188313,0,0,0,,,0,,0,,,,,0,,,0,0.0540446253361436,,,,,,,0.00875790391743586,0.0543862199287739,0,0,,,,,,0.2388182280689,,,,,,0.0041863507522349,,,,0.0201177411149066,,0,,0.00227487462751653,,,,,,0,0,,0,,,0.389061705065775,,0,,,0,,0,,,,,,0,0,0.228352351188313
0,0,2005,2005-09-18,015,Stralsund - Nordvorpommern - Rügen,13,Mecklenburg-Vorpommern,erststimme,203689,141356,138300,3056,0.693979547250956,cdu,0,,,,0,0,,,,,,0,,,,,0,,,0.413094721619667,0,0,0,,,0,,0,,,,,0,,,0,0.0294866232827187,,,,,,,0,0.0197686189443239,0,0,,,,,,0.237527114967462,,,,,,0,,,,0.0346131597975416,,0,,0,,,,,,0,0,,0,,,0.253275488069414,,0,,,0,,0,,,,,,0,0.012234273318872,0.413094721619667
0,0,2005,2005-09-18,015,Stralsund - Nordvorpommern - Rügen,13,Mecklenburg-Vorpommern,zweitstimme,203689,141356,138197,3159,0.693979547250956,cdu,0,,,,0,0,,,,,,0,,,,,0,,,0.345760038206329,0,0,0,,,0,,0,,,,,0,,,0,0.074900323451305,,,,,,,0.00735182384566959,0.0318675513940245,0,0,,,,,,0.240916951887523,,,,,,0.00328516537985629,,,,0.0364190250150148,,0,,0.00277864208340268,,,,,,0,0,,0,,,0.256720478736876,,0,,,0,,0,,,,,,0,0,0.345760038206329
0,0,2005,2005-09-18,016,Greifswald - Demmin - Ostvorpommern,13,Mecklenburg-Vorpommern,erststimme,208610,145628,142517,3111,0.698087340012464,cdu,0,,,,0,0,,,,,,0,,,,,0,,,0.371885459278542,0,0,0,,,0,,0,,,,,0,,,0,0.055754752064666,,,,,,,0,0.0270494046324298,0,0,,,,,,0.242378102261485,,,,,,0,,,,0.0481696920367395,,0,,0,,,,,,0,0,,0,,,0.254762589726138,,0,,,0,,0,,,,,,0,0,0.371885459278542
0,0,2005,2005-09-18,016,Greifswald - Demmin - Ostvorpommern,13,Mecklenburg-Vorpommern,zweitstimme,208610,145628,142649,2979,0.698087340012464,cdu,0,,,,0,0,,,,,,0,,,,,0,,,0.356644631227699,0,0,0,,,0,,0,,,,,0,,,0,0.0666110523032058,,,,,,,0.0069751628122174,0.0330741890935092,0,0,,,,,,0.237386872673485,,,,,,0.00281109576653184,,,,0.0452789714614193,,0,,0.00292325918863785,,,,,,0,0,,0,,,0.248294765473295,,0,,,0,,0,,,,,,0,0,0.356644631227699
0,0,2005,2005-09-18,017,Bad Doberan - Güstrow - Müritz,13,Mecklenburg-Vorpommern,erststimme,215271,154726,151458,3268,0.718749854834139,spd,0,,,,0,0,,,,,,0,,,,,0,,,0.321230968321251,0,0,0,,,0,,0,,,,,0,,,0,0.0384264944737155,,,,,,,0,0.0280737894333743,0,0,,,,,,0.22992512775819,,,,,,0,,,,0.0347357023069102,,0,,0.00488584293995695,,,,,,0,0,,0,,,0.335644204994124,,0,,,0,,0,,,,,,0,0.00707786977247818,0.321230968321251
0,0,2005,2005-09-18,017,Bad Doberan - Güstrow - Müritz,13,Mecklenburg-Vorpommern,zweitstimme,215271,154726,151772,2954,0.718749854834139,spd,0,,,,0,0,,,,,,0,,,,,0,,,0.305029913290989,0,0,0,,,0,,0,,,,,0,,,0,0.0623962259178241,,,,,,,0.00550167356297604,0.0394605065492976,0,0,,,,,,0.230740848114277,,,,,,0.00268165406003743,,,,0.0334119600453312,,0,,0.00433545054423741,,,,,,0,0,,0,,,0.31644176791503,,0,,,0,,0,,,,,,0,0,0.305029913290989
0,0,2005,2005-09-18,018,Neubrandenburg - Mecklenburg-Strelitz - Uecker-Randow,13,Mecklenburg-Vorpommern,erststimme,192472,138309,135185,3124,0.718592834282389,cdu,0,,,,0,0,,,,,,0,,,,,0,,,0.31302289455191,0,0,0,,,0,,0,,,,,0,,,0,0.0457373229278396,,,,,,,0,0.0248400340274439,0,0,,,,,,0.27173133113881,,,,,,0,,,,0.0476162296112734,,0,,0,,,,,,0,0,,0,,,0.297052187742723,,0,,,0,,0,,,,,,0,0,0.31302289455191
0,0,2005,2005-09-18,018,Neubrandenburg - Mecklenburg-Strelitz - Uecker-Randow,13,Mecklenburg-Vorpommern,zweitstimme,192472,138309,135312,2997,0.718592834282389,cdu,0,,,,0,0,,,,,,0,,,,,0,,,0.293270367742698,0,0,0,,,0,,0,,,,,0,,,0,0.0583761972330614,,,,,,,0.00632612037365496,0.0313128177840842,0,0,,,,,,0.271831027551141,,,,,,0.00257922431122147,,,,0.0454948563320326,,0,,0.00295613101572662,,,,,,0,0,,0,,,0.287853257656379,,0,,,0,,0,,,,,,0,0,0.293270367742698
0,0,2005,2005-09-18,019,Hamburg-Mitte,02,Hamburg,erststimme,245210,179752,177164,2588,0.733053301251988,spd,0,,,,0,0,,,,,,0,,,,,0,,,0.275236504030164,0,0,0,,,0,,0,,,,,0,,,0,0.036164232011018,,,,,,,0,0.114187984014811,0,0,,,,,,0.0613499356528414,,,,,,0,,,,0.0137330383147818,,0,,0,,,,,,0,0,,0,,,0.495292497347091,,0,,,0,,0,,,,,,0,0.00403580862929263,0.275236504030164
0,0,2005,2005-09-18,019,Hamburg-Mitte,02,Hamburg,zweitstimme,245210,179752,177366,2386,0.733053301251988,spd,0,,,,0,0.00214810053787084,,,,,,0,,,,,0,,,0.238777443252935,0,0,0,,,0,,0.0040988690053336,,,,,0,,,0,0.0778390446872569,,,,,,,0,0.156191152757575,0,0,,,,,,0.078746772211134,,,,,,0.000659652921078448,,,,0.0124093681990911,,0,,0,,,,,,0,0,,0,,,0.42044698532977,,0,,,0.00868261109795564,,0,,,,,,0,0,0.238777443252935
0,0,2005,2005-09-18,020,Hamburg-Altona,02,Hamburg,erststimme,170950,136372,134820,1552,0.797730330505996,spd,0,,,,0,0,,,,,,0,,,,,0,,,0.337249666221629,0,0,0,,,0,,0,,,,,0,,,0,0.0329624684764872,,,,,,,0,0.11502002670227,0,0,,,,,,0.0481530930129061,,,,,,0,,,,0.00721703011422638,,0,,0,,,,,,0,0,,0,,,0.459397715472482,,0,,,0,,0,,,,,,0,0,0.337249666221629
0,0,2005,2005-09-18,020,Hamburg-Altona,02,Hamburg,zweitstimme,170950,136372,135037,1335,0.797730330505996,spd,0,,,,0,0.00199204662425854,,,,,,0,,,,,0,,,0.283870346645734,0,0,0,,,0,,0.0033990684034746,,,,,0,,,0,0.090234528314462,,,,,,,0,0.188000325836623,0,0,,,,,,0.0660115375785896,,,,,,0.000636862489539904,,,,0.00704251427386568,,0,,0,,,,,,0,0,,0,,,0.352495982582551,,0,,,0.00631678725090161,,0,,,,,,0,0,0.283870346645734
0,0,2005,2005-09-18,021,Hamburg-Eimsbüttel,02,Hamburg,erststimme,181988,147354,145629,1725,0.809690748840583,spd,0,,,,0,0,,,,,,0,,,,,0,,,0.336739248363993,0,0,0,,,0,,0,,,,,0,,,0,0.036373249833481,,,,,,,0,0.125311579424428,0,0,,,,,,0.0437138207362545,,,,,,0,,,,0.00733370413859877,,0,,0,,,,,,0,0,,0,,,0.450528397503245,,0,,,0,,0,,,,,,0,0,0.336739248363993
0,0,2005,2005-09-18,021,Hamburg-Eimsbüttel,02,Hamburg,zweitstimme,181988,147354,146017,1337,0.809690748840583,spd,0,,,,0,0.00113000541032893,,,,,,0,,,,,0,,,0.274337919557312,0,0,0,,,0,,0.00249970893800037,,,,,0,,,0,0.0947903326325017,,,,,,,0,0.17958867803064,0,0,,,,,,0.0614791428395324,,,,,,0.000369819952471288,,,,0.00623215105090503,,0,,0,,,,,,0,0,,0,,,0.373162029078806,,0,,,0.00641021250950232,,0,,,,,,0,0,0.274337919557312
0,0,2005,2005-09-18,022,Hamburg-Nord,02,Hamburg,erststimme,203063,168352,166771,1581,0.829062901661061,spd,0,,,,0,0,,,,,,0,,,,,0,,,0.394481054859658,0,0,0,,,0,,0,,,,,0,,,0,0.0359954668377596,,,,,,,0,0.0970012772004725,0,0,,,,,,0.0335909720514958,,,,,,0,,,,0.00631404740632364,,0,,0,,,,,,0,0,,0,,,0.432617181644291,,0,,,0,,0,,,,,,0,0,0.394481054859658
0,0,2005,2005-09-18,022,Hamburg-Nord,02,Hamburg,zweitstimme,203063,168352,166993,1359,0.829062901661061,spd,0,,,,0,0.000964112268178906,,,,,,0,,,,,0,,,0.322241052020145,0,0,0,,,0,,0.00162282251351853,,,,,0,,,0,0.108321905708623,,,,,,,0,0.156551472217398,0,0,,,,,,0.0476127741881396,,,,,,0.000275460648051116,,,,0.00586252118352266,,0,,0,,,,,,0,0,,0,,,0.350888959417461,,0,,,0.00565891983496314,,0,,,,,,0,0,0.322241052020145
0,0,2005,2005-09-18,023,Hamburg-Wandsbek,02,Hamburg,erststimme,214063,163239,161186,2053,0.76257456916889,spd,0,,,,0,0,,,,,,0,,,,,0,,,0.357208442420558,0,0,0,,,0,,0,,,,,0,,,0,0.0350402640427829,,,,,,,0,0.0511024530666435,0,0,,,,,,0.0467906642016056,,,,,,0,,,,0.0139962527762957,,0,,0,,,,,,0,0,,0,,,0.495861923492115,,0,,,0,,0,,,,,,0,0,0.357208442420558
0,0,2005,2005-09-18,023,Hamburg-Wandsbek,02,Hamburg,zweitstimme,214063,163239,161343,1896,0.76257456916889,spd,0,,,,0,0.00096688421561518,,,,,,0,,,,,0,,,0.305591193916067,0,0,0,,,0,,0.00176642308622004,,,,,0,,,0,0.0903169024996436,,,,,,,0,0.114780312749856,0,0,,,,,,0.0609075076080152,,,,,,0.000328492714279516,,,,0.0134558053339779,,0,,0,,,,,,0,0,,0,,,0.40351921062581,,0,,,0.00836726725051598,,0,,,,,,0,0,0.305591193916067
0,0,2005,2005-09-18,024,Hamburg-Bergedorf - Harburg,02,Hamburg,erststimme,215443,159084,156656,2428,0.738404125453136,spd,0,,,,0,0,,,,,,0,,,,,0,,,0.343491471759779,0,0,0,,,0,,0,,,,,0,,,0,0.0325873250944745,,,,,,,0,0.0467904197732612,0,0,,,,,,0.0487182106015729,,,,,,0,,,,0.0150137881728118,,0,,0.00293637013583904,,,,,,0,0,,0,,,0.510462414462261,,0,,,0,,0,,,,,,0,0,0.343491471759779
0,0,2005,2005-09-18,024,Hamburg-Bergedorf - Harburg,02,Hamburg,zweitstimme,215443,159084,156608,2476,0.738404125453136,spd,0,,,,0,0.00119406416019616,,,,,,0,,,,,0,,,0.310067174090723,0,0,0,,,0,,0.00254776256640785,,,,,0,,,0,0.0772629750715161,,,,,,,0,0.107120964446261,0,0,,,,,,0.0627490294237842,,,,,,0.000542756436452799,,,,0.0143734675112383,,0,,0,,,,,,0,0,,0,,,0.41622394769105,,0,,,0.00791785860237025,,0,,,,,,0,0,0.310067174090723
0,0,2005,2005-09-18,025,Aurich - Emden,03,Niedersachsen,erststimme,187031,144499,141810,2689,0.772593848078661,spd,0,,,,0,0,,,,,,0,,,,,0,,,0.271257316127213,0,0,0,,,0,,0,,,,,0,,,0,0.0313165503138002,,,,,,,0,0.0616881743177491,0,0,,,,,,0.0388971158592483,,,,,,0,,,,0.0117058035399478,,0,,0,,,,,,0,0,,0,,,0.582596431845427,,0,,,0,,0,,,,,,0,0.00253860799661519,0.271257316127213
0,0,2005,2005-09-18,025,Aurich - Emden,03,Niedersachsen,zweitstimme,187031,144499,142226,2273,0.772593848078661,spd,0,,,,0,0,,,,,,0,,,,,0.000435925920717731,,,0.248674644579753,0,0,0,,,0,,0,,,,,0,,,0,0.0618733564889683,,,,,,,0.00284758061114002,0.0623514687891103,0,0,,,,,,0.0446964690000422,,,,,,0.000562485058990621,,,,0.0112918875592367,,0,,0.00189838707409334,,,,,,0.00103356629589527,0,,0,,,0.558603912083585,,0,,,0.00573031653846695,,0,,,,,,0,0,0.248674644579753
0,0,2005,2005-09-18,026,Unterems,03,Niedersachsen,erststimme,227506,177726,175313,2413,0.781192583931852,cdu,0,,,,0,0,,,,,,0,,,,,0,,,0.470923434086463,0,0,0,,,0,,0,,,,,0,,,0,0.0470358729814674,,,,,,,0,0.0356277058746357,0,0,,,,,,0.032752847763714,,,,,,0,,,,0.0109518404225585,,0,,0.00558429779879416,,,,,,0,0,,0,,,0.397124001072368,,0,,,0,,0,,,,,,0,0,0.470923434086463
0,0,2005,2005-09-18,026,Unterems,03,Niedersachsen,zweitstimme,227506,177726,175431,2295,0.781192583931852,cdu,0,,,,0,0,,,,,,0,,,,,0.000336314562420553,,,0.405492757836414,0,0,0,,,0,,0,,,,,0,,,0,0.0777171651532511,,,,,,,0.00214329280457844,0.0412811874754177,0,0,,,,,,0.0406826615592455,,,,,,0.000188108145082682,,,,0.0109159726616162,,0,,0.00412697869817763,,,,,,0.000655528384379044,0,,0,,,0.411369712308543,,0,,,0.00509032041087379,,0,,,,,,0,0,0.405492757836414
0,0,2005,2005-09-18,027,Friesland - Wilhelmshaven,03,Niedersachsen,erststimme,190965,146571,143633,2938,0.767528081061975,spd,0,,,,0,0,,,,,,0,,,,,0,,,0.337471193945681,0,0,0,,,0,,0,,,,,0,,,0,0.0500372477076995,,,,,,,0,0.0381527921856398,0,0,,,,,,0.0418009788836827,,,,,,0,,,,0.0167997605007206,,0,,0,,,,,,0,0,,0,,,0.50443839507634,,0,,,0,,0,,,,,,0,0.011299631700236,0.337471193945681
0,0,2005,2005-09-18,027,Friesland - Wilhelmshaven,03,Niedersachsen,zweitstimme,190965,146571,143982,2589,0.767528081061975,spd,0,,,,0,0,,,,,,0,,,,,0.000638968759983887,,,0.30489922351405,0,0,0,,,0,,0,,,,,0,,,0,0.0892194857690545,,,,,,,0.00678557041852454,0.058403133725049,0,0,,,,,,0.0483532663805198,,,,,,0.00113208595518884,,,,0.014904640857885,,0,,0.00111125001736328,,,,,,0.000986234390409912,0,,0,,,0.466259671347807,,0,,,0.00730646886416358,,0,,,,,,0,0,0.30489922351405
0,0,2005,2005-09-18,028,Oldenburg - Ammerland,03,Niedersachsen,erststimme,210068,166206,163987,2219,0.791200944456081,spd,0,,,,0,0,,,,,,0,,,,,0,,,0.355906260862142,0,0,0,,,0,,0,,,,,0,,,0,0.0386676992688445,,,,,,,0,0.0998188880825919,0,0,,,,,,0.0485587272161818,,,,,,0,,,,0.00972638074969357,,0,,0,,,,,,0,0,,0,,,0.447322043820547,,0,,,0,,0,,,,,,0,0,0.355906260862142
0,0,2005,2005-09-18,028,Oldenburg - Ammerland,03,Niedersachsen,zweitstimme,210068,166206,164365,1841,0.791200944456081,spd,0,,,,0,0,,,,,,0,,,,,0.000377209259878928,,,0.282967785112402,0,0,0,,,0,,0,,,,,0,,,0,0.0931341830681714,,,,,,,0.00296291789614577,0.110637909530618,0,0,,,,,,0.052219146411949,,,,,,0.000492805645970858,,,,0.00968576035043957,,0,,0.00113162777963678,,,,,,0.000851762844887902,0,,0,,,0.439972013506525,,0,,,0.0055668785933745,,0,,,,,,0,0,0.282967785112402
0,0,2005,2005-09-18,029,Delmenhorst - Wesermarsch - Oldenburg-Land,03,Niedersachsen,erststimme,224736,175320,172438,2882,0.780115335326784,spd,0,,,,0,0,,,,,,0,,,,,0,,,0.344048295619295,0,0,0,,,0,,0,,,,,0,,,0,0.0506906830281029,,,,,,,0,0.0476055161855276,0,0,,,,,,0.0397592178058201,,,,,,0,,,,0.0123116714413296,,0,,0,,,,,,0,0,,0,,,0.50059151695102,,0,,,0,,0,,,,,,0,0.00499309896890477,0.344048295619295
0,0,2005,2005-09-18,029,Delmenhorst - Wesermarsch - Oldenburg-Land,03,Niedersachsen,zweitstimme,224736,175320,172408,2912,0.780115335326784,spd,0,,,,0,0,,,,,,0,,,,,0.000429214421604566,,,0.287463458772215,0,0,0,,,0,,0,,,,,0,,,0,0.103452275996473,,,,,,,0.00461115493480581,0.0719514175676303,0,0,,,,,,0.0487100366572317,,,,,,0.000429214421604566,,,,0.0124240174469862,,0,,0.00119484014662893,,,,,,0.000962832351166999,0,,0,,,0.461997123103336,,0,,,0.00637441418031646,,0,,,,,,0,0,0.287463458772215
0,0,2005,2005-09-18,030,Cuxhaven - Osterholz,03,Niedersachsen,erststimme,210025,166947,164735,2212,0.794891084394715,spd,0,,,,0,0,,,,,,0,,,,,0,,,0.355595350107749,0,0,0,,,0,,0,,,,,0,,,0,0.0402403860746047,,,,,,,0,0.0452484292955353,0,0,,,,,,0.0464564300239779,,,,,,0,,,,0.0144656569642153,,0,,0,,,,,,0,0,,0,,,0.497993747533918,,0,,,0,,0,,,,,,0,0,0.355595350107749
0,0,2005,2005-09-18,030,Cuxhaven - Osterholz,03,Niedersachsen,zweitstimme,210025,166947,164921,2026,0.794891084394715,spd,0,,,,0,0,,,,,,0,,,,,0.000630604956312416,,,0.308468903293092,0,0,0,,,0,,0,,,,,0,,,0,0.0892609188641835,,,,,,,0.00494782350337434,0.0792500651827239,0,0,,,,,,0.0515458916693447,,,,,,0.000333493005742143,,,,0.0134246093584201,,0,,0.00180086223100757,,,,,,0.000861018305734261,0,,0,,,0.442763504950855,,0,,,0.00671230467921005,,0,,,,,,0,0,0.308468903293092
0,0,2005,2005-09-18,031,Stade - Cuxhaven,03,Niedersachsen,erststimme,189309,149433,147157,2276,0.789360252285945,spd,0,,,,0,0,,,,,,0,,,,,0,,,0.424818391242007,0,0,0,,,0,,0,,,,,0,,,0,0.0374701849045577,,,,,,,0,0.0372119572973083,0,0,,,,,,0,,,,,,0,,,,0.0198767302948552,,0,,0,,,,,,0,0,,0,,,0.480622736261272,,0,,,0,,0,,,,,,0,0,0.424818391242007
0,0,2005,2005-09-18,031,Stade - Cuxhaven,03,Niedersachsen,zweitstimme,189309,149433,147717,1716,0.789360252285945,spd,0,,,,0,0,,,,,,0,,,,,0.000392642688383869,,,0.354854214477684,0,0,0,,,0,,0,,,,,0,,,0,0.0911608007202962,,,,,,,0.00399412389907729,0.0682792095696501,0,0,,,,,,0.0395418266008652,,,,,,0.000338485076192991,,,,0.0146496340976326,,0,,0.00100868552705511,,,,,,0.000846212690482477,0,,0,,,0.418699269549206,,0,,,0.00623489510347489,,0,,,,,,0,0,0.354854214477684
0,0,2005,2005-09-18,032,Mittelems,03,Niedersachsen,erststimme,222778,179716,177735,1981,0.80670443221503,cdu,0,,,,0,0,,,,,,0,,,,,0,,,0.556345120544631,0,0,0,,,0,,0,,,,,0,,,0,0.0346977241398712,,,,,,,0,0.0329029172644668,0,0,,,,,,0.0242777168256112,,,,,,0,,,,0.0072411173938729,,0,,0,,,,,,0,0,,0,,,0.344535403831547,,0,,,0,,0,,,,,,0,0,0.556345120544631
0,0,2005,2005-09-18,032,Mittelems,03,Niedersachsen,zweitstimme,222778,179716,177790,1926,0.80670443221503,cdu,0,,,,0,0,,,,,,0,,,,,0.000326227571854435,,,0.486641543393892,0,0,0,,,0,,0,,,,,0,,,0,0.0846054333764554,,,,,,,0.00179425164519939,0.0461893244839417,0,0,,,,,,0.0275437313684684,,,,,,0.000168738399235053,,,,0.006957646661792,,0,,0.00104055346194949,,,,,,0.000680578210248046,0,,0,,,0.339771640699702,,0,,,0.0042803307272625,,0,,,,,,0,0,0.486641543393892
0,0,2005,2005-09-18,033,Cloppenburg - Vechta,03,Niedersachsen,erststimme,206345,160307,157931,2376,0.77688822118297,cdu,0,,,,0,0,,,,,,0,,,,,0,,,0.644439660358005,0,0,0,,,0,,0,,,,,0,,,0,0.0391120172733662,,,,,,,0,0.0235735859330974,0,0,,,,,,0.0191096111593037,,,,,,0,,,,0.00790218513148147,,0,,0,,,,,,0,0,,0,,,0.265862940144747,,0,,,0,,0,,,,,,0,0,0.644439660358005
0,0,2005,2005-09-18,033,Cloppenburg - Vechta,03,Niedersachsen,zweitstimme,206345,160307,158329,1978,0.77688822118297,cdu,0,,,,0,0,,,,,,0,,,,,0.000315798116580033,,,0.57167669852017,0,0,0,,,0,,0,,,,,0,,,0,0.101503830631154,,,,,,,0.0019200525488066,0.0330135351072766,0,0,,,,,,0.0227500963184256,,,,,,0.000221058681606023,,,,0.0076991580822212,,0,,0.00320219290212153,,,,,,0.000656860082486468,0,,0,,,0.253169034099881,,0,,,0.0038716849092712,,0,,,,,,0,0,0.57167669852017
0,0,2005,2005-09-18,034,Diepholz - Nienburg I,03,Niedersachsen,erststimme,192368,152034,150370,1664,0.790328952840389,spd,0,,,,0,0,,,,,,0,,,,,0,,,0.390264015428609,0,0,0,,,0,,0,,,,,0,,,0,0.0495710580567932,,,,,,,0,0.0553900379064973,0,0,,,,,,0.0360311232293676,,,,,,0,,,,0.0115382057591275,,0,,0,,,,,,0,0,,0,,,0.457205559619605,,0,,,0,,0,,,,,,0,0,0.390264015428609
0,0,2005,2005-09-18,034,Diepholz - Nienburg I,03,Niedersachsen,zweitstimme,192368,152034,150578,1456,0.790328952840389,spd,0,,,,0,0,,,,,,0,,,,,0.000498080728924544,,,0.33411919403897,0,0,0,,,0,,0,,,,,0,,,0,0.10686820119805,,,,,,,0.00361938663018502,0.0735167155892627,0,0,,,,,,0.0436783593884897,,,,,,0.000371900277596993,,,,0.0118343981192472,,0,,0.00209193906148309,,,,,,0.000743800555193986,0,,0,,,0.416880287957072,,0,,,0.00577773645552471,,0,,,,,,0,0,0.33411919403897
0,0,2005,2005-09-18,035,Rotenburg - Verden,03,Niedersachsen,erststimme,228603,181702,179650,2052,0.794836463213519,spd,0,,,,0,0,,,,,,0,,,,,0,,,0.402521569718898,0,0,0,,,0,,0,,,,,0,,,0,0.0502477038686335,,,,,,,0,0.0566212079042583,0,0,,,,,,0.0318062900083496,,,,,,0,,,,0.0168828277205678,,0,,0,,,,,,0,0,,0,,,0.441920400779293,,0,,,0,,0,,,,,,0,0,0.402521569718898
0,0,2005,2005-09-18,035,Rotenburg - Verden,03,Niedersachsen,zweitstimme,228603,181702,179911,1791,0.794836463213519,spd,0,,,,0,0,,,,,,0,,,,,0.000533597167488369,,,0.352135222415528,0,0,0,,,0,,0,,,,,0,,,0,0.0941132004157611,,,,,,,0.00295701763649805,0.078010794226034,0,0,,,,,,0.0408368582243443,,,,,,0.000277915191400192,,,,0.0154965510724747,,0,,0.00341279855039436,,,,,,0.000878212004824608,0,,0,,,0.405378214783977,,0,,,0.00596961831127613,,0,,,,,,0,0,0.352135222415528
0,0,2005,2005-09-18,036,Soltau-Fallingbostel - Winsen L.,03,Niedersachsen,erststimme,249536,203505,200794,2711,0.815533630418056,spd,0,,,,0,0,,,,,,0,,,,,0,,,0.422343297110471,0,0,0,,,0,,0,,,,,0,,,0,0.0413558174049025,,,,,,,0,0.0411466478082014,0,0,,,,,,0.0337609689532556,,,,,,0,,,,0.0137952329252866,,0,,0.0052641015169776,,,,,,0,0,,0,,,0.442333934280905,,0,,,0,,0,,,,,,0,0,0.422343297110471
0,0,2005,2005-09-18,036,Soltau-Fallingbostel - Winsen L.,03,Niedersachsen,zweitstimme,249536,203505,201243,2262,0.815533630418056,spd,0,,,,0,0,,,,,,0,,,,,0.000467096992193517,,,0.355416089006823,0,0,0,,,0,,0,,,,,0,,,0,0.105777592264079,,,,,,,0.00349328920757492,0.0799431533022267,0,0,,,,,,0.0388038341706295,,,,,,0.000293177899355506,,,,0.0128749819869511,,0,,0.00328955541310754,,,,,,0.000988854270707552,0,,0,,,0.392028542607693,,0,,,0.00662383287865913,,0,,,,,,0,0,0.355416089006823
0,0,2005,2005-09-18,037,Lüchow-Dannenberg - Lüneburg,03,Niedersachsen,erststimme,220920,175719,173326,2393,0.795396523628463,spd,0,,,,0,0,,,,,,0,,,,,0,,,0.38302389716488,0,0,0,,,0,,0,,,,,0,,,0,0.0413209789644947,,,,,,,0,0.0759955228875068,0,0,,,,,,0.0473616191454254,,,,,,0,,,,0.0142390639603983,,0,,0,,,,,,0,0,,0,,,0.438058917877295,,0,,,0,,0,,,,,,0,0,0.38302389716488
0,0,2005,2005-09-18,037,Lüchow-Dannenberg - Lüneburg,03,Niedersachsen,zweitstimme,220920,175719,173697,2022,0.795396523628463,spd,0,,,,0,0,,,,,,0,,,,,0.000466329297569906,,,0.325710864321203,0,0,0,,,0,,0,,,,,0,,,0,0.0967892364289539,,,,,,,0.0041106064008014,0.109299527337835,0,0,,,,,,0.0548023281921968,,,,,,0.000385729172063996,,,,0.0133105350121188,,0,,0.00195167446760739,,,,,,0.000852058469633903,0,,0,,,0.386253072879785,,0,,,0.00606803802023063,,0,,,,,,0,0,0.325710864321203
0,0,2005,2005-09-18,038,Osnabrück-Land,03,Niedersachsen,erststimme,194638,154657,152761,1896,0.79458790164305,cdu,0,,,,0,0,,,,,,0,,,,,0,,,0.468287062797442,0,0,0,,,0,,0,,,,,0,,,0,0.0434338607367064,,,,,,,0,0.0450638579218518,0,0,,,,,,0.0279783452582793,,,,,,0,,,,0.0100287377013767,,0,,0,,,,,,0,0,,0,,,0.405208135584344,,0,,,0,,0,,,,,,0,0,0.468287062797442
0,0,2005,2005-09-18,038,Osnabrück-Land,03,Niedersachsen,zweitstimme,194638,154657,152984,1673,0.79458790164305,cdu,0,,,,0,0,,,,,,0,,,,,0.000346441457930241,,,0.405924802593735,0,0,0,,,0,,0,,,,,0,,,0,0.100474559431052,,,,,,,0.00208518537886315,0.0663010510903101,0,0,,,,,,0.0329380850284997,,,,,,0.000137269256915756,,,,0.00968728755948334,,0,,0.00304607017727344,,,,,,0.000647126496888564,0,,0,,,0.373895309313392,,0,,,0.00451681221565654,,0,,,,,,0,0,0.405924802593735
0,0,2005,2005-09-18,039,Stadt Osnabrück,03,Niedersachsen,erststimme,191774,153955,152090,1865,0.802793913669215,spd,0,,,,0,0,,,,,,0,,,,,0,,,0.404148859228089,0,0,0,,,0,,0,,,,,0,,,0,0.0528502860148596,,,,,,,0,0.0626471168387139,0,0,,,,,,0.0315668354263923,,,,,,0,,,,0.00736406075350122,,0,,0,,,,,,0,0,,0,,,0.441422841738444,,0,,,0,,0,,,,,,0,0,0.404148859228089
0,0,2005,2005-09-18,039,Stadt Osnabrück,03,Niedersachsen,zweitstimme,191774,153955,152307,1648,0.802793913669215,spd,0,,,,0,0,,,,,,0,,,,,0.000308587261255228,,,0.357376876965602,0,0,0,,,0,,0,,,,,0,,,0,0.0920180950317451,,,,,,,0.00282981084257454,0.0967388235603091,0,0,,,,,,0.0368663291903852,,,,,,0.000400506870990828,,,,0.0069333648486281,,0,,0.00187778631317011,,,,,,0.000558083344823285,0,,0,,,0.400119495492656,,0,,,0.00397224027785985,,0,,,,,,0,0,0.357376876965602
0,0,2005,2005-09-18,040,Nienburg II - Schaumburg,03,Niedersachsen,erststimme,199276,157540,155516,2024,0.790561833838495,spd,0,,,,0,0,,,,,,0,,,,,0,,,0.3680457316289,0,0,0,,,0,,0,,,,,0,,,0,0.0345559299364696,,,,,,,0,0.0333727719334345,0,0,,,,,,0.0298168677177911,,,,,,0,,,,0.015194578049847,,0,,0,,,,,,0,0,,0,,,0.516216980889426,,0,,,0,,0,,,,,,0,0.00279713984413179,0.3680457316289
0,0,2005,2005-09-18,040,Nienburg II - Schaumburg,03,Niedersachsen,zweitstimme,199276,157540,155704,1836,0.790561833838495,spd,0,,,,0,0,,,,,,0,,,,,0.000481683193752248,,,0.325251759749268,0,0,0,,,0,,0,,,,,0,,,0,0.0805888095360428,,,,,,,0.00284514206442994,0.0607370395108668,0,0,,,,,,0.036081282433335,,,,,,0.000289009916251349,,,,0.0152147664799877,,0,,0.00277449519601295,,,,,,0.000899141961670863,0,,0,,,0.469647536351025,,0,,,0.00518933360735755,,0,,,,,,0,0,0.325251759749268
0,0,2005,2005-09-18,041,Stadt Hannover I,03,Niedersachsen,erststimme,179372,140366,138511,1855,0.782541310795442,spd,0,,,,0,0,,,,,,0,,,,,0,,,0.318104699265762,0,0,0,,,0,,0,,,,,0,,,0,0.0391232465291565,,,,,,,0,0.0601612868292049,0,0,,,,,,0.0401773144371205,,,,,,0.00149446614348319,,,,0.012497202388258,,0,,0,,,,,,0,0,,0,,,0.528441784407015,,0,,,0,,0,,,,,,0,0,0.318104699265762
0,0,2005,2005-09-18,041,Stadt Hannover I,03,Niedersachsen,zweitstimme,179372,140366,138818,1548,0.782541310795442,spd,0,,,,0,0,,,,,,0,,,,,0.000533072079989627,,,0.261587114063018,0,0,0,,,0,,0,,,,,0,,,0,0.0889582042674581,,,,,,,0.00494172225503897,0.110619660274604,0,0,,,,,,0.0480197092596061,,,,,,0.000662738261608725,,,,0.0119436960624703,,0,,0.00224754714806437,,,,,,0.000619516201069026,0,,0,,,0.464471466236367,,0,,,0.00539555389070582,,0,,,,,,0,0,0.261587114063018
0,0,2005,2005-09-18,042,Stadt Hannover II,03,Niedersachsen,erststimme,188507,147965,145959,2006,0.784931063567931,spd,0,,,,0,0,,,,,,0,,,,,0,,,0.303167327811235,0,0,0,,,0,,0,,,,,0,,,0,0.0317143855466261,,,,,,,0,0.0681218698401606,0,0,,,,,,0.0431970621886968,,,,,,0,,,,0.0108455114107386,,0,,0,,,,,,0,0,,0,,,0.542953843202543,,0,,,0,,0,,,,,,0,0,0.303167327811235
0,0,2005,2005-09-18,042,Stadt Hannover II,03,Niedersachsen,zweitstimme,188507,147965,146313,1652,0.784931063567931,spd,0,,,,0,0,,,,,,0,,,,,0.000574111664718788,,,0.253559150588123,0,0,0,,,0,,0,,,,,0,,,0,0.0798903720106894,,,,,,,0.00368388318194556,0.138545447089459,0,0,,,,,,0.0544654268588574,,,,,,0.000724474243573708,,,,0.00975989830021939,,0,,0.00200255616384053,,,,,,0.000574111664718788,0,,0,,,0.451115075215463,,0,,,0.00510549301839208,,0,,,,,,0,0,0.253559150588123
0,0,2005,2005-09-18,043,Hannover-Land I,03,Niedersachsen,erststimme,231063,187725,185343,2382,0.812440762908817,spd,0,,,,0,0,,,,,,0,,,,,0,,,0.382210280399044,0,0,0,,,0,,0,,,,,0,,,0,0.0427909335664147,,,,,,,0,0.0329119524341356,0,0,,,,,,0.0294912675418009,,,,,,0,,,,0.0134939004979956,,0,,0,,,,,,0,0,,0,,,0.499101665560609,,0,,,0,,0,,,,,,0,0,0.382210280399044
0,0,2005,2005-09-18,043,Hannover-Land I,03,Niedersachsen,zweitstimme,231063,187725,185691,2034,0.812440762908817,spd,0,,,,0,0,,,,,,0,,,,,0.00046852028369711,,,0.324689941892714,0,0,0,,,0,,0,,,,,0,,,0,0.0980392156862745,,,,,,,0.00384509750068662,0.0706119305728334,0,0,,,,,,0.0352951947051823,,,,,,0.000306961565180865,,,,0.0123700125477271,,0,,0.00238029845280601,,,,,,0.000829334755050056,0,,0,,,0.445826669036195,,0,,,0.00533682300165328,,0,,,,,,0,0,0.324689941892714
0,0,2005,2005-09-18,044,Celle - Uelzen,03,Niedersachsen,erststimme,217953,172223,170217,2006,0.790184122264892,spd,0,,,,0,0,,,,,,0,,,,,0,,,0.414899804367366,0,0,0,,,0,,0,,,,,0,,,0,0.0361656003806905,,,,,,,0,0.0309898541273786,0,0,,,,,,0.0321765746077066,,,,,,0,,,,0.0146225112650323,,0,,0.0043943906895316,,,,,,0,0,,0,,,0.466751264562294,,0,,,0,,0,,,,,,0,0,0.414899804367366
0,0,2005,2005-09-18,044,Celle - Uelzen,03,Niedersachsen,zweitstimme,217953,172223,170305,1918,0.790184122264892,spd,0,,,,0,0,,,,,,0,,,,,0.000452130002055136,,,0.363653445289334,0,0,0,,,0,,0,,,,,0,,,0,0.0950940958867913,,,,,,,0.00339978274272629,0.0647133084759696,0,0,,,,,,0.0416077038254896,,,,,,0.00030533454684243,,,,0.0153489327970406,,0,,0.00328821819676463,,,,,,0.000798567276357124,0,,0,,,0.405466662752121,,0,,,0.00587181820850826,,0,,,,,,0,0,0.363653445289334
0,0,2005,2005-09-18,045,Gifhorn - Peine,03,Niedersachsen,erststimme,216115,174673,172195,2478,0.808240982810078,spd,0,,,,0.00331020064461802,0,,,,,,0,,,,,0,,,0.367925897964517,0,0,0,,,0,,0,,,,,0,,,0,0.0310926565812015,,,,,,,0,0.0327826011208223,0,0,,,,,,0.0347512993989373,,,,,,0,,,,0.0127297540578995,,0,,0.00660878655013212,,,,,,0,0,,0,,,0.510798803681872,,0,,,0,,0,,,,,,0,0,0.367925897964517
0,0,2005,2005-09-18,045,Gifhorn - Peine,03,Niedersachsen,zweitstimme,216115,174673,172462,2211,0.808240982810078,spd,0,,,,0,0,,,,,,0,,,,,0.000533450847143139,,,0.323607519337593,0,0,0,,,0,,0,,,,,0,,,0,0.0813280606742355,,,,,,,0.0032412937342719,0.060935162528557,0,0,,,,,,0.0417077385163108,,,,,,0.000388491377810764,,,,0.0129419814219944,,0,,0.00493442033607403,,,,,,0.000678410316475514,0,,0,,,0.463690552121627,,0,,,0.0060129187879069,,0,,,,,,0,0,0.323607519337593
0,0,2005,2005-09-18,046,Hameln-Pyrmont - Holzminden,03,Niedersachsen,erststimme,201339,158761,156138,2623,0.788525819637527,spd,0,,,,0,0,,,,,,0,,,,,0,,,0.349575375629251,0,0,0,,,0,,0,,,,,0,,,0,0.0464204741959036,,,,,,,0,0.0436472863748735,0,0,,,,,,0.0431477282916394,,,,,,0,,,,0.0148650552716187,,0,,0,,,,,,0,0,,0,,,0.502344080236714,,0,,,0,,0,,,,,,0,0,0.349575375629251
0,0,2005,2005-09-18,046,Hameln-Pyrmont - Holzminden,03,Niedersachsen,zweitstimme,201339,158761,156408,2353,0.788525819637527,spd,0,,,,0,0,,,,,,0,,,,,0.000421973300598435,,,0.29356554651936,0,0,0,,,0,,0,,,,,0,,,0,0.0969899237890645,,,,,,,0.00278758119789269,0.0623753260702777,0,0,,,,,,0.0451191754897448,,,,,,0.00028131553373229,,,,0.0145964400797913,,0,,0.00230806608357629,,,,,,0.000901488414914838,0,,0,,,0.473946345455475,,0,,,0.00670681806557209,,0,,,,,,0,0,0.29356554651936
0,0,2005,2005-09-18,047,Hannover-Land II,03,Niedersachsen,erststimme,238612,195863,193226,2637,0.820843042261077,spd,0,,,,0,0,,,,,,0,,,,,0,,,0.361442041961227,0,0,0,,,0,,0,,,,,0,,,0,0.0344570606440127,,,,,,,0,0.0414022957572997,0,0,,,,,,0.03327191992796,,,,,,0,,,,0.0146667632720234,,0,,0,,,,,,0,0,,0,,,0.514759918437477,,0,,,0,,0,,,,,,0,0,0.361442041961227
0,0,2005,2005-09-18,047,Hannover-Land II,03,Niedersachsen,zweitstimme,238612,195863,193538,2325,0.820843042261077,spd,0,,,,0,0,,,,,,0,,,,,0.000521861339891908,,,0.303795637032521,0,0,0,,,0,,0,,,,,0,,,0,0.0857196002852153,,,,,,,0.00421105932685054,0.0776488338207484,0,0,,,,,,0.0370159865246102,,,,,,0.000428856348624043,,,,0.0136097303888642,,0,,0.00198927342434044,,,,,,0.000800876313695502,0,,0,,,0.468280131033699,,0,,,0.00597815416093997,,0,,,,,,0,0,0.303795637032521
0,0,2005,2005-09-18,048,Hildesheim,03,Niedersachsen,erststimme,223707,182239,179261,2978,0.814632532732547,spd,0,,,,0,0,,,,,,0,,,,,0,,,0.368473901183191,0,0,0,,,0,,0,,,,,0,,,0,0.0274962205945521,,,,,,,0,0.0481420944879254,0,0,,,,,,0.0305755295351471,,,,,,0,,,,0.012769090878663,,0,,0,,,,,,0,0,,0,,,0.509776248040567,,0.00276691527995493,,,0,,0,,,,,,0,0,0.368473901183191
0,0,2005,2005-09-18,048,Hildesheim,03,Niedersachsen,zweitstimme,223707,182239,179645,2594,0.814632532732547,spd,0,,,,0,0,,,,,,0,,,,,0.000411923515822873,,,0.324311837234546,0,0,0,,,0,,0,,,,,0,,,0,0.0718583873751009,,,,,,,0.00307829330067633,0.0706059172256395,0,0,,,,,,0.0377466670377689,,,,,,0.000267193631885107,,,,0.0128865262044588,,0,,0.00213198252108325,,,,,,0.000868379303626597,0,,0,,,0.470038130757884,,0,,,0.00579476189150825,,0,,,,,,0,0,0.324311837234546
0,0,2005,2005-09-18,049,Salzgitter - Wolfenbüttel,03,Niedersachsen,erststimme,217909,173204,170286,2918,0.794845554795809,spd,0,,,,0,0,,,,,,0,,,,,0,,,0.356288831730148,0,0,0,,,0,,0,,,,,0,,,0,0.0262264660629764,,,,,,,0,0.0335788027201297,0,0,,,,,,0.0404965763480263,,,,,,0,,,,0.0157382286271332,,0,,0.00462163654087829,,,,,,0,0,,0,,,0.523049457970708,,0,,,0,,0,,,,,,0,0,0.356288831730148
0,0,2005,2005-09-18,049,Salzgitter - Wolfenbüttel,03,Niedersachsen,zweitstimme,217909,173204,170348,2856,0.794845554795809,spd,0,,,,0,0,,,,,,0,,,,,0.000410923521262357,,,0.313270481602367,0,0,0,,,0,,0,,,,,0,,,0,0.0738018644187193,,,,,,,0.00349872026674807,0.0546939206800197,0,0,,,,,,0.0504614084110175,,,,,,0.000440275201352525,,,,0.0158733885927631,,0,,0.00309953741752178,,,,,,0.000933383426867354,0,,0,,,0.477135041209759,,0,,,0.0063810552516026,,0,,,,,,0,0,0.313270481602367
0,0,2005,2005-09-18,050,Braunschweig,03,Niedersachsen,erststimme,187823,147350,145182,2168,0.784515208467547,spd,0,,,,0,0,,,,,,0,,,,,0,,,0.353053408824785,0,0,0,,,0,,0,,,,,0,,,0,0.0304032180297833,,,,,,,0,0.0455497237949608,0,0,,,,,,0.0439172900221791,,,,,,0.00160488214792467,,,,0.0108760039123307,,0,,0,,,,,,0,0,,0,,,0.514595473268036,,0,,,0,,0,,,,,,0,0,0.353053408824785
0,0,2005,2005-09-18,050,Braunschweig,03,Niedersachsen,zweitstimme,187823,147350,145397,1953,0.784515208467547,spd,0,,,,0,0,,,,,,0,,,,,0.000536462237872859,,,0.289194412539461,0,0,0,,,0,,0,,,,,0,,,0,0.084898588003879,,,,,,,0.00458743990591278,0.0991836145174935,0,0,,,,,,0.0556820292028034,,,,,,0.000873470566792988,,,,0.0109837204343969,,0,,0.0015818758296251,,,,,,0.000852837403797878,0,,0,,,0.444844116453572,,0,,,0.0067814329043928,,0,,,,,,0,0,0.289194412539461
0,0,2005,2005-09-18,051,Helmstedt - Wolfsburg,03,Niedersachsen,erststimme,188485,148023,145214,2809,0.785330397644375,spd,0,,,,0,0,,,,,,0,,,,,0,,,0.373049430495682,0,0,0,,,0,,0,,,,,0,,,0,0.0324899803049293,,,,,,,0,0.037282906606801,0,0,,,,,,0.0386119795611993,,,,,,0,,,,0.0191579324307574,,0,,0.0046483121462118,,,,,,0,0,,0,,,0.494759458454419,,0,,,0,,0,,,,,,0,0,0.373049430495682
0,0,2005,2005-09-18,051,Helmstedt - Wolfsburg,03,Niedersachsen,zweitstimme,188485,148023,145432,2591,0.785330397644375,spd,0,,,,0,0,,,,,,0,,,,,0.000385059684251059,,,0.318719401507234,0,0,0,,,0,,0,,,,,0,,,0,0.078167115902965,,,,,,,0.00453820342153034,0.0570507178612685,0,0,,,,,,0.0451551240442269,,,,,,0.000426316078992244,,,,0.0178846471203036,,0,,0.00303922107926729,,,,,,0.000708234776390341,0,,0,,,0.467132405522856,,0,,,0.00679355300071511,,0,,,,,,0,0,0.318719401507234
0,0,2005,2005-09-18,052,Goslar - Northeim - Osterode,03,Niedersachsen,erststimme,219886,173976,170997,2979,0.791209990631509,spd,0,,,,0,0,,,,,,0,,,,,0,,,0.367661420960602,0,0,0,,,0,,0,,,,,0,,,0,0.0397141470318193,,,,,,,0,0.0300882471622309,0,0,,,,,,0.0430358427340831,,,,,,0,,,,0.0140411820090411,,0,,0,,,,,,0,0,,0,,,0.505459160102224,,0,,,0,,0,,,,,,0,0,0.367661420960602
0,0,2005,2005-09-18,052,Goslar - Northeim - Osterode,03,Niedersachsen,zweitstimme,219886,173976,171219,2757,0.791209990631509,spd,0,,,,0,0,,,,,,0,,,,,0.000554844964635934,,,0.313020167154346,0,0,0,,,0,,0,,,,,0,,,0,0.0943995701411642,,,,,,,0.00343419830743083,0.0572307979838686,0,0,,,,,,0.0490716567670644,,,,,,0.000309545085533732,,,,0.0140930621017527,,0,,0.00169373726046759,,,,,,0.000987039989720767,0,,0,,,0.459248097465819,,0,,,0.00595728277819635,,0,,,,,,0,0,0.313020167154346
0,0,2005,2005-09-18,053,Göttingen,03,Niedersachsen,erststimme,226392,180697,178272,2425,0.798159828969222,spd,0,,,,0,0,,,,,,0,,,,,0,,,0.356976978998385,0,0,0,,,0,,0,,,,,0,,,0,0.0354738826063543,,,,,,,0,0.0777127086698977,0,0,,,,,,0.0427661102136062,,,,,,0,,,,0.013215760186681,,0,,0,,,,,,0,0,,0,,,0.468346122778675,,0,,,0,,0.00377513013821576,,,,,,0,0.00173330640818525,0.356976978998385
0,0,2005,2005-09-18,053,Göttingen,03,Niedersachsen,zweitstimme,226392,180697,178479,2218,0.798159828969222,spd,0,,,,0,0,,,,,,0,,,,,0.000526672605740731,,,0.304971453224189,0,0,0,,,0,,0,,,,,0,,,0,0.0895343429759243,,,,,,,0.00426940984653657,0.106824892564391,0,0,,,,,,0.0519220748659506,,,,,,0.000476246505191087,,,,0.0131836238437015,,0,,0.00129987281416861,,,,,,0.000795611808672169,0,,0,,,0.420923469988066,,0,,,0.00527232895746839,,0,,,,,,0,0,0.304971453224189
0,0,2005,2005-09-18,054,Bremen I,04,Bremen,erststimme,252856,196547,193748,2799,0.777308033030658,spd,0,,,,0,0,,,,,,0,,,,,0,,,0.281489357309495,0,0,0,,,0,,0,,,,,0,,,0,0.0371513512397547,,,,,,,0,0.121007700724653,0,0,,,,,,0.0655542250758718,,,,,,0,,,,0.0113704399529285,,0,,0,,,,,,0,0,,0,,,0.483426925697298,,0,,,0,,0,,,,,,0,0,0.281489357309495
0,0,2005,2005-09-18,054,Bremen I,04,Bremen,zweitstimme,252856,196547,194081,2466,0.777308033030658,spd,0,,,,0,0,,,,,,0,,,,,0,,,0.23816344722049,0,0,0,,,0.00340579448786847,,0,,,,,0,,,0,0.0885506566845801,,,,,,,0.00929508813330517,0.165899804720709,0,0,,,,,,0.0814969007785409,,,,,,0.000865617963633741,,,,0.0107429372272402,,0,,0.00316362755756617,,,,,,0.00147361153332887,0,,0,,,0.396942513692737,,0,,,0,,0,,,,,,0,0,0.23816344722049
0,0,2005,2005-09-18,055,Bremen II - Bremerhaven,04,Bremen,erststimme,233619,170735,167702,3033,0.730826687897817,spd,0,,,,0,0,,,,,,0,,,,,0,,,0.247951723891188,0,0,0,,,0,,0,,,,,0,,,0,0.0376620433864832,,,,,,,0,0.0697785357360079,0,0,,,,,,0.0772620481568496,,,,,,0,,,,0.0197373913250886,,0,,0,,,,,,0,0,,0,,,0.543547483035384,,0,,,0,,0,,,,,,0,0.00406077446899858,0.247951723891188
0,0,2005,2005-09-18,055,Bremen II - Bremerhaven,04,Bremen,zweitstimme,233619,170735,167840,2895,0.730826687897817,spd,0,,,,0,0,,,,,,0,,,,,0,,,0.215479027645377,0,0,0,,,0.0047128217349857,,0,,,,,0,,,0,0.0723486653956149,,,,,,,0.0121723069590086,0.115598188751192,0,0,,,,,,0.0878991897044805,,,,,,0.000685176358436606,,,,0.0193994280266921,,0,,0.0027943279313632,,,,,,0.00223427073403241,0,,0,,,0.466676596758818,,0,,,0,,0,,,,,,0,0,0.215479027645377
0,0,2005,2005-09-18,056,Prignitz - Ostprignitz-Ruppin - Havelland I,12,Brandenburg,erststimme,176284,126283,123947,2336,0.716361099135486,spd,0,,,,0,0,,,,,,0,,,,,0,,,0.234713224200666,0,0,0,,,0,,0,,,,,0,,,0,0.0445513001524845,,,,,,,0,0.0549347705067489,0,0,,,,,,0.252365930599369,,,,,,0,,,,0.0283750312633626,,0,,0,,,,,,0,0,,0,,,0.385059743277369,,0,,,0,,0,,,,,,0,0,0.234713224200666
0,0,2005,2005-09-18,056,Prignitz - Ostprignitz-Ruppin - Havelland I,12,Brandenburg,zweitstimme,176284,126283,124019,2264,0.716361099135486,spd,0.00476539885017618,,,,0,0,,,,,,0,,,,,0,,,0.219474435368774,0,0,0,,,0,,0,,,,,0,,,0,0.0640305114538901,,,,,,,0.0062893588885574,0.0444286762512196,0,0,,,,,,0.26581410912844,,,,,,0.00183036470218273,,,,0.0274151541296092,,0,,0,,,,,,0,0,,0,,,0.365951991227151,,0,,,0,,0,,,,,,0,0,0.219474435368774
0,0,2005,2005-09-18,057,Uckermark - Barnim I,12,Brandenburg,erststimme,174854,124502,122077,2425,0.712034039827513,spd,0,,,,0,0,,,,,,0,,,,,0,,,0.230215355881943,0,0,0,,,0,,0,,,,,0,,,0,0.0341915348509547,,,,,,,0,0.0241405014867666,0,0,,,,,,0.280617970625097,,,,,,0,,,,0.0347076025787003,,0,,0,,,,,,0,0,,0,,,0.396127034576538,,0,,,0,,0,,,,,,0,0,0.230215355881943
0,0,2005,2005-09-18,057,Uckermark - Barnim I,12,Brandenburg,zweitstimme,174854,124502,122429,2073,0.712034039827513,spd,0.00790662343072311,,,,0,0,,,,,,0,,,,,0,,,0.205866257177629,0,0,0,,,0,,0,,,,,0,,,0,0.0537862761273881,,,,,,,0.00618317555481136,0.0374012693071086,0,0,,,,,,0.292185674962631,,,,,,0.00187047186532603,,,,0.0323779496687876,,0,,0,,,,,,0,0,,0,,,0.362422301905594,,0,,,0,,0,,,,,,0,0,0.205866257177629
0,0,2005,2005-09-18,058,Oberhavel - Havelland II,12,Brandenburg,erststimme,240691,184656,181217,3439,0.767191128874781,spd,0,,,,0,0,,,,,,0,,,,,0,,,0.264748892212099,0,0,0,,,0,,0,,,,,0,,,0.0227351738523428,0.0417565680923975,,,,,,,0,0,0,0,,,,,,0.219355799952543,,,,,,0,,,,0.0319892725296192,,0,,0,,,,,,0,0,,0,,,0.419414293360998,,0,,,0,,0,,,,,,0,0,0.264748892212099
0,0,2005,2005-09-18,058,Oberhavel - Havelland II,12,Brandenburg,zweitstimme,240691,184656,181615,3041,0.767191128874781,spd,0.00763152823280016,,,,0,0,,,,,,0,,,,,0,,,0.22028466811662,0,0,0,,,0,,0,,,,,0,,,0,0.079541888059907,,,,,,,0.0116895630867494,0.0653470253007736,0,0,,,,,,0.220290174269746,,,,,,0.00182804283787132,,,,0.0320898604190183,,0,,0,,,,,,0,0,,0,,,0.361297249676514,,0,,,0,,0,,,,,,0,0,0.22028466811662
0,0,2005,2005-09-18,059,Märkisch-Oderland - Barnim II,12,Brandenburg,erststimme,248485,189602,186219,3383,0.763031973760992,spd,0,,,,0,0,,,,,,0,,,,,0,,,0.204458191699021,0,0,0,,,0,,0,,,,,0,,,0,0.0382506618551276,,,,,,,0,0.025867392693549,0,0,,,,,,0.33081479333473,,,,,,0,,,,0.0329719308985657,,0.00238428946562918,,0,,,,,,0,0,,0,,,0.353567573663268,,0,,,0,,0,,,,,,0,0.0116851663901106,0.204458191699021
0,0,2005,2005-09-18,059,Märkisch-Oderland - Barnim II,12,Brandenburg,zweitstimme,248485,189602,186341,3261,0.763031973760992,spd,0.00689595955801461,,,,0,0,,,,,,0,,,,,0,,,0.187065648461691,0,0,0,,,0,,0,,,,,0,,,0,0.0656484616912006,,,,,,,0.0117633800398195,0.0484058795434177,0,0,,,,,,0.297803489301871,,,,,,0.00203927208719498,,,,0.0337553195485696,,0,,0,,,,,,0,0,,0,,,0.346622589768221,,0,,,0,,0,,,,,,0,0,0.187065648461691
0,0,2005,2005-09-18,060,Brandenburg an der Havel - Potsdam-Mittelmark I - Havelland III - Teltow-Fläming I,12,Brandenburg,erststimme,203338,147006,143867,3139,0.722963735258535,spd,0,,,,0,0,,,,,,0,,,,,0,,,0.224714493247235,0,0,0,,,0,,0,,,,,0,,,0,0.0419067611057435,,,,,,,0,0.0282413618133415,0,0,,,,,,0.263305692062808,,,,,,0,,,,0.0296176329526577,,0,,0,,,,,,0,0,,0,,,0.412214058818214,,0,,,0,,0,,,,,,0,0,0.224714493247235
0,0,2005,2005-09-18,060,Brandenburg an der Havel - Potsdam-Mittelmark I - Havelland III - Teltow-Fläming I,12,Brandenburg,zweitstimme,203338,147006,144067,2939,0.722963735258535,spd,0.00564320767420714,,,,0,0,,,,,,0,,,,,0,,,0.201871351523944,0,0,0,,,0,,0,,,,,0,,,0,0.0658998937994128,,,,,,,0.00951640556130134,0.0447153060728689,0,0,,,,,,0.26496005330853,,,,,,0.00236001304948392,,,,0.029319691532412,,0,,0,,,,,,0,0,,0,,,0.37571407747784,,0,,,0,,0,,,,,,0,0,0.201871351523944
0,0,2005,2005-09-18,061,Potsdam - Potsdam-Mittelmark II - Teltow-Fläming II,12,Brandenburg,erststimme,254100,202354,199196,3158,0.796355765446675,spd,0,,,,0,0,,,,,,0,,,,,0,,,0.220501415691078,0,0,0,,,0,,0,,,,,0,,,0.015457137693528,0.0359394766963192,,,,,,,0,0.0463463121749433,0,0,,,,,,0.256280246591297,,,,,,0,,,,0.0183788831101026,,0,,0,,,,,,0,0,,0,,,0.407096528042732,,0,,,0,,0,,,,,,0,0,0.220501415691078
0,0,2005,2005-09-18,061,Potsdam - Potsdam-Mittelmark II - Teltow-Fläming II,12,Brandenburg,zweitstimme,254100,202354,199485,2869,0.796355765446675,spd,0.0063112514725418,,,,0,0,,,,,,0,,,,,0,,,0.190831390831391,0,0,0,,,0,,0,,,,,0,,,0,0.078467052660601,,,,,,,0.00985036468907437,0.086883725593403,0,0,,,,,,0.235902448805675,,,,,,0.00196004712133744,,,,0.0182670376218763,,0,,0,,,,,,0,0,,0,,,0.371526681204101,,0,,,0,,0,,,,,,0,0,0.190831390831391
0,0,2005,2005-09-18,062,Dahme-Spreewald - Teltow-Fläming III - Oberspreewald-Lausitz I,12,Brandenburg,erststimme,214652,163014,159647,3367,0.759433874364087,spd,0,,,,0,0,,,,,,0,,,,,0,,,0.233884758247884,0,0,0,,,0,,0,,,,,0,,,0,0.0409779075084405,,,,,,,0,0.0286945573671914,0,0,,,,,,0.236265009677601,,,,,,0,,,,0.0324403214592194,,0,,0,,,,,,0,0,,0,,,0.427737445739663,,0,,,0,,0,,,,,,0,0,0.233884758247884
0,0,2005,2005-09-18,062,Dahme-Spreewald - Teltow-Fläming III - Oberspreewald-Lausitz I,12,Brandenburg,zweitstimme,214652,163014,160107,2907,0.759433874364087,spd,0.00617711905163422,,,,0,0,,,,,,0,,,,,0,,,0.213338579824742,0,0,0,,,0,,0,,,,,0,,,0,0.0673487105498198,,,,,,,0.00861923588600124,0.0461691243980588,0,0,,,,,,0.255747718713111,,,,,,0.00198617174764376,,,,0.031197886413461,,0,,0,,,,,,0,0,,0,,,0.369415453415528,,0,,,0,,0,,,,,,0,0,0.213338579824742
0,0,2005,2005-09-18,063,Frankfurt (Oder) - Oder-Spree,12,Brandenburg,erststimme,212095,159026,156069,2957,0.749786652207737,spd,0,,,,0,0,,,,,,0,,,,,0,,,0.204672292383497,0,0,0,,,0,,0,,,,,0,,,0,0.0400848342720207,,,,,,,0,0.0277569536551141,0,0,,,,,,0.332513183271502,,,,,,0,,,,0.0363877515714203,,0,,0,,,,,,0,0,,0,,,0.354554716183227,,0,,,0,,0,,,,,,0,0.00403026866321947,0.204672292383497
0,0,2005,2005-09-18,063,Frankfurt (Oder) - Oder-Spree,12,Brandenburg,zweitstimme,212095,159026,156259,2767,0.749786652207737,spd,0.00756436429261675,,,,0,0,,,,,,0,,,,,0,,,0.189595479300392,0,0,0,,,0,,0,,,,,0,,,0,0.0634651444076821,,,,,,,0.0107897785087579,0.0452965909163632,0,0,,,,,,0.290972040010495,,,,,,0.00319981569061622,,,,0.0358507349976641,,0,,0,,,,,,0,0,,0,,,0.353266051875412,,0,,,0,,0,,,,,,0,0,0.189595479300392
0,0,2005,2005-09-18,064,Cottbus - Spree-Neiße,12,Brandenburg,erststimme,203223,149081,146428,2653,0.733583305039292,spd,0,,,,0,0,,,,,,0,,,,,0,,,0.219541344551589,0,0,0,,,0,,0,,,,,0,,,0,0.0555085093014997,,,,,,,0,0.0280752315130986,0,0,,,,,,0.272331794465539,,,,,,0,,,,0.0349386729314066,,0,,0,,,,,,0,0,,0,,,0.376362444341246,,0,,,0,,0,,,,,,0,0.0132420028956211,0.219541344551589
0,0,2005,2005-09-18,064,Cottbus - Spree-Neiße,12,Brandenburg,zweitstimme,203223,149081,146750,2331,0.733583305039292,spd,0.00634412265758092,,,,0,0,,,,,,0,,,,,0,,,0.199209540034072,0,0,0,,,0,,0,,,,,0,,,0,0.069458262350937,,,,,,,0.010412265758092,0.0429437819420784,0,0,,,,,,0.275366269165247,,,,,,0.00275298126064736,,,,0.0344054514480409,,0,,0,,,,,,0,0,,0,,,0.359107325383305,,0,,,0,,0,,,,,,0,0,0.199209540034072
0,0,2005,2005-09-18,065,Elbe-Elster - Oberspreewald-Lausitz II,12,Brandenburg,erststimme,200630,149459,146303,3156,0.744948412500623,spd,0,,,,0,0,,,,,,0,,,,,0,,,0.258545621074072,0,0,0,,,0,,0,,,,,0,,,0,0.0562052726191534,,,,,,,0,0.0250849264881786,0,0,,,,,,0.258347402308907,,,,,,0,,,,0.0533276829593378,,0,,0,,,,,,0,0,,0,,,0.348489094550351,,0,,,0,,0,,,,,,0,0,0.258545621074072
0,0,2005,2005-09-18,065,Elbe-Elster - Oberspreewald-Lausitz II,12,Brandenburg,zweitstimme,200630,149459,146542,2917,0.744948412500623,spd,0.0077247478538576,,,,0,0,,,,,,0,,,,,0,,,0.238457234103533,0,0,0,,,0,,0,,,,,0,,,0,0.0715903972922439,,,,,,,0.00726754104625295,0.0322774358204474,0,0,,,,,,0.273402846965375,,,,,,0.00268182500580039,,,,0.0497058863670484,,0,,0,,,,,,0,0,,0,,,0.316892085545441,,0,,,0,,0,,,,,,0,0,0.238457234103533
0,0,2005,2005-09-18,066,Altmark,15,Sachsen-Anhalt,erststimme,188647,135206,132396,2810,0.716714286471558,spd,0,,,,0,0,,,,,,0,,,,,0,,,0.311164989878848,0,0,0,,,0,,0,,,,,0,,,0,0.0341022387383305,,,,,,,0,0.0224704673857216,0,0,,,,,,0.273097374543038,,,,,,0,,,,0.0224855735822835,,0.00425239433215505,,0,,,,,,0,0,,0,,,0.332426961539624,,0,,,0,,0,,,,,,0,0,0.311164989878848
0,0,2005,2005-09-18,066,Altmark,15,Sachsen-Anhalt,zweitstimme,188647,135206,132712,2494,0.716714286471558,spd,0,,,,0,0,,,,,,0,,,,,0,,,0.264384531918741,0,0,0,,,0,,0,,,,,0,,,0,0.0630839713062873,,,,,,,0,0.03454096087769,0,0,,,,,,0.275054252818133,,,,,,0.00262221954307071,,,,0.0218668997528483,,0.00195159443004401,,0,,,,,,0.00350382783772379,0,,0.0025619386340346,,,0.330429802881427,,0,,,0,,0,,,,,,0,0,0.264384531918741
0,0,2005,2005-09-18,067,Elbe-Havel-Gebiet,15,Sachsen-Anhalt,erststimme,237003,169124,165147,3977,0.713594342687645,spd,0,,,,0,0,,,,,,0,,,,,0,,,0.286599211611473,0,0,0,,,0,,0,,,,,0,,,0,0.0456017971867488,,,,,,,0,0.0297250328495219,0,0,,,,,,0.229601506536601,,,,,,0,,,,0.0279266350584631,,0.00675156073074292,,0,,,,,,0,0,,0,,,0.373794256026449,,0,,,0,,0,,,,,,0,0,0.286599211611473
0,0,2005,2005-09-18,067,Elbe-Havel-Gebiet,15,Sachsen-Anhalt,zweitstimme,237003,169124,165661,3463,0.713594342687645,spd,0,,,,0,0,,,,,,0,,,,,0,,,0.268198308594057,0,0,0,,,0,,0,,,,,0,,,0,0.0744230687971218,,,,,,,0,0.0366592016225907,0,0,,,,,,0.25124199419296,,,,,,0.0024809701740301,,,,0.0228237183163207,,0.00444884432666711,,0,,,,,,0.00363392711621927,0,,0.00303632116189085,,,0.333053645698143,,0,,,0,,0,,,,,,0,0,0.268198308594057
0,0,2005,2005-09-18,068,Harz,15,Sachsen-Anhalt,erststimme,205558,146466,142714,3752,0.712528823981553,spd,0,,,,0,0,,,,,,0,,,,,0,,,0.273946494387376,0,0,0,,,0,,0,,,,,0,,,0,0.0549840940622504,,,,,,,0,0.0423854702411817,0,0,,,,,,0.261312835461132,,,,,,0,,,,0.028974031980044,,0,,0,,,,,,0,0,,0,,,0.338397073868016,,0,,,0,,0,,,,,,0,0,0.273946494387376
0,0,2005,2005-09-18,068,Harz,15,Sachsen-Anhalt,zweitstimme,205558,146466,143427,3039,0.712528823981553,spd,0,,,,0,0,,,,,,0,,,,,0,,,0.253961945798211,0,0,0,,,0,,0,,,,,0,,,0,0.0724828658481318,,,,,,,0,0.0394068062498693,0,0,,,,,,0.257524733836725,,,,,,0.00223807232947771,,,,0.0250580434646196,,0.000983078499864042,,0,,,,,,0.00426697902068648,0,,0.00336756677613002,,,0.340709908176285,,0,,,0,,0,,,,,,0,0,0.253961945798211
0,0,2005,2005-09-18,069,Magdeburg,15,Sachsen-Anhalt,erststimme,192472,136937,133891,3046,0.711464524710088,spd,0,,,,0,0,,,,,,0,,,,,0,,,0.233212090431769,0,0,0,,,0,,0,,,,,0,,,0,0.0370002464691428,,,,,,,0,0.0363504641835523,0,0,,,,,,0.261444010426392,,,,,,0.00652022914161519,,,,0.0174246215204905,,0,,0,,,,,,0,0,,0,,,0.408048337827038,,0,,,0,,0,,,,,,0,0,0.233212090431769
0,0,2005,2005-09-18,069,Magdeburg,15,Sachsen-Anhalt,zweitstimme,192472,136937,134142,2795,0.711464524710088,spd,0,,,,0,0,,,,,,0,,,,,0,,,0.207265435135901,0,0,0,,,0,,0,,,,,0,,,0,0.0637384264436195,,,,,,,0,0.060734147396043,0,0,,,,,,0.266985731538221,,,,,,0.0045176007514425,,,,0.0165794456620596,,0.00104367014059728,,0,,,,,,0.00371993857255744,0,,0.00212461421478731,,,0.373290990144772,,0,,,0,,0,,,,,,0,0,0.207265435135901
0,0,2005,2005-09-18,070,Börde,15,Sachsen-Anhalt,erststimme,206199,141709,138288,3421,0.687243876061475,spd,0,,,,0,0,,,,,,0,,,,,0,,,0.266378861506421,0,0,0,,,0,,0,,,,,0,,,0,0.0585951058660188,,,,,,,0,0.0169429017702187,0,0,,,,,,0.25491004280921,,,,,,0,,,,0.0269148443827375,,0.00557532106907324,,0,,,,,,0,0,,0,,,0.364160303135485,,0,,,0,,0,,,,,,0,0.00652261946083536,0.266378861506421
0,0,2005,2005-09-18,070,Börde,15,Sachsen-Anhalt,zweitstimme,206199,141709,138646,3063,0.687243876061475,spd,0,,,,0,0,,,,,,0,,,,,0,,,0.250508489245993,0,0,0,,,0,,0,,,,,0,,,0,0.0761940481514072,,,,,,,0,0.0294635258139434,0,0,,,,,,0.272889228683121,,,,,,0.0026181786708596,,,,0.0246310748236516,,0.00262539128427795,,0,,,,,,0.00380825988488669,0,,0.00475311224269002,,,0.332508691199169,,0,,,0,,0,,,,,,0,0,0.250508489245993
0,0,2005,2005-09-18,071,Anhalt,15,Sachsen-Anhalt,erststimme,226744,163447,160063,3384,0.720843770948735,spd,0,,,,0,0,,,,,,0,,,,,0,,,0.303836614333106,0,0,0,,,0,,0,,,,,0,,,0,0.0455758045269675,,,,,,,0,0.0250213978246066,0,0,,,,,,0.24153614514285,,,,,,0.00541036966694364,,,,0.0249464273442332,,0.0077906824187976,,0,,,,,,0,0,,0,,,0.33563659309147,,0,,,0,,0,,,,,,0,0.0102459656510249,0.303836614333106
0,0,2005,2005-09-18,071,Anhalt,15,Sachsen-Anhalt,zweitstimme,226744,163447,160167,3280,0.720843770948735,spd,0,,,,0,0,,,,,,0,,,,,0,,,0.252217997465146,0,0,0,,,0,,0,,,,,0,,,0,0.0882953417370619,,,,,,,0,0.0411195814368753,0,0,,,,,,0.260315795388563,,,,,,0.00486367354074185,,,,0.0241060892693251,,0.00423308172095376,,0,,,,,,0.00420186430413256,0,,0.00434546442151005,,,0.316301110715691,,0,,,0,,0,,,,,,0,0,0.252217997465146
0,0,2005,2005-09-18,072,Bernburg - Bitterfeld - Saalkreis,15,Sachsen-Anhalt,erststimme,205591,147489,143981,3508,0.717390352690536,spd,0,,,,0,0,,,,,,0,,,,,0,,,0.286767003979692,0,0,0,,,0,,0,,,,,0,,,0,0.0625777012244671,,,,,,,0,0.0212458588285954,0,0,,,,,,0.222300164605052,,,,,,0.00631333300921649,,,,0.0289829908112876,,0.00243782165702419,,0,,,,,,0,0,,0,,,0.360790659878734,,0,,,0,,0,,,,,,0,0.00858446600593134,0.286767003979692
0,0,2005,2005-09-18,072,Bernburg - Bitterfeld - Saalkreis,15,Sachsen-Anhalt,zweitstimme,205591,147489,144067,3422,0.717390352690536,spd,0,,,,0,0,,,,,,0,,,,,0,,,0.253104458342299,0,0,0,,,0,,0,,,,,0,,,0,0.100529614693164,,,,,,,0,0.0337412453927686,0,0,,,,,,0.256283534744251,,,,,,0.00519202870886463,,,,0.026647323814614,,0.00233224819007823,,0,,,,,,0.00440767143065379,0,,0.00362331415244296,,,0.314138560530864,,0,,,0,,0,,,,,,0,0,0.253104458342299
0,0,2005,2005-09-18,073,Halle,15,Sachsen-Anhalt,erststimme,196249,139806,137146,2660,0.712390891163777,spd,0,,,,0,0,,,,,,0,,,,,0,,,0.247677657387018,0,0,0,,,0,,0,,,,,0,,,0,0.0494655330815336,,,,,,,0,0.035159610925583,0,0,,,,,,0.274211424321526,,,,,,0.0076487830487218,,,,0.0173246029778484,,0,,0,,,,,,0,0,,0,,,0.359529260787774,,0,,,0,,0,,,,,,0,0.00898312746999548,0.247677657387018
0,0,2005,2005-09-18,073,Halle,15,Sachsen-Anhalt,zweitstimme,196249,139806,137301,2505,0.712390891163777,spd,0,,,,0,0,,,,,,0,,,,,0,,,0.203742143174485,0,0,0,,,0,,0,,,,,0,,,0,0.0897881297295723,,,,,,,0,0.0721189212023219,0,0,,,,,,0.267630971369473,,,,,,0.00617621138957473,,,,0.0167151003998514,,0.00104879061332401,,0,,,,,,0.00457389239699638,0,,0.00221411351701736,,,0.335991726207384,,0,,,0,,0,,,,,,0,0,0.203742143174485
0,0,2005,2005-09-18,074,Burgenland,15,Sachsen-Anhalt,erststimme,220967,155110,151268,3842,0.701960021179633,spd,0,,,,0,0,,,,,,0,,,,,0,,,0.294755004363117,0,0,0,,,0,,0,,,,,0,,,0,0.0565288097945369,,,,,,,0,0.0213858846550493,0,0,,,,,,0.262018404421292,,,,,,0,,,,0.0465333051273237,,0,,0.0031863976518497,,,,,,0,0,,0,,,0.315592193986831,,0,,,0,,0,,,,,,0,0,0.294755004363117
0,0,2005,2005-09-18,074,Burgenland,15,Sachsen-Anhalt,zweitstimme,220967,155110,151305,3805,0.701960021179633,spd,0,,,,0,0,,,,,,0,,,,,0,,,0.260487095601599,0,0,0,,,0,,0,,,,,0,,,0,0.0898317967020257,,,,,,,0,0.0331978454115859,0,0,,,,,,0.266303162486369,,,,,,0.00325171012193913,,,,0.0420409107432008,,0.00109712170780873,,0,,,,,,0.00407785598625293,0,,0.00390601764647566,,,0.295806483592743,,0,,,0,,0,,,,,,0,0,0.260487095601599
0,0,2005,2005-09-18,075,Mansfelder Land,15,Sachsen-Anhalt,erststimme,208678,146377,142812,3565,0.701449122571618,spd,0,,,,0,0,,,,,,0,,,,,0,,,0.281173850936896,0,0,0,,,0,,0,,,,,0,,,0,0.0516413186566955,,,,,,,0,0.0199423017673585,0,0,,,,,,0.278225919390527,,,,,,0,,,,0.0347589838388931,,0.00637201355628379,,0,,,,,,0,0,,0,,,0.327885611853346,,0,,,0,,0,,,,,,0,0,0.281173850936896
0,0,2005,2005-09-18,075,Mansfelder Land,15,Sachsen-Anhalt,zweitstimme,208678,146377,143151,3226,0.701449122571618,spd,0,,,,0,0,,,,,,0,,,,,0,,,0.244063960433389,0,0,0,,,0,,0,,,,,0,,,0,0.0866148332879267,,,,,,,0,0.0295701741517698,0,0,,,,,,0.286816019447995,,,,,,0.00346487275673939,,,,0.032818492361213,,0.00260564019811248,,0,,,,,,0.00335310266781231,0,,0.0030876487066105,,,0.307605255988432,,0,,,0,,0,,,,,,0,0,0.244063960433389
0,0,2005,2005-09-18,076,Berlin-Mitte,11,Berlin,erststimme,192321,142190,139361,2829,0.739336837890818,spd,0,,,,0,0,,,,,,0,,,,,0.00724736475771557,,,0.231922847855569,0,0,0,,,0,,0,,,,,0,,,0,0.0372270577851766,,,,,,,0,0.139027418000732,0,0,,,,,,0.138281154698947,,,,,,0,,,,0.0126075444349567,,0,,0,,,,,,0,0,,0.00955073514110834,,,0.419378448776918,,0,,,0,,0,,,,,,0,0.00475742854887666,0.231922847855569
0,0,2005,2005-09-18,076,Berlin-Mitte,11,Berlin,zweitstimme,192321,142190,139785,2405,0.739336837890818,spd,0,,,,0,0.00173123010337304,,,,,,0,,,,,0.00188146081482276,,,0.193490002503845,0,0,0,,,0.00392746002789999,,0.00439961369245627,,,,,0,,,0,0.0753085094967271,,,,,,,0.0199520692492041,0.18105662267053,0,0,,,,,,0.1501520191723,,,,,,0.000579461315591802,,,,0.0116249955288479,,0,,0,,,,,,0,0.000822691991272311,,0.00775476624816683,,,0.347319097184963,,0,,,0,,0,,,,,,0,0,0.193490002503845
0,0,2005,2005-09-18,077,Berlin-Pankow,11,Berlin,erststimme,224621,174821,172121,2700,0.778293213902529,spd,0,,,,0,0.0046653226509258,,,,,,0,,,,,0.00478151997722532,,,0.153421139779574,0,0,0,,,0,,0,,,,,0,,,0,0.0304495093567897,,,,,,,0,0.127503326148465,0.00282359502907838,0,,,,,,0.243224243410159,,,,,,0,,,,0.0221994991895236,,0,,0,,,,,,0,0,,0,,,0.410931844458259,,0,,,0,,0,,,,,,0,0,0.153421139779574
0,0,2005,2005-09-18,077,Berlin-Pankow,11,Berlin,zweitstimme,224621,174821,172442,2379,0.778293213902529,spd,0,,,,0,0.00216884517692905,,,,,,0,,,,,0.00199487363867271,,,0.143526519061482,0,0,0,,,0.00530613191681841,,0.00413472355922571,,,,,0,,,0,0.0570568654968047,,,,,,,0.0137205553171501,0.15762401271152,0,0,,,,,,0.243855905173914,,,,,,0.00067268994792452,,,,0.0187599308753088,,0,,0,,,,,,0,0.000887254845107341,,0.00459284860996741,,,0.345698843669176,,0,,,0,,0,,,,,,0,0,0.143526519061482
0,0,2005,2005-09-18,078,Berlin-Reinickendorf,11,Berlin,erststimme,185854,147047,143753,3294,0.791196315387347,spd,0,,,,0,0,,,,,,0,,,,,0.00394426551098064,,,0.377466905038504,0,0,0,,,0,,0,,,,,0,,,0,0.0545449486271591,,,,,,,0,0.0544058210959076,0,0,,,,,,0.0478807398802112,,,,,,0,,,,0.0125562596954498,,0,,0,,,,,,0,0,,0.0105458668688653,,,0.425264168399964,,0,,,0,,0.00461207766098795,,,,,,0,0.00877894722197102,0.377466905038504
0,0,2005,2005-09-18,078,Berlin-Reinickendorf,11,Berlin,zweitstimme,185854,147047,144374,2673,0.791196315387347,spd,0,,,,0,0.000851953952927813,,,,,,0,,,,,0.00155845235291673,,,0.327087979830163,0,0,0,,,0.00420435812542425,,0.00358790363915941,,,,,0,,,0,0.107644035629684,,,,,,,0.0332746893484977,0.102476900272902,0,0,,,,,,0.0616593015362877,,,,,,0.000242425921564825,,,,0.0124676188233338,,0,,0,,,,,,0,0.000720351309792622,,0.00979400723121892,,,0.334430022026127,,0,,,0,,0,,,,,,0,0,0.327087979830163
0,0,2005,2005-09-18,079,Berlin-Spandau - Charlottenburg Nord,11,Berlin,erststimme,184180,140504,137024,3480,0.762862417200565,spd,0,,,,0,0,,,,,,0,,,,,0.00984499065857076,,,0.356076307800093,0,0,0,,,0,,0,,,,,0,,,0,0.0405914292386735,,,,,,,0,0.0463203526389538,0,0,,,,,,0.0555231200373657,,,,,,0,,,,0.0126474194301728,,0,,0,,,,,,0,0,,0.0110564572629612,,,0.467939922933209,,0,,,0,,0,,,,,,0,0,0.356076307800093
0,0,2005,2005-09-18,079,Berlin-Spandau - Charlottenburg Nord,11,Berlin,zweitstimme,184180,140504,137441,3063,0.762862417200565,spd,0,,,,0,0.000793067570812203,,,,,,0,,,,,0.00219003063132544,,,0.293587794035259,0,0,0,,,0.0047365778770527,,0.00361609708893271,,,,,0,,,0,0.0989006191747732,,,,,,,0.0323338741714627,0.105390676726741,0,0,,,,,,0.0726348032974149,,,,,,0.000698481530256619,,,,0.0123907713127815,,0,,0,,,,,,0,0.000851274365000255,,0.00956046594538748,,,0.362315466272801,,0,,,0,,0,,,,,,0,0,0.293587794035259
0,0,2005,2005-09-18,080,Berlin-Steglitz - Zehlendorf,11,Berlin,erststimme,215568,180247,177166,3081,0.836149150152156,cdu,0,,,,0,0,,,,,,0,,,,,0.00542993576645632,,,0.40004289762144,0,0,0,,,0,,0,,,,,0,,,0,0.0528205186096655,,,,,,,0,0.100041768736665,0,0,,,,,,0.0386586591106646,,,,,,0,,,,0.00957294288971925,,0,,0,,,,,,0,0,,0,,,0.386851879028708,,0,,,0,,0.00658139823668198,,,,,,0,0,0.40004289762144
0,0,2005,2005-09-18,080,Berlin-Steglitz - Zehlendorf,11,Berlin,zweitstimme,215568,180247,177886,2361,0.836149150152156,cdu,0,,,,0,0.000590265675769875,,,,,,0,,,,,0.00189447174032808,,,0.320075778869613,0,0,0,,,0.00275457315359275,,0.00301878731322308,,,,,0,,,0,0.129448073485266,,,,,,,0.015397501770797,0.159405461925053,0,0,,,,,,0.0520164599799872,,,,,,0.000207998380985575,,,,0.00761723800636363,,0,,0,,,,,,0,0.0005621577864475,,0.00325489358353103,,,0.303756338329042,,0,,,0,,0,,,,,,0,0,0.320075778869613
0,0,2005,2005-09-18,081,Berlin-Charlottenburg - Wilmersdorf,11,Berlin,erststimme,196910,158865,156094,2771,0.806789904017064,spd,0,,,,0,0,,,,,,0,,,,,0.00549028149704665,,,0.33574640921496,0,0,0,,,0,,0,,,,,0,,,0,0.0550373492895307,,,,,,,0,0.110657680628339,0,0,,,,,,0.0451138416595129,,,,,,0,,,,0.00831550219739388,,0,,0,,,,,,0,0,,0,,,0.439638935513216,,0,,,0,,0,,,,,,0,0,0.33574640921496
0,0,2005,2005-09-18,081,Berlin-Charlottenburg - Wilmersdorf,11,Berlin,zweitstimme,196910,158865,156760,2105,0.806789904017064,spd,0,,,,0,0.000644297014544527,,,,,,0,,,,,0.00147359020158204,,,0.272620566471039,0,0,0,,,0.00219443735646849,,0.00243684613421791,,,,,0,,,0,0.123379688696096,,,,,,,0.0151633069660628,0.194360806328145,0,0,,,,,,0.0583822403674407,,,,,,0.000248787956111253,,,,0.00625159479459046,,0,,0,,,,,,0,0.00038275070170962,,0.00243046695585609,,,0.320030620056137,,0,,,0,,0,,,,,,0,0,0.272620566471039
0,0,2005,2005-09-18,082,Berlin-Tempelhof - Schöneberg,11,Berlin,erststimme,234161,185593,181913,3680,0.792587151575198,spd,0,,,,0,0,,,,,,0,,,,,0.0018140539708542,,,0.328657105319576,0,0,0,,,0.00729469581613189,,0.00546964757878766,,,,,0,,,0,0.0406567974801141,,,,,,,0,0.209979495692996,0,0,,,,,,0.0469345236459187,,,,,,0,,,,0.012104687405518,,0,,0,,,,,,0,0,,0,,,0.341509402846416,,0,,,0,,0.00557959024368792,,,,,,0,0,0.328657105319576
0,0,2005,2005-09-18,082,Berlin-Tempelhof - Schöneberg,11,Berlin,zweitstimme,234161,185593,182371,3222,0.792587151575198,spd,0,,,,0,0.00100893234121653,,,,,,0,,,,,0.00120633214710672,,,0.273327447894676,0,0,0,,,0.00444697896047069,,0.0042495791545805,,,,,0,,,0,0.10009266824221,,,,,,,0.0185994483772091,0.168354617784626,0,0,,,,,,0.067965849833581,,,,,,0.000350932988249228,,,,0.0101660900033448,,0,,0,,,,,,0,0.000685415992674274,,0.00489661185166501,,,0.34464909442839,,0,,,0,,0,,,,,,0,0,0.273327447894676
0,0,2005,2005-09-18,083,Berlin-Neukölln,11,Berlin,erststimme,194781,144224,140599,3625,0.740441829541896,spd,0,,,,0,0.0034850887986401,,,,,,0,,,,,0,,,0.365891649300493,0,0,0,,,0,,0.0105263906571171,,,,,0,,,0,0.0361026749834636,,,,,,,0,0.0951713739073536,0,0,,,,,,0.0666789948719408,,,,,,0.00210527813142341,,,,0.0201423907709159,,0,,0,,,,,,0,0,,0,,,0.393061117077646,,0,,,0,,0,,,,,,0,0.00683504150100641,0.365891649300493
0,0,2005,2005-09-18,083,Berlin-Neukölln,11,Berlin,zweitstimme,194781,144224,141067,3157,0.740441829541896,spd,0,,,,0,0.00175094104219981,,,,,,0,,,,,0.00065217237199345,,,0.284169933435885,0,0,0,,,0.00497635875151524,,0.00615310455315559,,,,,0,,,0,0.0853140706189258,,,,,,,0.0266965342709493,0.130703849943644,0,0,,,,,,0.0869090573982576,,,,,,0.00121927878242254,,,,0.0168005274089617,,0,,0,,,,,,0,0.000793948974600722,,0.00745744929714249,,,0.346402773150347,,0,,,0,,0,,,,,,0,0,0.284169933435885
0,0,2005,2005-09-18,084,Berlin-Friedrichshain - Kreuzberg - Prenzlauer Berg Ost,11,Berlin,erststimme,215324,164838,161804,3034,0.765534729059464,gruene,0,,,,0,0.00432004153172975,,,,,,0,,,,,0.00203332426886851,,,0.113099799757732,0,0,0,,,0,,0.00842377197102668,,,,,0,,,0,0.0267484116585499,,,,,,,0,0.43254802106252,0.00165632493634274,0,,,,,,0.180125336827273,,,,,,0,,,,0.0152406615411238,,0,,0,,,,,,0,0,,0,,,0.207423796692294,,0,,,0,,0,,,,,,0,0.00838050975254011,0.113099799757732
0,0,2005,2005-09-18,084,Berlin-Friedrichshain - Kreuzberg - Prenzlauer Berg Ost,11,Berlin,zweitstimme,215324,164838,162162,2676,0.765534729059464,gruene,0,,,,0,0.00532800532800533,,,,,,0,,,,,0.00104833438166771,,,0.110377277043944,0,0,0,,,0.00421183754517088,,0.00715334048667382,,,,,0,,,0,0.045645712312379,,,,,,,0.011026011026011,0.218361885028552,0,0,,,,,,0.207884707884708,,,,,,0.00104833438166771,,,,0.0118585118585119,,0,,0,,,,,,0,0.000900334233667567,,0.00255916922583589,,,0.372596539263206,,0,,,0,,0,,,,,,0,0,0.110377277043944
0,0,2005,2005-09-18,085,Berlin-Treptow - Köpenick,11,Berlin,erststimme,193339,152302,149804,2498,0.787745876413967,linke_pds,0,,,,0,0,,,,,,0,,,,,0.00889829377052682,,,0.165703185495714,0,0,0,,,0,,0,,,,,0,,,0,0.0235774745667672,,,,,,,0,0.0403927798990681,0,0,,,,,,0.403660783423674,,,,,,0,,,,0.0252863741956156,,0,,0,,,,,,0,0,,0,,,0.332481108648634,,0,,,0,,0,,,,,,0,0,0.165703185495714
0,0,2005,2005-09-18,085,Berlin-Treptow - Köpenick,11,Berlin,zweitstimme,193339,152302,150008,2294,0.787745876413967,linke_pds,0,,,,0,0.0013865927150552,,,,,,0,,,,,0.00263319289637886,,,0.151931896965495,0,0,0,,,0.00553970454909072,,0.0038597941443123,,,,,0,,,0,0.0563169964268572,,,,,,,0.0142392405738361,0.083115567169751,0,0,,,,,,0.284484827475868,,,,,,0.000999946669510959,,,,0.0236587382006293,,0,,0,,,,,,0,0.00119326969228308,,0.00440643165697829,,,0.366233800863954,,0,,,0,,0,,,,,,0,0,0.151931896965495
0,0,2005,2005-09-18,086,Berlin-Marzahn - Hellersdorf,11,Berlin,erststimme,200926,147668,145064,2604,0.734937240576133,linke_pds,0,,,,0,0,,,,,,0,,,,,0.00914079302928363,,,0.161714829316715,0,0,0,,,0,,0,,,,,0,,,0,0.0300281255170132,,,,,,,0,0.0370319307340209,0,0,,,,,,0.426329068549054,,,,,,0,,,,0.0374179672420449,,0,,0,,,,,,0,0,,0,,,0.290437324215519,,0,,,0,,0,,,,,,0,0.0078999613963492,0.161714829316715
0,0,2005,2005-09-18,086,Berlin-Marzahn - Hellersdorf,11,Berlin,zweitstimme,200926,147668,145400,2268,0.734937240576133,linke_pds,0,,,,0,0.00112792297111417,,,,,,0,,,,,0.00344566712517194,,,0.140983493810179,0,0,0,,,0.00767537826685007,,0.004353507565337,,,,,0,,,0,0.0498005502063274,,,,,,,0.0155914718019257,0.0521870701513067,0,0,,,,,,0.344167812929849,,,,,,0.00112104539202201,,,,0.0318707015130674,,0,,0,,,,,,0,0.00155433287482806,,0.00502751031636864,,,0.341093535075653,,0,,,0,,0,,,,,,0,0,0.140983493810179
0,0,2005,2005-09-18,087,Berlin-Lichtenberg,11,Berlin,erststimme,200917,149098,146565,2533,0.742087528680998,linke_pds,0,,,,0,0,,,,,,0,,,,,0.00978405485620714,,,0.137399788489749,0,0,0,,,0,,0,,,,,0,,,0,0.0273052911677413,,,,,,,0,0.0434824139460308,0,0,,,,,,0.42864258178965,,,,,,0,,,,0.031944870876403,,0,,0,,,,,,0,0,,0,,,0.32144099887422,,0,,,0,,0,,,,,,0,0,0.137399788489749
0,0,2005,2005-09-18,087,Berlin-Lichtenberg,11,Berlin,zweitstimme,200917,149098,146940,2158,0.742087528680998,linke_pds,0,,,,0,0.00131346127671158,,,,,,0,,,,,0.00282428201987206,,,0.126228392541173,0,0,0,,,0.00626786443446305,,0.00405607731046686,,,,,0,,,0,0.0470191915067375,,,,,,,0.0153191778957398,0.0635973866884443,0,0,,,,,,0.355362733088335,,,,,,0.000891520348441541,,,,0.0275078263236695,,0,,0,,,,,,0,0.00126582278481013,,0.00429426976997414,,,0.344051994011161,,0,,,0,,0,,,,,,0,0,0.126228392541173
0,0,2005,2005-09-18,088,Aachen,05,Nordrhein-Westfalen,erststimme,174998,137879,135883,1996,0.787889004445765,spd,0,,,,0,0,,,,,,0,,,,,0,,,0.39129250899671,0,0,0,,,0,,0,,,,,0,,,0,0.0550179198280874,,,,,,,0,0.0917112515914426,0,0,,,,,,0.0489759572573464,,,,,,0,,,,0.0076094875738687,,0,,0,,,,,,0,0,,0,,,0.405392874752545,,0,,,0,,0,,,,,,0,0,0.39129250899671
0,0,2005,2005-09-18,088,Aachen,05,Nordrhein-Westfalen,zweitstimme,174998,137879,136223,1656,0.787889004445765,spd,0,,,,0,0,,,,,,0,,,,,0.000389067925387049,,,0.328211829133113,0,0,0.000682704095490483,,,0,,0,,,,,0,,,0.00270879366920417,0.114921856074231,,,,,,,0.00353097494549379,0.143632132606094,0,0,,,,,,0.0599384832223633,,,,,,0.000234908936082747,,,,0.00645999574227553,,0,,0.000521204201933594,,,,,,0,0.00035236340412412,,0.00160031712706371,,,0.332542962642138,,0,,,0.00397142920064894,,0,,,,,,0.000300977074356019,0,0.328211829133113
0,0,2005,2005-09-18,089,Kreis Aachen,05,Nordrhein-Westfalen,erststimme,227154,176643,173134,3509,0.777635436752159,spd,0,,,,0,0,,,,,,0,,,,,0,,,0.396011182090173,0,0,0,,,0,,0,,,,,0,,,0,0.0422100800536001,,,,,,,0,0.0358392921090023,0,0,,,,,,0.052785703559093,,,,,,0,,,,0.0132960596994236,,0,,0,,,,,,0,0,,0,,,0.459857682488708,,0,,,0,,0,,,,,,0,0,0.396011182090173
0,0,2005,2005-09-18,089,Kreis Aachen,05,Nordrhein-Westfalen,zweitstimme,227154,176643,173749,2894,0.777635436752159,spd,0,,,,0,0,,,,,,0,,,,,0.000218706294712488,,,0.343213486120783,0,0,0.000995689183822641,,,0,,0,,,,,0,,,0.00470794076512671,0.093485430131972,,,,,,,0.00336117042400244,0.0593327155839746,0,0,,,,,,0.0633269831768816,,,,,,0.000212950865904264,,,,0.00964609868258234,,0,,0.000517988592740102,,,,,,0,0.000437412589424975,,0.00532952707641483,,,0.409556313993174,,0,,,0.00541585850853818,,0,,,,,,0.000241728009945381,0,0.343213486120783
0,0,2005,2005-09-18,090,Heinsberg,05,Nordrhein-Westfalen,erststimme,185273,143248,139824,3424,0.773172561571303,cdu,0,,,,0,0,,,,,,0,,,,,0,,,0.514124899874128,0,0,0,,,0,,0,,,,,0,,,0,0.0525303238356791,,,,,,,0,0,0,0,,,,,,0.0465728344204142,,,,,,0,,,,0.0138173704085136,,0,,0,,,,,,0,0,,0,,,0.372954571461266,,0,,,0,,0,,,,,,0,0,0.514124899874128
0,0,2005,2005-09-18,090,Heinsberg,05,Nordrhein-Westfalen,zweitstimme,185273,143248,140510,2738,0.773172561571303,cdu,0,,,,0,0,,,,,,0,,,,,0.000398548146039428,,,0.43202619030674,0,0,0.000882499466230162,,,0,,0,,,,,0,,,0.00510995658671981,0.10717386662871,,,,,,,0.00345171162194862,0.0515977510497474,0,0,,,,,,0.0511920859725286,,,,,,0.000206391004198989,,,,0.0102341470357982,,0,,0.00093231798448509,,,,,,0,0.000412782008397979,,0.00509572272436126,,,0.325407444310014,,0,,,0.00555832325101416,,0,,,,,,0.000320261903067397,0,0.43202619030674
0,0,2005,2005-09-18,091,Düren,05,Nordrhein-Westfalen,erststimme,198643,154115,151408,2707,0.775839068076902,cdu,0,,,,0,0,,,,,,0,,,,,0,,,0.450213991334672,0,0,0,,,0,,0,,,,,0,,,0,0.0371710873930043,,,,,,,0,0.0295625066046708,0,0,,,,,,0.0429567790341329,,,,,,0,,,,0.0117298953820142,,0,,0,,,,,,0,0,,0,,,0.428365740251506,,0,,,0,,0,,,,,,0,0,0.450213991334672
0,0,2005,2005-09-18,091,Düren,05,Nordrhein-Westfalen,zweitstimme,198643,154115,151730,2385,0.775839068076902,cdu,0,,,,0,0,,,,,,0,,,,,0.000237263560271535,,,0.385335793844329,0,0,0.00113359256574178,,,0,,0,,,,,0,,,0.00516707309035787,0.0942331773545113,,,,,,,0.00442232913728333,0.057154155407632,0,0,,,,,,0.0548144730771766,,,,,,0.00015817570684769,,,,0.00999143214921242,,0,,0.00136426547156133,,,,,,0,0.000461345811639096,,0.00253081130956304,,,0.376741580438938,,0,,,0.00587227311672049,,0,,,,,,0.000382257958215251,0,0.385335793844329
0,0,2005,2005-09-18,092,Erftkreis I,05,Nordrhein-Westfalen,erststimme,240830,191575,188492,3083,0.795478138105718,spd,0,,,,0,0,,,,,,0,,,,,0,,,0.394605606603994,0,0,0,,,0,,0,,,,,0,,,0,0.0486386690151306,,,,,,,0,0.030754620885767,0,0,,,,,,0.0373543704772616,,,,,,0,,,,0.0103770982322857,,0,,0,,,,,,0,0,,0,,,0.478269634785561,,0,,,0,,0,,,,,,0,0,0.394605606603994
0,0,2005,2005-09-18,092,Erftkreis I,05,Nordrhein-Westfalen,zweitstimme,240830,191575,189059,2516,0.795478138105718,spd,0,,,,0,0,,,,,,0,,,,,0.000306782538784189,,,0.335514310347563,0,0,0.000973241157522255,,,0,,0,,,,,0,,,0.00418916846063927,0.112065545676217,,,,,,,0.00444305745825377,0.0679047281536452,0,0,,,,,,0.0468266519975246,,,,,,0.000195706102327845,,,,0.00826197113070523,,0,,0.00043372703759144,,,,,,0,0.00043372703759144,,0.00251244320556017,,,0.409464770256904,,0,,,0.00622556979567225,,0,,,,,,0.000248599643497533,0,0.335514310347563
0,0,2005,2005-09-18,093,Euskirchen - Erftkreis II,05,Nordrhein-Westfalen,erststimme,243187,190431,186989,3442,0.783064061812515,cdu,0,,,,0,0,,,,,,0,,,,,0,,,0.46267427495735,0,0,0,,,0,,0,,,,,0,,,0,0.0557198551786469,,,,,,,0,0.0362267299145939,0,0,,,,,,0.0393017771098835,,,,,,0,,,,0.00998454454540107,,0,,0,,,,,,0,0,,0,,,0.392616677986406,,0,,,0,,0,,,,,,0,0.00347614030771864,0.46267427495735
0,0,2005,2005-09-18,093,Euskirchen - Erftkreis II,05,Nordrhein-Westfalen,zweitstimme,243187,190431,187447,2984,0.783064061812515,cdu,0,,,,0,0,,,,,,0,,,,,0.000288081431017834,,,0.374516530005815,0,0,0.000944266912780679,,,0,,0,,,,,0,,,0.00450794091129759,0.132122680010883,,,,,,,0.00378773733375301,0.0692088963813771,0,0,,,,,,0.0466851963488346,,,,,,0.000165380080769498,,,,0.00828500856242031,,0,,0.000810895879902052,,,,,,0,0.000538818972829653,,0.00321157447171734,,,0.349133355028355,,0,,,0.0053721852043511,,0,,,,,,0.000421452463896461,0,0.374516530005815
0,0,2005,2005-09-18,094,Köln I,05,Nordrhein-Westfalen,erststimme,184010,137164,136456,708,0.745416009999457,spd,0,,,,0,0,,,,,,0,,,,,0,,,0.338746555666295,0,0,0,,,0,,0,,,,,0,,,0,0.0404232866271912,,,,,,,0,0.0732250688866741,0,0,,,,,,0.0492246584979774,,,,,,0,,,,0.00942428328545465,,0,,0,,,,,,0,0,,0,,,0.485995485724336,,0,,,0,,0,,,,,,0,0.00296066131207129,0.338746555666295
0,0,2005,2005-09-18,094,Köln I,05,Nordrhein-Westfalen,zweitstimme,184010,137164,136684,480,0.745416009999457,spd,0,,,,0,0,,,,,,0,,,,,0.000278013520236458,,,0.271458254075093,0,0,0.00114863480729273,,,0,,0,,,,,0,,,0.00296303883409909,0.110364051388604,,,,,,,0.00667232448567499,0.13261976529806,0,0,,,,,,0.0610166515466331,,,,,,0.000446284861432209,,,,0.00789412074566153,,0,,0.000768195253284949,,,,,,0,0.000665769219513623,,0.00300693570571537,,,0.396030259576834,,0,,,0.00432384185420386,,0,,,,,,0.000343858827660882,0,0.271458254075093
0,0,2005,2005-09-18,095,Köln II,05,Nordrhein-Westfalen,erststimme,215119,173952,172987,965,0.808631501633979,spd,0,,,,0,0,,,,,,0,,,,,0,,,0.34600865961026,0,0,0,,,0,,0,,,,,0,,,0,0.0764508315653777,,,,,,,0,0.0996491065802632,0,0,,,,,,0.0351413690046073,,,,,,0,,,,0.00512755293750398,,0,,0,,,,,,0,0,,0,,,0.437622480301988,,0,,,0,,0,,,,,,0,0,0.34600865961026
0,0,2005,2005-09-18,095,Köln II,05,Nordrhein-Westfalen,zweitstimme,215119,173952,173461,491,0.808631501633979,spd,0,,,,0,0,,,,,,0,,,,,0.000259424308634218,,,0.293691377312479,0,0,0.000605323386813174,,,0,,0,,,,,0,,,0.00179867520653057,0.143749891906538,,,,,,,0.00460622272441644,0.165945082756354,0,0,,,,,,0.0480684418976023,,,,,,0.000253659323997902,,,,0.00346475576642588,,0,,0.000501553663359487,,,,,,0,0.000351664062815273,,0.00142395120517004,,,0.331630741204075,,0,,,0.00340134093542641,,0,,,,,,0.000247894339361586,0,0.293691377312479
0,0,2005,2005-09-18,096,Köln III,05,Nordrhein-Westfalen,erststimme,192045,142475,141725,750,0.741883412741805,spd,0,,,,0,0,,,,,,0,,,,,0,,,0.303785500088199,0,0,0,,,0,,0,,,,,0,,,0,0.0392944081848651,,,,,,,0,0.0931098959252073,0.00203916034573999,0,,,,,,0.0480437466925384,,,,,,0,,,,0.00869994708061386,,0,,0,,,,,,0,0,,0,,,0.505027341682837,,0,,,0,,0,,,,,,0,0,0.303785500088199
0,0,2005,2005-09-18,096,Köln III,05,Nordrhein-Westfalen,zweitstimme,192045,142475,141930,545,0.741883412741805,spd,0,,,,0,0,,,,,,0,,,,,0.000338194884802367,,,0.251151976326358,0,0,0.00104276756147397,,,0,,0,,,,,0,,,0.00283238216021983,0.0966110054252096,,,,,,,0.00628478827591066,0.154181638836046,0,0,,,,,,0.0620658070880011,,,,,,0.000352286338335799,,,,0.00685549214401465,,0,,0.000852532938772635,,,,,,0,0.000612978228704291,,0.00407243007116184,,,0.408194180229691,,0,,,0.00424152751356302,,0,,,,,,0.000310011977735503,0,0.251151976326358
0,0,2005,2005-09-18,097,Bonn,05,Nordrhein-Westfalen,erststimme,212584,172806,170421,2385,0.81288337786475,spd,0,,,,0,0,,,,,,0,,,,,0,,,0.395379677387176,0,0,0,,,0,,0,,,,,0,,,0,0.0870843381977573,,,,,,,0,0.061641464373522,0,0,,,,,,0.0300725849513851,,,,,,0,,,,0.00605559174045452,,0,,0,,,,,,0,0,,0,,,0.419766343349705,,0,,,0,,0,,,,,,0,0,0.395379677387176
0,0,2005,2005-09-18,097,Bonn,05,Nordrhein-Westfalen,zweitstimme,212584,172806,170766,2040,0.81288337786475,spd,0,,,,0,0,,,,,,0,,,,,0.000216670765843318,,,0.346913319981729,0,0,0.000696860030685265,,,0,,0,,,,,0,,,0.00261761709005306,0.137199442511975,,,,,,,0.0033906046871157,0.133375496293173,0,0,,,,,,0.0444409308644578,,,,,,0.000193246899265662,,,,0.00481946054835272,,0,,0.00111263366243866,,,,,,0,0.000228382699132146,,0.00129416862841549,,,0.319284869353384,,0,,,0.00378881041893585,,0,,,,,,0.000427485565042222,0,0.346913319981729
0,0,2005,2005-09-18,098,Rhein-Sieg-Kreis I,05,Nordrhein-Westfalen,erststimme,226476,179685,177692,1993,0.793395326657129,cdu,0,,,,0,0,,,,,,0,,,,,0,,,0.45524840735655,0,0,0.00562208765729464,,,0,,0,,,,,0,,,0,0.0437836255993517,,,,,,,0,0.0411442270895707,0,0,,,,,,0.031599621817527,,,,,,0,,,,0.00889179028881435,,0,,0,,,,,,0,0,,0,,,0.413710240190892,,0,,,0,,0,,,,,,0,0,0.45524840735655
0,0,2005,2005-09-18,098,Rhein-Sieg-Kreis I,05,Nordrhein-Westfalen,zweitstimme,226476,179685,177963,1722,0.793395326657129,cdu,0,,,,0,0,,,,,,0,,,,,0.000219146676556363,,,0.37681990076589,0,0,0.00327034271168726,,,0,,0,,,,,0,,,0.00375920837477453,0.122120890297421,,,,,,,0.00349510853379635,0.0820676207975815,0,0,,,,,,0.043098846389418,,,,,,0.000191050948792727,,,,0.0088445350999927,,0,,0.00213527531003636,,,,,,0,0.000280957277636363,,0.00168574366581818,,,0.34665632743885,,0,,,0.00488865663087271,,0,,,,,,0.000466389080876362,0,0.37681990076589
0,0,2005,2005-09-18,099,Rhein-Sieg-Kreis II,05,Nordrhein-Westfalen,erststimme,209093,171115,169441,1674,0.818367903277489,cdu,0,,,,0,0,,,,,,0,,,,,0,,,0.517796755212729,0,0,0.00279743391505008,,,0,,0,,,,,0,,,0,0.0475858853524236,,,,,,,0,0.0454907607957932,0,0,,,,,,0.0265107028405168,,,,,,0,,,,0.00666898802533035,,0,,0,,,,,,0,0,,0,,,0.353149473858157,,0,,,0,,0,,,,,,0,0,0.517796755212729
0,0,2005,2005-09-18,099,Rhein-Sieg-Kreis II,05,Nordrhein-Westfalen,zweitstimme,209093,171115,169754,1361,0.818367903277489,cdu,0,,,,0,0,,,,,,0,,,,,0.000188508076392898,,,0.410464554590761,0,0,0.00116050284529378,,,0,,0,,,,,0,,,0.00275693061724613,0.146959718180426,,,,,,,0.0028452937780553,0.0815474156720902,0,0,,,,,,0.0345617776311604,,,,,,0.000170835444231064,,,,0.00647407424861859,,0,,0.00179082672573253,,,,,,0,0.000288652991976625,,0.00136668355384851,,,0.305159230415778,,0,,,0.00397634223641269,,0,,,,,,0.000288652991976625,0,0.410464554590761
0,0,2005,2005-09-18,100,Oberbergischer Kreis,05,Nordrhein-Westfalen,erststimme,212632,165042,162452,2590,0.776186086760224,cdu,0,,,,0,0,,,,,,0,,,,,0,,,0.491154310196243,0,0,0,,,0,,0,,,,,0,,,0,0.0415076453352375,,,,,,,0,0.0377280673675917,0,0,,,,,,0.0353088912417206,,,,,,0,,,,0.00928889764361165,,0,,0,,,,,,0,0,,0,,,0.382851549996307,,0,,,0,,0,,,,,,0,0.00216063821928939,0.491154310196243
0,0,2005,2005-09-18,100,Oberbergischer Kreis,05,Nordrhein-Westfalen,zweitstimme,212632,165042,162498,2544,0.776186086760224,cdu,0,,,,0,0,,,,,,0,,,,,0.00016615589114943,,,0.398472596585804,0,0,0.000916934362269074,,,0,,0,,,,,0,,,0.00525544929783751,0.115995273787985,,,,,,,0.00340927272951052,0.0670223633521643,0,0,,,,,,0.0445051631404694,,,,,,0.000233849031988086,,,,0.00862164457408707,,0,,0.00429543748230747,,,,,,0,0.000504621595342712,,0.00297849819690089,,,0.341770360250588,,0,,,0.00552622186119214,,0,,,,,,0.000326157860404436,0,0.398472596585804
0,0,2005,2005-09-18,101,Rheinisch-Bergischer Kreis,05,Nordrhein-Westfalen,erststimme,213615,177035,175174,1861,0.828757343819488,cdu,0,,,,0,0,,,,,,0,,,,,0,,,0.492595933186432,0,0,0,,,0,,0,,,,,0,,,0,0.0449895532442029,,,,,,,0,0.0498647059495131,0,0,,,,,,0.0305867309075548,,,,,,0,,,,0.00807768276114035,,0,,0,,,,,,0,0,,0,,,0.373885393951157,,0,,,0,,0,,,,,,0,0,0.492595933186432
0,0,2005,2005-09-18,101,Rheinisch-Bergischer Kreis,05,Nordrhein-Westfalen,zweitstimme,213615,177035,175235,1800,0.828757343819488,cdu,0,,,,0,0,,,,,,0,,,,,0.000376637087339858,,,0.369543755528291,0,0,0.000713327816931549,,,0,,0,,,,,0,,,0.00386909007903672,0.140856564042571,,,,,,,0.00401746226495848,0.0880018261192113,0,0,,,,,,0.0409735498045482,,,,,,0.000273917881701715,,,,0.0063286443918167,,0,,0.00155220132964305,,,,,,0,0.00026250463663081,,0.00204297086769196,,,0.335931748794476,,0,,,0.00501612120866265,,0,,,,,,0.000239678146489001,0,0.369543755528291
0,0,2005,2005-09-18,102,Leverkusen - Köln IV,05,Nordrhein-Westfalen,erststimme,213112,161257,159553,1704,0.756677240136642,spd,0,,,,0,0,,,,,,0,,,,,0,,,0.358946556943461,0,0,0,,,0,,0,,,,,0,,,0,0.039159401578159,,,,,,,0,0.0528037705339292,0.00222496599875903,0,,,,,,0.0441859444823977,,,,,,0.00175490275958459,,,,0.0105858241462085,,0,,0,,,,,,0,0,,0,,,0.490338633557501,,0,,,0,,0,,,,,,0,0,0.358946556943461
0,0,2005,2005-09-18,102,Leverkusen - Köln IV,05,Nordrhein-Westfalen,zweitstimme,213112,161257,159786,1471,0.756677240136642,spd,0,,,,0,0,,,,,,0,,,,,0.000312918528531911,,,0.296978458688496,0,0,0.00105766462643786,,,0,,0,,,,,0,,,0.00413678294719187,0.100227804688771,,,,,,,0.00555117469615611,0.0992327237680398,0,0,,,,,,0.0554241297735722,,,,,,0.0010639229970085,,,,0.00894946991601267,,0,,0.000907463732742543,,,,,,0,0.000556994980786802,,0.00326686943787316,,,0.417564742843553,,0,,,0.00448099332857697,,0,,,,,,0.000287885046249359,0,0.296978458688496
0,0,2005,2005-09-18,103,Wuppertal I,05,Nordrhein-Westfalen,erststimme,220640,166375,163849,2526,0.754056381435823,spd,0,,,,0,0,,,,,,0,,,,,0,,,0.355156271933304,0,0,0,,,0,,0.0057552990863539,,,,,0,,,0,0.0427710880139641,,,,,,,0,0.0471165524354741,0,0,,,,,,0.0576994671923539,,,,,,0,,,,0.0128532978535115,,0,,0,,,,,,0,0,,0,,,0.478648023485038,,0,,,0,,0,,,,,,0,0,0.355156271933304
0,0,2005,2005-09-18,103,Wuppertal I,05,Nordrhein-Westfalen,zweitstimme,220640,166375,164076,2299,0.754056381435823,spd,0,,,,0,0,,,,,,0,,,,,0.000304736829274239,,,0.287964114190985,0,0,0.0011214315317292,,,0,,0,,,,,0,,,0.00438211560496355,0.106493332358175,,,,,,,0.00667373656110583,0.0928167434603476,0,0,,,,,,0.0708756917526025,,,,,,0.000694799970745264,,,,0.00939808381481752,,0,,0.00176747360979059,,,,,,0,0.000524147346351691,,0.00722835759038494,,,0.403721446159097,,0,,,0.00574733660011214,,0,,,,,,0.000286452619517784,0,0.287964114190985
0,0,2005,2005-09-18,104,Solingen - Remscheid - Wuppertal II,05,Nordrhein-Westfalen,erststimme,232219,179124,176523,2601,0.771358071475633,spd,0,,,,0,0,,,,,,0,,,,,0,,,0.410059878882639,0,0,0,,,0,,0,,,,,0,,,0,0.0538513394855061,,,,,,,0,0.0430538796644063,0,0,,,,,,0.0472233080108541,,,,,,0.00212436906238847,,,,0.0111203639185828,,0,,0,,,,,,0,0,,0,,,0.432566860975624,,0,,,0,,0,,,,,,0,0,0.410059878882639
0,0,2005,2005-09-18,104,Solingen - Remscheid - Wuppertal II,05,Nordrhein-Westfalen,zweitstimme,232219,179124,176793,2331,0.771358071475633,spd,0,,,,0,0,,,,,,0,,,,,0.000265847629713846,,,0.328864830621122,0,0,0.00100117086083725,,,0,,0,,,,,0,,,0.0041913424174034,0.12609662147257,,,,,,,0.00441759571928753,0.0719372373340573,0,0,,,,,,0.0575927779946039,,,,,,0.000944607535366219,,,,0.00838268483480681,,0,,0.00165164910375411,,,,,,0,0.000367661615561702,,0.00465516168626586,,,0.383900946304435,,0,,,0.0054527045754074,,0,,,,,,0.000277160294808052,0,0.328864830621122
0,0,2005,2005-09-18,105,Mettmann I,05,Nordrhein-Westfalen,erststimme,205589,165177,163072,2105,0.803433063052984,cdu,0,,,,0,0,,,,,,0,,,,,0,,,0.47333079866562,0,0,0,,,0,,0,,,,,0,,,0,0.0421838206436421,,,,,,,0,0.0431343210361068,0,0,,,,,,0.0352788952119309,,,,,,0,,,,0.00932103610675039,,0,,0,,,,,,0,0,,0,,,0.39675112833595,,0,,,0,,0,,,,,,0,0,0.47333079866562
0,0,2005,2005-09-18,105,Mettmann I,05,Nordrhein-Westfalen,zweitstimme,205589,165177,163491,1686,0.803433063052984,cdu,0,,,,0,0,,,,,,0,,,,,0.000483207026686484,,,0.376766916833343,0,0,0.00080126734804974,,,0,,0,,,,,0,,,0.00407973527594791,0.12320555871577,,,,,,,0.00578013468631301,0.069716375824969,0,0,,,,,,0.0439045574374125,,,,,,0.000318060321363255,,,,0.00723587231101406,,0,,0.00129059091937783,,,,,,0,0.000299710687438452,,0.00333351682967258,,,0.35788514352472,,0,,,0.00465469047225841,,0,,,,,,0.000244661785664043,0,0.376766916833343
0,0,2005,2005-09-18,106,Mettmann II,05,Nordrhein-Westfalen,erststimme,170221,135236,133760,1476,0.794473067365366,spd,0,,,,0,0,,,,,,0,,,,,0,,,0.416626794258373,0,0,0,,,0,,0,,,,,0,,,0,0.0532296650717703,,,,,,,0,0.0387858851674641,0,0,,,,,,0.0472562799043062,,,,,,0,,,,0.00931519138755981,,0,,0,,,,,,0,0,,0,,,0.434786184210526,,0,,,0,,0,,,,,,0,0,0.416626794258373
0,0,2005,2005-09-18,106,Mettmann II,05,Nordrhein-Westfalen,zweitstimme,170221,135236,134016,1220,0.794473067365366,spd,0,,,,0,0,,,,,,0,,,,,0.000201468481375358,,,0.35343541069723,0,0,0.000962571633237822,,,0,,0,,,,,0,,,0.00363389446036294,0.118396310888252,,,,,,,0.00471585482330468,0.0657085721107927,0,0,,,,,,0.049755253104107,,,,,,0.00045516953199618,,,,0.00660368911174785,,0,,0.00120134909264565,,,,,,0,0.000447707736389685,,0.00353689111747851,,,0.386147922636103,,0,,,0.00445469197707736,,0,,,,,,0.000343242597898758,0,0.35343541069723
0,0,2005,2005-09-18,107,Düsseldorf I,05,Nordrhein-Westfalen,erststimme,215651,170004,168233,1771,0.788329291308642,cdu,0,,,,0,0,,,,,,0,,,,,0,,,0.445667615747208,0,0,0,,,0,,0,,,,,0,,,0,0.052088472535115,,,,,,,0,0.0512622374920497,0,0,,,,,,0.0370854707459298,,,,,,0.00111749775608828,,,,0.00671093067353016,,0,,0,,,,,,0,0,,0,,,0.406067775050079,,0,,,0,,0,,,,,,0,0,0.445667615747208
0,0,2005,2005-09-18,107,Düsseldorf I,05,Nordrhein-Westfalen,zweitstimme,215651,170004,168485,1519,0.788329291308642,cdu,0,,,,0,0,,,,,,0,,,,,0.000344244294744339,,,0.354001839926403,0,0,0.000652877110722023,,,0,,0,,,,,0,,,0.00212481823307713,0.142345015876784,,,,,,,0.00591744072172597,0.0962518918598095,0,0,,,,,,0.0485503160518741,,,,,,0.000635071371338695,,,,0.00485503160518741,,0,,0.000694423835949788,,,,,,0,0.000290827076594356,,0.00284891830133246,,,0.336362287443986,,0,,,0.00381042822803217,,0,,,,,,0.000314568062438793,0,0.354001839926403
0,0,2005,2005-09-18,108,Düsseldorf II,05,Nordrhein-Westfalen,erststimme,193401,146767,144886,1881,0.758874049255175,spd,0,,,,0,0,,,,,,0,,,,,0,,,0.3863865383819,0,0,0,,,0,,0,,,,,0,,,0,0.0436481095481965,,,,,,,0,0.0516475021741231,0.00177380837347984,0,,,,,,0.0487969852159629,,,,,,0,,,,0.00838590339991442,,0,,0,,,,,,0,0,,0,,,0.459361152906423,,0,,,0,,0,,,,,,0,0,0.3863865383819
0,0,2005,2005-09-18,108,Düsseldorf II,05,Nordrhein-Westfalen,zweitstimme,193401,146767,145115,1652,0.758874049255175,spd,0,,,,0,0,,,,,,0,,,,,0.000516831478482583,,,0.321841298280674,0,0,0.00100609861144609,,,0,,0,,,,,0,,,0.00338352341246598,0.10474451297247,,,,,,,0.00806257106432829,0.0957998828515315,0,0,,,,,,0.05904971918823,,,,,,0.000468593873824208,,,,0.00602280949591703,,0,,0.000964752093167488,,,,,,0,0.000330772146228853,,0.00494780002067326,,,0.387437549529683,,0,,,0.00510629500740792,,0,,,,,,0.000316989973469317,0,0.321841298280674
0,0,2005,2005-09-18,109,Neuss I,05,Nordrhein-Westfalen,erststimme,212741,164493,162923,1570,0.77320779727462,cdu,0,,,,0,0,,,,,,0,,,,,0,,,0.477409573847769,0,0,0,,,0,,0,,,,,0,,,0,0.0367903856422973,,,,,,,0,0.0313706474837807,0,0,,,,,,0.0335373151734255,,,,,,0,,,,0.0102686545177783,,0,,0,,,,,,0,0,,0,,,0.402662607489428,,0,,,0,,0,,,,,,0.00796081584552212,0,0.477409573847769
0,0,2005,2005-09-18,109,Neuss I,05,Nordrhein-Westfalen,zweitstimme,212741,164493,163017,1476,0.77320779727462,cdu,0,,,,0,0,,,,,,0,,,,,0.000269910500131888,,,0.403411914094849,0,0,0.000883343454977088,,,0,,0,,,,,0,,,0.00389529926326702,0.11293914131655,,,,,,,0.0039750455473969,0.0601532355521203,0,0,,,,,,0.0397749927921628,,,,,,0.000411000079746284,,,,0.00853898673144519,,0,,0.000619567284393652,,,,,,0,0.000441671727488544,,0.0033738812516486,,,0.352950919229283,,0,,,0.00482158302508327,,0,,,,,,0.00353950814945681,0,0.403411914094849
0,0,2005,2005-09-18,110,Mönchengladbach,05,Nordrhein-Westfalen,erststimme,195069,141494,139324,2170,0.725353592831255,cdu,0,,,,0,0,,,,,,0,,,,,0,,,0.478847865407252,0,0,0,,,0,,0,,,,,0,,,0,0.0409907840716603,,,,,,,0,0.0380982458155092,0,0,,,,,,0.0421320088426976,,,,,,0,,,,0.0111251471390428,,0,,0,,,,,,0,0,,0,,,0.388805948723838,,0,,,0,,0,,,,,,0,0,0.478847865407252
0,0,2005,2005-09-18,110,Mönchengladbach,05,Nordrhein-Westfalen,zweitstimme,195069,141494,139499,1995,0.725353592831255,cdu,0,,,,0,0,,,,,,0,,,,,0.00017204424404476,,,0.390246525064696,0,0,0.000824378669381142,,,0,,0,,,,,0,,,0.00446598183499523,0.120567172524534,,,,,,,0.00431544312145607,0.0624735661187535,0,0,,,,,,0.0525953591065169,,,,,,0.000286740406741267,,,,0.00886744707847368,,0,,0.000960580362583244,,,,,,0,0.000422942099943369,,0.00235127133527839,,,0.345285629287665,,0,,,0.00576348217549947,,0,,,,,,0.000401436569437774,0,0.390246525064696
0,0,2005,2005-09-18,111,Krefeld I - Neuss II,05,Nordrhein-Westfalen,erststimme,202982,161147,158929,2218,0.793897981101773,cdu,0,,,,0,0,,,,,,0,,,,,0,,,0.473532206205287,0,0,0,,,0,,0.00278111609586671,,,,,0,,,0,0.0506515488048122,,,,,,,0,0.0440070723404791,0,0,,,,,,0.0350408043843477,,,,,,0,,,,0.0075631256724701,,0,,0,,,,,,0,0,,0,,,0.386424126496738,,0,,,0,,0,,,,,,0,0,0.473532206205287
0,0,2005,2005-09-18,111,Krefeld I - Neuss II,05,Nordrhein-Westfalen,zweitstimme,202982,161147,159039,2108,0.793897981101773,cdu,0,,,,0,0,,,,,,0,,,,,0.000238935103968209,,,0.385584667911644,0,0,0.000811121800313131,,,0,,0,,,,,0,,,0.00479756537704588,0.136840649148951,,,,,,,0.00462779569791058,0.0718188620401285,0,0,,,,,,0.0431780883934129,,,,,,0.000484157973830318,,,,0.00683480152666956,,0,,0.000767107439055829,,,,,,0,0.000383553719527915,,0.00279176805689171,,,0.334961864699854,,0,,,0.00501763718333239,,0,,,,,,0.000861423927464333,0,0.385584667911644
0,0,2005,2005-09-18,112,Viersen,05,Nordrhein-Westfalen,erststimme,225763,177272,174794,2478,0.78521281166533,cdu,0,,,,0,0,,,,,,0,,,,,0,,,0.480897513644633,0,0,0,,,0,,0,,,,,0,,,0,0.0544641120404591,,,,,,,0,0.0461400276897376,0,0,,,,,,0.0375756604917789,,,,,,0,,,,0.00914219023536277,,0,,0,,,,,,0,0,,0,,,0.371780495898029,,0,,,0,,0,,,,,,0,0,0.480897513644633
0,0,2005,2005-09-18,112,Viersen,05,Nordrhein-Westfalen,zweitstimme,225763,177272,175004,2268,0.78521281166533,cdu,0,,,,0,0,,,,,,0,,,,,0.000234280359306073,,,0.396825215423648,0,0,0.000754268473863455,,,0,,0,,,,,0,,,0.00483988937395717,0.128391351054833,,,,,,,0.00378848483463235,0.0665756211286599,0,0,,,,,,0.0435818609860346,,,,,,0.000274279445041256,,,,0.00753697058352952,,0,,0.00103997622911476,,,,,,0,0.00041713332266691,,0.00238280267879591,,,0.336912299147448,,0,,,0.00590272222349203,,0,,,,,,0.000542844734977486,0,0.396825215423648
0,0,2005,2005-09-18,113,Kleve,05,Nordrhein-Westfalen,erststimme,223341,173899,170965,2934,0.778625509870557,cdu,0,,,,0,0,,,,,,0,,,,,0,,,0.502991840435177,0,0,0,,,0,,0,,,,,0,,,0,0.0494838124762378,,,,,,,0,0.0369081390927968,0,0,,,,,,0.030456526189571,,,,,,0,,,,0.00834673763635832,,0,,0,,,,,,0,0,,0,,,0.371812944169859,,0,,,0,,0,,,,,,0,0,0.502991840435177
0,0,2005,2005-09-18,113,Kleve,05,Nordrhein-Westfalen,zweitstimme,223341,173899,171451,2448,0.778625509870557,cdu,0,,,,0,0,,,,,,0,,,,,0.000274130801220174,,,0.444377693918379,0,0,0.000694075858408525,,,0,,0,,,,,0,,,0.00422861342307715,0.106916845046106,,,,,,,0.00282879656578264,0.0556718829286502,0,0,,,,,,0.0381450093612752,,,,,,0.000227470239310357,,,,0.00741902934366087,,0,,0.000682410717931071,,,,,,0,0.000524931321485439,,0.00186642247639267,,,0.330765058238214,,0,,,0.0050801686779313,,0,,,,,,0.000297461082175082,0,0.444377693918379
0,0,2005,2005-09-18,114,Wesel I,05,Nordrhein-Westfalen,erststimme,204858,164457,162482,1975,0.802785343994377,spd,0,,,,0,0,,,,,,0,,,,,0,,,0.391563373173644,0,0,0,,,0,,0,,,,,0,,,0,0.035179281397324,,,,,,,0,0.0362132420821999,0,0,,,,,,0.038779680210731,,,,,,0,,,,0.00827168547900691,,0,,0,,,,,,0,0,,0,,,0.489992737657094,,0,,,0,,0,,,,,,0,0,0.391563373173644
0,0,2005,2005-09-18,114,Wesel I,05,Nordrhein-Westfalen,zweitstimme,204858,164457,162566,1891,0.802785343994377,spd,0,,,,0,0,,,,,,0,,,,,0.000178389085048534,,,0.331250076891847,0,0,0.000768918470036785,,,0,,0,,,,,0,,,0.00415215973819864,0.0893729316093156,,,,,,,0.00284192266525596,0.0627991092848443,0,0,,,,,,0.0474145885363483,,,,,,0.000461351082022071,,,,0.00706174722881783,,0,,0.000541318602905897,,,,,,0,0.000393686256658834,,0.00291573883837949,,,0.444680929591674,,0,,,0.00483495933959131,,0,,,,,,0.000332172779055891,0,0.331250076891847
0,0,2005,2005-09-18,115,Krefeld II - Wesel II,05,Nordrhein-Westfalen,erststimme,182775,142804,140727,2077,0.781310354260703,spd,0,,,,0,0,,,,,,0,,,,,0,,,0.364429000831397,0,0,0,,,0,,0,,,,,0,,,0,0.0426783772836769,,,,,,,0,0.0367235853816254,0,0,,,,,,0.0395375443234063,,,,,,0,,,,0.00917379038848267,,0,,0,,,,,,0,0,,0,,,0.507457701791412,,0,,,0,,0,,,,,,0,0,0.364429000831397
0,0,2005,2005-09-18,115,Krefeld II - Wesel II,05,Nordrhein-Westfalen,zweitstimme,182775,142804,140858,1946,0.781310354260703,spd,0,,,,0,0,,,,,,0,,,,,0.000163285010436042,,,0.305648241491431,0,0,0.000830623748739866,,,0,,0,,,,,0,,,0.00386914481250621,0.100533870990643,,,,,,,0.0042738076644564,0.0773615982052848,0,0,,,,,,0.0511792017492794,,,,,,0.00064604069346434,,,,0.00705675219014895,,0,,0.00095131266949694,,,,,,0,0.000425960896789675,,0.00320180607420239,,,0.438434451717332,,0,,,0.00511863010975593,,0,,,,,,0.0003052719760326,0,0.305648241491431
0,0,2005,2005-09-18,116,Duisburg I,05,Nordrhein-Westfalen,erststimme,188411,145909,143801,2108,0.77441869105307,spd,0,,,,0,0,,,,,,0,,,,,0,,,0.290825515816997,0,0,0,,,0,,0,,,,,0,,,0.00910981147558084,0.0274754695725343,,,,,,,0,0.0409176570399371,0,0,,,,,,0.062141431561672,,,,,,0,,,,0.0109248197161355,,0,,0,,,,,,0,0,,0,,,0.558605294817143,,0,,,0,,0,,,,,,0,0,0.290825515816997
0,0,2005,2005-09-18,116,Duisburg I,05,Nordrhein-Westfalen,zweitstimme,188411,145909,143653,2256,0.77441869105307,spd,0,,,,0,0,,,,,,0,,,,,0.000431595581018148,,,0.24392111546574,0,0,0.000939764571571774,,,0,,0,,,,,0,,,0.00608410544854615,0.0671339965054681,,,,,,,0.00478931870549171,0.0832213737269671,0,0,,,,,,0.0728700410015802,,,,,,0.00109291139064273,,,,0.00850660967748672,,0,,0.00071004434296534,,,,,,0,0.000292371200044552,,0.00448998628639847,,,0.499439621866581,,0,,,0.00574300571516084,,0,,,,,,0.000334138514336631,0,0.24392111546574
0,0,2005,2005-09-18,117,Duisburg II,05,Nordrhein-Westfalen,erststimme,163423,116258,114170,2088,0.711393133157512,spd,0,,,,0,0,,,,,,0,,,,,0,,,0.24582639922922,0,0,0,,,0,,0,,,,,0,,,0,0.0229920294297977,,,,,,,0,0.0257685906980818,0,0,,,,,,0.066751335727424,,,,,,0.0032495401594114,,,,0.0196724183235526,,0,,0,,,,,,0,0,,0,,,0.615739686432513,,0,,,0,,0,,,,,,0,0,0.24582639922922
0,0,2005,2005-09-18,117,Duisburg II,05,Nordrhein-Westfalen,zweitstimme,163423,116258,113934,2324,0.711393133157512,spd,0,,,,0,0,,,,,,0,,,,,0.00033352642758088,,,0.211315322906244,0,0,0.00106201836150754,,,0,,0,,,,,0,,,0.0045991538961153,0.0545842329769867,,,,,,,0.00455526883985465,0.0603243983358787,0,0,,,,,,0.0788175610441133,,,,,,0.00212403672301508,,,,0.0157810662313269,,0,,0.000579282742640476,,,,,,0,0.000412519528850036,,0.00570505731388348,,,0.55290782382783,,0,,,0.00653887338283568,,0,,,,,,0.000359857461337265,0,0.211315322906244
0,0,2005,2005-09-18,118,Oberhausen - Wesel III,05,Nordrhein-Westfalen,erststimme,213983,166618,164290,2328,0.778650640471439,spd,0,,,,0,0,,,,,,0,,,,,0,,,0.264233976504961,0,0,0,,,0,,0,,,,,0,,,0,0.0264410493639296,,,,,,,0,0.0588471605088563,0,0,,,,,,0.055438553776858,,,,,,0.00166778257958488,,,,0.0115953496865299,,0,,0,,,,,,0,0,,0,,,0.581776127579281,,0,,,0,,0,,,,,,0,0,0.264233976504961
0,0,2005,2005-09-18,118,Oberhausen - Wesel III,05,Nordrhein-Westfalen,zweitstimme,213983,166618,164274,2344,0.778650640471439,spd,0,,,,0,0,,,,,,0,,,,,0.000243495623166174,,,0.232708767059912,0,0,0.000693962526023595,,,0,,0,,,,,0,,,0.00394462909529201,0.0630775411811973,,,,,,,0.00377418215907569,0.0690918830734018,0,0,,,,,,0.0660055760497705,,,,,,0.00109573030424778,,,,0.0100807187990796,,0,,0.000541777761544736,,,,,,0,0.000480903855753193,,0.00363417217575514,,,0.539099309689908,,0,,,0.00516210721112288,,0,,,,,,0.00036524343474926,0,0.232708767059912
0,0,2005,2005-09-18,119,Mülheim - Essen I,05,Nordrhein-Westfalen,erststimme,197688,157290,155463,1827,0.795647687264781,spd,0,,,,0,0,,,,,,0,,,,,0,,,0.328187414368692,0,0,0,,,0,,0,,,,,0,,,0.00950065288846864,0.0331204209361713,,,,,,,0,0.0410708657365418,0,0,,,,,,0.0509317329525353,,,,,,0.00242501431208712,,,,0.00852936068389263,,0,,0,,,,,,0,0,,0,,,0.526234538121611,,0,,,0,,0,,,,,,0,0,0.328187414368692
0,0,2005,2005-09-18,119,Mülheim - Essen I,05,Nordrhein-Westfalen,zweitstimme,197688,157290,155474,1816,0.795647687264781,spd,0,,,,0,0,,,,,,0,,,,,0.000244413856979302,,,0.274926997440086,0,0,0.000726809627333188,,,0,,0,,,,,0,,,0.00664419774367418,0.0810103297014292,,,,,,,0.00356329675701403,0.0750993735286929,0,0,,,,,,0.0630394792698458,,,,,,0.00147934702908525,,,,0.00755110179193949,,0,,0.000964791540707771,,,,,,0,0.000263709687793457,,0.00329315512561586,,,0.476407630857893,,0,,,0.00454095218493124,,0,,,,,,0.000244413856979302,0,0.274926997440086
0,0,2005,2005-09-18,120,Essen II,05,Nordrhein-Westfalen,erststimme,174161,126509,124434,2075,0.72639109789218,spd,0,,,,0,0,,,,,,0,,,,,0,,,0.27403282061173,0,0,0,,,0,,0,,,,,0,,,0,0.0296703473327226,,,,,,,0,0.033640323384284,0,0,,,,,,0.0611006638057123,,,,,,0.00263593551601652,,,,0.0149637558866548,,0,,0,,,,,,0,0,,0,,,0.58395615346288,,0,,,0,,0,,,,,,0,0,0.27403282061173
0,0,2005,2005-09-18,120,Essen II,05,Nordrhein-Westfalen,zweitstimme,174161,126509,124726,1783,0.72639109789218,spd,0,,,,0,0,,,,,,0,,,,,0.000352773279027629,,,0.23845870147363,0,0,0.00151532158491413,,,0,,0,,,,,0,,,0.00461812292545259,0.0629219248592916,,,,,,,0.0049388259063868,0.0704504273367221,0,0,,,,,,0.0740663534467553,,,,,,0.00163558520276446,,,,0.0109520067989032,,0,,0.000729599281625323,,,,,,0,0.00041691387521447,,0.00683899106842198,,,0.515353655212225,,0,,,0.00637397174606738,,0,,,,,,0.000376826002597694,0,0.23845870147363
0,0,2005,2005-09-18,121,Essen III,05,Nordrhein-Westfalen,erststimme,200447,163555,161632,1923,0.815951348735576,spd,0,,,,0,0,,,,,,0,,,,,0,,,0.374492674717878,0,0,0,,,0,,0.00284597109483271,,,,,0,,,0,0.0331926846169075,,,,,,,0,0.0556016135418729,0,0,,,,,,0.0456159671352208,,,,,,0,,,,0.00747995446446248,,0,,0,,,,,,0,0,,0,,,0.480771134428826,,0,,,0,,0,,,,,,0,0,0.374492674717878
0,0,2005,2005-09-18,121,Essen III,05,Nordrhein-Westfalen,zweitstimme,200447,163555,161921,1634,0.815951348735576,spd,0,,,,0,0,,,,,,0,,,,,0.00032732011289456,,,0.308903724655851,0,0,0.000876970868509952,,,0,,0,,,,,0,,,0.0029088259089309,0.0940890928292192,,,,,,,0.00377962092625416,0.0970473255476436,0,0,,,,,,0.0561323114358237,,,,,,0.000753453844776156,,,,0.00565707968700786,,0,,0.000895498422070022,,,,,,0,0.00033349596408125,,0.00291500176011759,,,0.419754077605746,,0,,,0.00510125308020578,,0,,,,,,0.000524947350868634,0,0.308903724655851
0,0,2005,2005-09-18,122,Recklinghausen I,05,Nordrhein-Westfalen,erststimme,176449,136212,134220,1992,0.771962436738094,spd,0,,,,0,0,,,,,,0,,,,,0,,,0.310087915362837,0,0,0,,,0,,0,,,,,0,,,0,0.0362017583072567,,,,,,,0,0.0305021606317985,0,0,,,,,,0.0542765608702131,,,,,,0,,,,0.0120101326180897,,0,,0,,,,,,0,0,,0,,,0.556921472209805,,0,,,0,,0,,,,,,0,0,0.310087915362837
0,0,2005,2005-09-18,122,Recklinghausen I,05,Nordrhein-Westfalen,zweitstimme,176449,136212,134569,1643,0.771962436738094,spd,0,,,,0,0,,,,,,0,,,,,0.000282383015404737,,,0.284069882365181,0,0,0.000943753762010567,,,0,,0,,,,,0,,,0.00393106881971331,0.0615000483023579,,,,,,,0.00333657826096649,0.0566326568526184,0,0,,,,,,0.0625032511202431,,,,,,0.000891735838120221,,,,0.00909570554882625,,0,,0.000720819802480512,,,,,,0,0.000483023578981786,,0.00362639240835556,,,0.507263931514688,,0,,,0.00449583485052278,,0,,,,,,0.000222933959530055,0,0.284069882365181
0,0,2005,2005-09-18,123,Recklinghausen II,05,Nordrhein-Westfalen,erststimme,196107,154197,152658,1539,0.786290137526962,spd,0,,,,0,0,,,,,,0,,,,,0,,,0.32223663352068,0,0,0,,,0,,0,,,,,0,,,0,0.0304864468288593,,,,,,,0,0.0367357098874609,0,0,,,,,,0.0484547157698909,,,,,,0.00180141230724888,,,,0.0106578102687052,,0,,0,,,,,,0,0,,0,,,0.549627271417155,,0,,,0,,0,,,,,,0,0,0.32223663352068
0,0,2005,2005-09-18,123,Recklinghausen II,05,Nordrhein-Westfalen,zweitstimme,196107,154197,152929,1268,0.786290137526962,spd,0,,,,0,0,,,,,,0,,,,,0.000156935571408954,,,0.286825912678433,0,0,0.00100046426773208,,,0,,0,,,,,0,,,0.00336103682100844,0.0627022997600194,,,,,,,0.00278560639250894,0.0542931687253562,0,0,,,,,,0.0554440295823552,,,,,,0.00114432187485696,,,,0.00861837846320842,,0,,0.00115739983914104,,,,,,0,0.000418494857090545,,0.00324333514245173,,,0.513963996364326,,0,,,0.004603443427996,,0,,,,,,0.00028117623210771,0,0.286825912678433
0,0,2005,2005-09-18,124,Gelsenkirchen,05,Nordrhein-Westfalen,erststimme,193519,142477,140179,2298,0.736242952888347,spd,0,,,,0,0,,,,,,0,,,,,0,,,0.264033842444303,0,0,0,,,0,,0,,,,,0,,,0,0.0247326632377175,,,,,,,0,0.0266302370540523,0,0,,,,,,0.0677419584959231,,,,,,0.00439438146940697,,,,0.0157370219505061,,0,,0,,,,,,0,0,,0,,,0.596729895348091,,0,,,0,,0,,,,,,0,0,0.264033842444303
0,0,2005,2005-09-18,124,Gelsenkirchen,05,Nordrhein-Westfalen,zweitstimme,193519,142477,140510,1967,0.736242952888347,spd,0,,,,0,0,,,,,,0,,,,,0.000277560315991744,,,0.232033307237919,0,0,0.000754394705003203,,,0,,0,,,,,0,,,0.00390719521742225,0.05471496690627,,,,,,,0.00458330367945342,0.0570564372642517,0,0,,,,,,0.0789054159846274,,,,,,0.00366521955732688,,,,0.0116717671340118,,0,,0.00134509999288307,,,,,,0,0.000526652907266387,,0.00733755604583304,,,0.537534695039499,,0,,,0.00532346452209807,,0,,,,,,0.00036296349014305,0,0.232033307237919
0,0,2005,2005-09-18,125,Steinfurt I - Borken I,05,Nordrhein-Westfalen,erststimme,196748,155261,153522,1739,0.789136357167544,cdu,0,,,,0,0,,,,,,0,,,,,0,,,0.511679107880304,0,0,0,,,0,,0,,,,,0,,,0,0.037466942848582,,,,,,,0,0.0327510063704225,0,0,,,,,,0.0288167168223447,,,,,,0,,,,0.0070022537486484,,0,,0.00252732507393077,,,,,,0,0,,0,,,0.379756647255768,,0,,,0,,0,,,,,,0,0,0.511679107880304
0,0,2005,2005-09-18,125,Steinfurt I - Borken I,05,Nordrhein-Westfalen,zweitstimme,196748,155261,153549,1712,0.789136357167544,cdu,0,,,,0,0,,,,,,0,,,,,0.000195377371392845,,,0.444294655126377,0,0,0.00067730822082853,,,0,,0,,,,,0,,,0.00341910399937479,0.0968941510527584,,,,,,,0.00231847814052843,0.0552462080508502,0,0,,,,,,0.0358061595972621,,,,,,0.000162814476160704,,,,0.00580922050941393,,0,,0.00140020449498206,,,,,,0,0.000332141531367837,,0.0019407485558356,,,0.347354916020293,,0,,,0.00349725494793193,,0,,,,,,0.000651257904642818,0,0.444294655126377
0,0,2005,2005-09-18,126,Bottrop - Recklinghausen III,05,Nordrhein-Westfalen,erststimme,209649,166096,163994,2102,0.792257535213619,spd,0,,,,0,0,,,,,,0,,,,,0,,,0.314109052770223,0,0,0,,,0,,0,,,,,0,,,0,0.0254155639840482,,,,,,,0,0.025885093357074,0,0,,,,,,0.0509043013768797,,,,,,0.00130492578996793,,,,0.0102320816615242,,0,,0,,,,,,0,0,,0,,,0.56049611571155,,0,,,0.0109821091015525,,0,,,,,,0,0.000670756247179775,0.314109052770223
0,0,2005,2005-09-18,126,Bottrop - Recklinghausen III,05,Nordrhein-Westfalen,zweitstimme,209649,166096,163950,2146,0.792257535213619,spd,0,,,,0,0,,,,,,0,,,,,0.000176883196096371,,,0.281085696858798,0,0,0.000683135102165294,,,0,,0,,,,,0,,,0.00388533089356511,0.0652089051540104,,,,,,,0.00280573345532175,0.055992680695334,0,0,,,,,,0.0636962488563587,,,,,,0.00111619396157365,,,,0.00791094845989631,,0,,0.000853918877706618,,,,,,0,0.000524550167734065,,0.00431229033241842,,,0.504306190911863,,0,,,0.00711802378774017,,0,,,,,,0.000323269289417505,0,0.281085696858798
0,0,2005,2005-09-18,127,Borken II,05,Nordrhein-Westfalen,erststimme,191988,157139,155604,1535,0.818483446882097,cdu,0,,,,0,0,,,,,,0,,,,,0,,,0.560724660034446,0,0,0,,,0,,0,,,,,0,,,0,0.0400503843088867,,,,,,,0,0.039009279967096,0,0,,,,,,0.0281869360684815,,,,,,0,,,,0.00504485745867716,,0,,0,,,,,,0,0,,0,,,0.326983882162412,,0,,,0,,0,,,,,,0,0,0.560724660034446
0,0,2005,2005-09-18,127,Borken II,05,Nordrhein-Westfalen,zweitstimme,191988,157139,155582,1557,0.818483446882097,cdu,0,,,,0,0,,,,,,0,,,,,0.000134977053900837,,,0.497358306230798,0,0,0.000559190651874896,,,0,,0,,,,,0,,,0.00401717422323919,0.0997351878752041,,,,,,,0.00206964815981283,0.051361982748647,0,0,,,,,,0.0313468138987801,,,,,,0.000147832011415202,,,,0.00507128073941716,,0,,0.000636320396961088,,,,,,0,0.000205679320229847,,0.00175470170071088,,,0.301770127649728,,0,,,0.00342584617757838,,0,,,,,,0.000404931161702511,0,0.497358306230798
0,0,2005,2005-09-18,128,Coesfeld - Steinfurt II,05,Nordrhein-Westfalen,erststimme,185527,154087,152413,1674,0.83053679518345,cdu,0,,,,0,0,,,,,,0,,,,,0,,,0.515874630116854,0,0,0,,,0,,0,,,,,0,,,0,0.0458491073596084,,,,,,,0,0.040836411592187,0,0,,,,,,0.0287836339419866,,,,,,0,,,,0.00602966938515743,,0,,0,,,,,,0,0,,0,,,0.362626547604207,,0,,,0,,0,,,,,,0,0,0.515874630116854
0,0,2005,2005-09-18,128,Coesfeld - Steinfurt II,05,Nordrhein-Westfalen,zweitstimme,185527,154087,152607,1480,0.83053679518345,cdu,0,,,,0,0,,,,,,0,,,,,0.000111397249143224,,,0.448996441840807,0,0,0.00072735850911164,,,0,,0,,,,,0,,,0.00432483437850164,0.109811476537774,,,,,,,0.00258179506837825,0.0711959477612429,0,0,,,,,,0.0352605057435111,,,,,,0.000131055587227322,,,,0.00509150956378148,,0,,0.000491458452102459,,,,,,0,0.00032108618870694,,0.0020117032639394,,,0.31465791215344,,0,,,0.00387269260256738,,0,,,,,,0.000412825099766066,0,0.448996441840807
0,0,2005,2005-09-18,129,Steinfurt III,05,Nordrhein-Westfalen,erststimme,189035,153522,151638,1884,0.812135318856296,spd,0,,,,0,0,,,,,,0,,,,,0,,,0.427940226064707,0,0,0,,,0,,0,,,,,0,,,0,0.0383413128635303,,,,,,,0,0.0313905485432411,0,0,,,,,,0.0302562682177291,,,,,,0,,,,0.00743876864638151,,0,,0,,,,,,0,0,,0,,,0.464632875664411,,0,,,0,,0,,,,,,0,0,0.427940226064707
0,0,2005,2005-09-18,129,Steinfurt III,05,Nordrhein-Westfalen,zweitstimme,189035,153522,151616,1906,0.812135318856296,spd,0,,,,0,0,,,,,,0,,,,,7.25517095821022e-05,,,0.366603788518362,0,0,0.000699134655972984,,,0,,0,,,,,0,,,0.00375949767834529,0.0967180244829042,,,,,,,0.00251292739552554,0.0647227205571971,0,0,,,,,,0.0380302870409456,,,,,,0.00018467707893626,,,,0.00675390460109751,,0,,0.000817855635289152,,,,,,0,0.000244037568594344,,0.00191272688898269,,,0.41320836850992,,0,,,0.00344950401013086,,0,,,,,,0.000309993668214436,0,0.366603788518362
0,0,2005,2005-09-18,130,Münster,05,Nordrhein-Westfalen,erststimme,204797,169999,168191,1808,0.830085401641626,spd,0,,,,0,0,,,,,,0,,,,,0,,,0.41404117937345,0,0,0,,,0,,0,,,,,0,,,0,0.0515247545944789,,,,,,,0,0.0842435088678943,0,0,,,,,,0.0260477671219031,,,,,,0,,,,0.00410247872953963,,0,,0,,,,,,0,0,,0,,,0.417233978036875,,0,,,0,,0,,,,,,0,0.00280633327585899,0.41404117937345
0,0,2005,2005-09-18,130,Münster,05,Nordrhein-Westfalen,zweitstimme,204797,169999,168509,1490,0.830085401641626,spd,0,,,,0,0,,,,,,0,,,,,0.000154294429377659,,,0.355678331721154,0,0,0.000545964903951718,,,0,,0,,,,,0,,,0.00242717006213318,0.103003400411847,,,,,,,0.00271202131636886,0.133939433502068,0,0,,,,,,0.0399859948133334,,,,,,0.000243310446326309,,,,0.00347162466099734,,0,,0.000468817689262888,,,,,,0,0.000213638440676759,,0.00117501142372218,,,0.352877294387837,,0,,,0.00259926769490057,,0,,,,,,0.000504424096042348,0,0.355678331721154
0,0,2005,2005-09-18,131,Warendorf,05,Nordrhein-Westfalen,erststimme,209515,169657,167430,2227,0.809760637663175,cdu,0,,,,0,0,,,,,,0,,,,,0,,,0.502538374245954,0,0,0,,,0,,0,,,,,0,,,0,0.0377710087797886,,,,,,,0,0.0395329391387445,0,0,,,,,,0.0316609926536463,,,,,,0,,,,0.00793764558322881,,0,,0,,,,,,0,0,,0,,,0.380559039598638,,0,,,0,,0,,,,,,0,0,0.502538374245954
0,0,2005,2005-09-18,131,Warendorf,05,Nordrhein-Westfalen,zweitstimme,209515,169657,167178,2479,0.809760637663175,cdu,0,,,,0,0,,,,,,0,,,,,0.000143559559272153,,,0.422890571725945,0,0,0.000669944609936714,,,0,,0,,,,,0,,,0.00418715381210446,0.105845266721698,,,,,,,0.00223713646532438,0.0604325928052734,0,0,,,,,,0.0388149158382084,,,,,,0.000167486152484179,,,,0.00659177642991303,,0,,0.000753687686178803,,,,,,0,0.000227302635514242,,0.00229695294835445,,,0.350973214178899,,0,,,0.0033736496428956,,0,,,,,,0.000394788787998421,0,0.422890571725945
0,0,2005,2005-09-18,132,Gütersloh,05,Nordrhein-Westfalen,erststimme,228920,181941,179206,2735,0.794779835750481,cdu,0,,,,0,0,,,,,,0,,,,,0,,,0.488571811211678,0,0,0,,,0,,0,,,,,0,,,0,0.0453388837427318,,,,,,,0,0.041416024017053,0,0,,,,,,0.0355177840027678,,,,,,0,,,,0,,0,,0,,,,,,0,0,,0,,,0.389155497025769,,0,,,0,,0,,,,,,0,0,0.488571811211678
0,0,2005,2005-09-18,132,Gütersloh,05,Nordrhein-Westfalen,zweitstimme,228920,181941,179609,2332,0.794779835750481,cdu,0,,,,0,0,,,,,,0,,,,,0.000155894192384569,,,0.419316403966394,0,0,0.00111909759533208,,,0,,0,,,,,0,,,0.004932937659026,0.102244319605365,,,,,,,0.00258895712352944,0.0663051406109939,0,0,,,,,,0.0404768135227077,,,,,,0.000206003039936752,,,,0.00683707386600894,,0,,0.00236068348468061,,,,,,0,0.00036189723232132,,0.00352988992756488,,,0.345428124425836,,0,,,0.00385838126151808,,0,,,,,,0.000278382486401016,0,0.419316403966394
0,0,2005,2005-09-18,133,Bielefeld,05,Nordrhein-Westfalen,erststimme,247826,198212,195344,2868,0.799803087650206,spd,0,,,,0,0,,,,,,0,,,,,0,,,0.378066385453354,0,0,0,,,0,,0,,,,,0,,,0,0.026891023015808,,,,,,,0,0.0652285199443034,0,0,,,,,,0.0423918830371038,,,,,,0,,,,0.00800126955524613,,0,,0.00440248996641822,,,,,,0,0,,0,,,0.472433245966091,,0,,,0,,0,,,,,,0,0.00258518306167581,0.378066385453354
0,0,2005,2005-09-18,133,Bielefeld,05,Nordrhein-Westfalen,zweitstimme,247826,198212,195370,2842,0.799803087650206,spd,0,,,,0,0,,,,,,0,,,,,0.000209858217740697,,,0.31780211905615,0,0,0.00118749040282541,,,0,,0,,,,,0,,,0.00352152326355121,0.0851870809233762,,,,,,,0.00299943696575728,0.11955776219481,0,0,,,,,,0.0596202078108205,,,,,,0.000414597942365768,,,,0.00698674310283053,,0,,0.00390541024722322,,,,,,0,0.000419716435481394,,0.00191431642524441,,,0.391815529508113,,0,,,0.00423299380662333,,0,,,,,,0.000225213697087577,0,0.31780211905615
0,0,2005,2005-09-18,134,Herford - Minden-Lübbecke II,05,Nordrhein-Westfalen,erststimme,233966,183164,180691,2473,0.782865886496329,spd,0,,,,0,0,,,,,,0,,,,,0,,,0.410108970563005,0,0,0,,,0,,0,,,,,0,,,0,0.035840191265752,,,,,,,0,0.0294369946483223,0,0,,,,,,0.0381535328267595,,,,,,0,,,,0.0110188111195356,,0,,0,,,,,,0,0,,0,,,0.475441499576625,,0,,,0,,0,,,,,,0,0,0.410108970563005
0,0,2005,2005-09-18,134,Herford - Minden-Lübbecke II,05,Nordrhein-Westfalen,zweitstimme,233966,183164,180811,2353,0.782865886496329,spd,0,,,,0,0,,,,,,0,,,,,0.000215694841574904,,,0.352141186100403,0,0,0.00116143376232641,,,0,,0,,,,,0,,,0.00425305982490003,0.0948338320124329,,,,,,,0.002433480263922,0.0663842354723994,0,0,,,,,,0.0500854483410855,,,,,,0.000276531848172954,,,,0.00842316009534818,,0,,0.00364468975891954,,,,,,0,0.000376083313515218,,0.00365575103284645,,,0.407419902550177,,0,,,0.00451853039914607,,0,,,,,,0.000176980382830691,0,0.352141186100403
0,0,2005,2005-09-18,135,Minden-Lübbecke I,05,Nordrhein-Westfalen,erststimme,209727,163935,161352,2583,0.781659013860876,spd,0,,,,0,0,,,,,,0,,,,,0,,,0.408163518270613,0,0,0,,,0,,0,,,,,0,,,0.00927785214933809,0.0362251475035946,,,,,,,0,0.0252305518369775,0,0,,,,,,0.0357851157717289,,,,,,0,,,,0.0103252516237791,,0,,0,,,,,,0,0,,0,,,0.474992562843968,,0,,,0,,0,,,,,,0,0,0.408163518270613
0,0,2005,2005-09-18,135,Minden-Lübbecke I,05,Nordrhein-Westfalen,zweitstimme,209727,163935,161108,2827,0.781659013860876,spd,0,,,,0,0,,,,,,0,,,,,0.000204831541574596,,,0.348424659234799,0,0,0.000943466494525411,,,0,,0,,,,,0,,,0.00599597785336545,0.0958921965389676,,,,,,,0.00215383469473893,0.0624053429997269,0,0,,,,,,0.0488802542393922,,,,,,0.000167589443106488,,,,0.00790773890806167,,0,,0.00752290389055789,,,,,,0,0.000415870099560543,,0.00461181319363408,,,0.410488616331902,,0,,,0.00381731509298111,,0,,,,,,0.000167589443106488,0,0.348424659234799
0,0,2005,2005-09-18,136,Lippe I,05,Nordrhein-Westfalen,erststimme,175671,141032,138876,2156,0.802818905795493,spd,0,,,,0,0,,,,,,0,,,,,0,,,0.386006221377344,0,0,0,,,0,,0,,,,,0,,,0,0.0443921195886978,,,,,,,0,0.0359313344278349,0,0,,,,,,0.0345632074656528,,,,,,0,,,,0.00958408940349664,,0,,0.0094904807166105,,,,,,0,0,,0,,,0.480032547020364,,0,,,0,,0,,,,,,0,0,0.386006221377344
0,0,2005,2005-09-18,136,Lippe I,05,Nordrhein-Westfalen,zweitstimme,175671,141032,138938,2094,0.802818905795493,spd,0,,,,0,0,,,,,,0,,,,,0.000230318559357411,,,0.33098936216154,0,0,0.000964458967309159,,,0,,0,,,,,0,,,0.00385783586923664,0.0961436036217594,,,,,,,0.00200808993939743,0.0648922540989506,0,0,,,,,,0.0445018641408398,,,,,,0.00015834400955822,,,,0.00818350631216802,,0,,0.00963739221811168,,,,,,0,0.000410254933855389,,0.00321006492104392,,,0.430508572168881,,0,,,0.00415293152341332,,0,,,,,,0.000151146554578301,0,0.33098936216154
0,0,2005,2005-09-18,137,Höxter - Lippe II,05,Nordrhein-Westfalen,erststimme,218164,173748,170551,3197,0.796410040153279,cdu,0,,,,0,0,,,,,,0,,,,,0,,,0.49201705061829,0,0,0,,,0,,0,,,,,0,,,0.0123540759069135,0.0389795427760611,,,,,,,0,0.0355670737785179,0,0,,,,,,0.0316796735287392,,,,,,0,,,,0.0094517182543638,,0,,0.00515388358907306,,,,,,0,0,,0,,,0.374796981548041,,0,,,0,,0,,,,,,0,0,0.49201705061829
0,0,2005,2005-09-18,137,Höxter - Lippe II,05,Nordrhein-Westfalen,zweitstimme,218164,173748,170700,3048,0.796410040153279,cdu,0,,,,0,0,,,,,,0,,,,,0.000164030462800234,,,0.420222612770943,0,0,0.00109548916227299,,,0,,0,,,,,0,,,0.00823081429408319,0.108060925600469,,,,,,,0.00185705916813122,0.0597305213825425,0,0,,,,,,0.0408553016988869,,,,,,0.000222612770943175,,,,0.0082132396016403,,0,,0.00577621558289397,,,,,,0,0.000351493848857645,,0.00256590509666081,,,0.338693614528412,,0,,,0.00355594610427651,,0,,,,,,0.000404217926186292,0,0.420222612770943
0,0,2005,2005-09-18,138,Paderborn,05,Nordrhein-Westfalen,erststimme,237651,187143,184354,2789,0.787469861267152,cdu,0,,,,0,0,,,,,,0,,,,,0,,,0.54911203445545,0,0,0,,,0,,0,,,,,0,,,0.0122264773208067,0.0441379085889105,,,,,,,0,0.039478394827343,0,0,,,,,,0.0322423164129881,,,,,,0,,,,0.00919426755047355,,0,,0,,,,,,0,0,,0,,,0.313608600844028,,0,,,0,,0,,,,,,0,0,0.54911203445545
0,0,2005,2005-09-18,138,Paderborn,05,Nordrhein-Westfalen,zweitstimme,237651,187143,184141,3002,0.787469861267152,cdu,0,,,,0,0,,,,,,0,,,,,0.000157488011903921,,,0.498922021711623,0,0,0.000901483102622447,,,0,,0,,,,,0,,,0.00821109910340446,0.100982399357014,,,,,,,0.00197131545934909,0.0569509234771181,0,0,,,,,,0.0370259746607219,,,,,,0.000266100433906626,,,,0.00795042929059797,,0,,0.00392090843429763,,,,,,0,0.000380143477009466,,0.00263385123356558,,,0.275957011203371,,0,,,0.00339956880868465,,0,,,,,,0.000369282234809195,0,0.498922021711623
0,0,2005,2005-09-18,139,Hagen - Ennepe-Ruhr-Kreis I,05,Nordrhein-Westfalen,erststimme,222204,170222,167698,2524,0.766061817069,spd,0,,,,0,0,,,,,,0,,,,,0,,,0.346998771601331,0,0,0,,,0,,0,,,,,0,,,0,0.0354446683919904,,,,,,,0,0.0283664682941955,0,0,,,,,,0.0407697169912581,,,,,,0.00112106286300373,,,,0.0126954406134838,,0,,0,,,,,,0,0,,0,,,0.522749227778507,,0,,,0.011854643466231,,0,,,,,,0,0,0.346998771601331
0,0,2005,2005-09-18,139,Hagen - Ennepe-Ruhr-Kreis I,05,Nordrhein-Westfalen,zweitstimme,222204,170222,168004,2218,0.766061817069,spd,0,,,,0,0,,,,,,0,,,,,0.000184519416204376,,,0.298784552748744,0,0,0.000874979167162687,,,0,,0,,,,,0,,,0.0038689555010595,0.0855991524011333,,,,,,,0.00328563605628437,0.0642960881883765,0,0,,,,,,0.0577426727935049,,,,,,0.000904740363324683,,,,0.0100414275850575,,0,,0.00169043594200138,,,,,,0,0.000416656746267946,,0.0053748720268565,,,0.458245041784719,,0,,,0.00841646627461251,,0,,,,,,0.000273803004690365,0,0.298784552748744
0,0,2005,2005-09-18,140,Ennepe-Ruhr-Kreis II,05,Nordrhein-Westfalen,erststimme,185393,148698,146788,1910,0.80206911803574,spd,0,,,,0,0,,,,,,0,,,,,0,,,0.308908085129575,0,0,0,,,0,,0,,,,,0,,,0,0.0511077199771099,,,,,,,0,0.0488187045262556,0,0,,,,,,0.0443224241763632,,,,,,0.00149876011663079,,,,0.00911518652750906,,0,,0,,,,,,0,0,,0,,,0.523571409107012,,0,,,0.0126577104395455,,0,,,,,,0,0,0.308908085129575
0,0,2005,2005-09-18,140,Ennepe-Ruhr-Kreis II,05,Nordrhein-Westfalen,zweitstimme,185393,148698,146883,1815,0.80206911803574,spd,0,,,,0,0,,,,,,0,,,,,0.00016339535548702,,,0.263747336315299,0,0,0.000694430260819836,,,0,,0,,,,,0,,,0.00375809317620147,0.0914060851153639,,,,,,,0.00307727919500555,0.0853127999836605,0,0,,,,,,0.0588291361151393,,,,,,0.00129354656427224,,,,0.00739363983578767,,0,,0.00122546516615265,,,,,,0,0.00041529652852951,,0.00234880823512592,,,0.471878978506703,,0,,,0.00828550615115432,,0,,,,,,0.000170203495298979,0,0.263747336315299
0,0,2005,2005-09-18,141,Bochum I,05,Nordrhein-Westfalen,erststimme,217794,172973,170658,2315,0.794204615370488,spd,0,,,,0,0,,,,,,0,,,,,0,,,0.29954646134374,0,0,0,,,0,,0,,,,,0,,,0,0.0238547269978554,,,,,,,0,0.051483083125315,0,0,,,,,,0.0556493103165395,,,,,,0.00185165652943314,,,,0.0110337634332993,,0,,0,,,,,,0,0,,0,,,0.556580998253818,,0,,,0,,0,,,,,,0,0,0.29954646134374
0,0,2005,2005-09-18,141,Bochum I,05,Nordrhein-Westfalen,zweitstimme,217794,172973,170746,2227,0.794204615370488,spd,0,,,,0,0,,,,,,0,,,,,0.000363112459442681,,,0.251789207360641,0,0,0.00089606784346339,,,0,,0,,,,,0,,,0.00359598467899687,0.0662036006700011,,,,,,,0.00370726107785834,0.092587820505312,0,0,,,,,,0.0695360359832734,,,,,,0.00119475712461785,,,,0.00906609818092371,,0,,0.000814074707460204,,,,,,0,0.000286975976011151,,0.00234266102866246,,,0.491947102713973,,0,,,0.00548768345964181,,0,,,,,,0.000181556229721341,0,0.251789207360641
0,0,2005,2005-09-18,142,Herne - Bochum II,05,Nordrhein-Westfalen,erststimme,192599,147020,144672,2348,0.763347680932923,spd,0,,,,0,0,,,,,,0,,,,,0,,,0.256414510064145,0,0,0,,,0,,0,,,,,0,,,0,0.024102798053528,,,,,,,0,0.0349618447246184,0,0,,,,,,0.0673108825481088,,,,,,0.00185246626852466,,,,0.0103890179163902,,0,,0,,,,,,0,0,,0.0107691882326919,,,0.594199292191993,,0,,,0,,0,,,,,,0,0,0.256414510064145
0,0,2005,2005-09-18,142,Herne - Bochum II,05,Nordrhein-Westfalen,zweitstimme,192599,147020,144637,2383,0.763347680932923,spd,0,,,,0,0,,,,,,0,,,,,0.000262726688191818,,,0.224693543145945,0,0,0.000974854290395957,,,0,,0,,,,,0,,,0.0043626457960273,0.0542876304126883,,,,,,,0.00389250330136825,0.0647759563597143,0,0,,,,,,0.077981429371461,,,,,,0.00169389575281567,,,,0.00967249044158825,,0,,0.0012030116775099,,,,,,0,0.00049779793552134,,0.00945816077490545,,,0.53970975614815,,0,,,0.00624321577466347,,0,,,,,,0.000290382129054115,0,0.224693543145945
0,0,2005,2005-09-18,143,Dortmund I,05,Nordrhein-Westfalen,erststimme,214994,163470,156726,6744,0.760346800375825,spd,0,,,,0,0,,,,,,0,,,,,0,,,0.293301685744548,0,0,0,,,0,,0,,,,,0,,,0,0.0301672983423299,,,,,,,0,0.0511721092862703,0,0,,,,,,0.0485943621351914,,,,,,0.00213748835547388,,,,0.0096984546278218,,0,,0,,,,,,0,0,,0,,,0.562937866084759,,0,,,0,,0,,,,,,0,0.00199073542360553,0.293301685744548
0,0,2005,2005-09-18,143,Dortmund I,05,Nordrhein-Westfalen,zweitstimme,214994,163470,156959,6511,0.760346800375825,spd,0,,,,0,0,,,,,,0,,,,,0.000369523251294924,,,0.249797717875369,0,0,0.000630737963417198,,,0,,0,,,,,0,,,0.00241464331449614,0.0775298007759988,,,,,,,0.00345950216298524,0.102472620238406,0,0,,,,,,0.0632585579673673,,,,,,0.00148446409571926,,,,0.00812314043794876,,0,,0.000624366872877631,,,,,,0,0.000528800514784116,,0.00283513529010761,,,0.482399862384444,,0,,,0.00373983014672621,,0,,,,,,0.000331296708057518,0,0.249797717875369
0,0,2005,2005-09-18,144,Dortmund II,05,Nordrhein-Westfalen,erststimme,211796,158010,152316,5694,0.746048084005364,spd,0,,,,0,0,,,,,,0,,,,,0,,,0.29079676462092,0,0,0,,,0,,0,,,,,0,,,0,0.0256506210772342,,,,,,,0,0.0399695370151527,0,0,,,,,,0.0543015835499882,,,,,,0,,,,0.010648914099635,,0,,0,,,,,,0,0,,0,,,0.57863257963707,,0,,,0,,0,,,,,,0,0,0.29079676462092
0,0,2005,2005-09-18,144,Dortmund II,05,Nordrhein-Westfalen,zweitstimme,211796,158010,152537,5473,0.746048084005364,spd,0,,,,0,0,,,,,,0,,,,,0.000432681906684935,,,0.247985734608652,0,0,0.000780138589325869,,,0,,0,,,,,0,,,0.00275998610173269,0.071254843087251,,,,,,,0.00347456682640933,0.0823078990671116,0,0,,,,,,0.0652562984718462,,,,,,0.000976812183273566,,,,0.008201288867619,,0,,0.000570353422448324,,,,,,0,0.000727692297606482,,0.00356634783691826,,,0.507758773281237,,0,,,0.00366468463389211,,0,,,,,,0.0002818988179917,0,0.247985734608652
0,0,2005,2005-09-18,145,Unna I,05,Nordrhein-Westfalen,erststimme,204227,163816,161451,2365,0.802127044905913,spd,0,,,,0,0,,,,,,0,,,,,0,,,0.316337464617748,0,0,0,,,0,,0,,,,,0,,,0,0.0307028138568358,,,,,,,0,0.0491418448941165,0,0,,,,,,0.0438275390056426,,,,,,0,,,,0.0120160296312813,,0,,0,,,,,,0,0,,0,,,0.547974307994376,,0,,,0,,0,,,,,,0,0,0.316337464617748
0,0,2005,2005-09-18,145,Unna I,05,Nordrhein-Westfalen,zweitstimme,204227,163816,161773,2043,0.802127044905913,spd,0,,,,0,0,,,,,,0,,,,,0.000259623052054422,,,0.266125991358261,0,0,0.00111885172432977,,,0,,0,,,,,0,,,0.00394379779073146,0.0777632855915388,,,,,,,0.00291766858499255,0.0715014248360357,0,0,,,,,,0.0543106698892893,,,,,,0.000457431091714934,,,,0.00953187491114092,,0,,0.000667602133854228,,,,,,0,0.000364708573124069,,0.00309693212093489,,,0.502760040303388,,0,,,0.00493283798903402,,0,,,,,,0.00024726004957564,0,0.266125991358261
0,0,2005,2005-09-18,146,Hamm - Unna II,05,Nordrhein-Westfalen,erststimme,241232,185247,182108,3139,0.767920508058632,spd,0,,,,0,0,,,,,,0,,,,,0,,,0.327563863202056,0,0,0,,,0,,0.00200979638456301,,,,,0,,,0,0.0441386430030531,,,,,,,0,0.0230357809651416,0,0,,,,,,0.0422276890636326,,,,,,0,,,,0.0111252663254772,,0,,0,,,,,,0,0,,0,,,0.549898961056077,,0,,,0,,0,,,,,,0,0,0.327563863202056
0,0,2005,2005-09-18,146,Hamm - Unna II,05,Nordrhein-Westfalen,zweitstimme,241232,185247,182594,2653,0.767920508058632,spd,0,,,,0,0,,,,,,0,,,,,0.000175252198867433,,,0.309741831604543,0,0,0.000744821845186589,,,0,,0,,,,,0,,,0.00415128646067231,0.0753146324632792,,,,,,,0.00250282046507552,0.0544431909044109,0,0,,,,,,0.0539283875702378,,,,,,0.00036145766016408,,,,0.0093376562209054,,0,,0.000947457200127058,,,,,,0,0.000410747341095545,,0.00395412773694645,,,0.478986166029552,,0,,,0.00473180936942068,,0,,,,,,0.000268354929515756,0,0.309741831604543
0,0,2005,2005-09-18,147,Soest,05,Nordrhein-Westfalen,erststimme,230957,180932,178102,2830,0.783401239191711,cdu,0,,,,0,0,,,,,,0,,,,,0,,,0.462908894902921,0,0,0,,,0,,0,,,,,0,,,0,0.0478265263725281,,,,,,,0,0.0333853634434201,0,0,,,,,,0.0366980718913881,,,,,,0,,,,0.00861304196471685,,0,,0,,,,,,0,0,,0,,,0.410568101425026,,0,,,0,,0,,,,,,0,0,0.462908894902921
0,0,2005,2005-09-18,147,Soest,05,Nordrhein-Westfalen,zweitstimme,230957,180932,178474,2458,0.783401239191711,cdu,0,,,,0,0,,,,,,0,,,,,0.000280152851395722,,,0.390902876609478,0,0,0.000902092181494223,,,0,,0,,,,,0,,,0.00448804867935946,0.105483151607517,,,,,,,0.00296962022479465,0.0584286786870917,0,0,,,,,,0.0444882728016406,,,,,,0.000162488653809519,,,,0.0071831191097863,,0,,0.00118784808991786,,,,,,0,0.000420229277093582,,0.00354673509866983,,,0.374782881540168,,0,,,0.00429194168338245,,0,,,,,,0.000481862904400641,0,0.390902876609478
0,0,2005,2005-09-18,148,Hochsauerlandkreis,05,Nordrhein-Westfalen,erststimme,210773,167361,164510,2851,0.794034340261798,cdu,0,,,,0,0,,,,,,0,,,,,0,,,0.5773205276275,0,0,0,,,0,,0,,,,,0,,,0,0.0243511032763966,,,,,,,0,0.0203087958178834,0,0,,,,,,0.0291897149109477,,,,,,0,,,,0.00756792900127652,,0,,0,,,,,,0,0,,0,,,0.341261929365996,,0,,,0,,0,,,,,,0,0,0.5773205276275
0,0,2005,2005-09-18,148,Hochsauerlandkreis,05,Nordrhein-Westfalen,zweitstimme,210773,167361,163059,4302,0.794034340261798,cdu,0,,,,0,0,,,,,,0,,,,,0.000257575478814417,,,0.466144156409643,0,0,0.000883115927363715,,,0,,0,,,,,0,,,0.00459956212168602,0.096492680563477,,,,,,,0.00217712607093138,0.0408257133920851,0,0,,,,,,0.0359624430420891,,,,,,0.00022691173133651,,,,0.00646391796834275,,0,,0.000883115927363715,,,,,,0,0.000380230468726044,,0.00371031344482672,,,0.336485566574062,,0,,,0.0039801544226323,,0,,,,,,0.000527416456619996,0,0.466144156409643
0,0,2005,2005-09-18,149,Siegen-Wittgenstein,05,Nordrhein-Westfalen,erststimme,219343,171326,169199,2127,0.781087155733258,spd,0,,,,0,0,,,,,,0,,,,,0,,,0.415250681150598,0,0,0,,,0,,0,,,,,0,,,0,0.0487000514187436,,,,,,,0,0.0360344919296213,0,0,,,,,,0.0379139356615583,,,,,,0,,,,0.00784874615098198,,0,,0,,,,,,0,0,,0.00864071300657805,,,0.435599501179085,,0,,,0.0100118795028339,,0,,,,,,0,0,0.415250681150598
0,0,2005,2005-09-18,149,Siegen-Wittgenstein,05,Nordrhein-Westfalen,zweitstimme,219343,171326,169260,2066,0.781087155733258,spd,0,,,,0,0,,,,,,0,,,,,0.000384024577572965,,,0.366046319272126,0,0,0.00121706250738509,,,0,,0,,,,,0,,,0.00410020087439442,0.0945054945054945,,,,,,,0.00264681555004136,0.0576450431289141,0,0,,,,,,0.0521682618456812,,,,,,0.00021859860569538,,,,0.00750324943873331,,0,,0.00841309228406003,,,,,,0,0.000319035802906771,,0.00807633226988066,,,0.390423017842373,,0,,,0.00598487533971405,,0,,,,,,0.000348576155027768,0,0.366046319272126
0,0,2005,2005-09-18,150,Olpe - Märkischer Kreis I,05,Nordrhein-Westfalen,erststimme,215002,166389,163925,2464,0.773895126556962,cdu,0,,,,0,0,,,,,,0,,,,,0,,,0.50809211529663,0,0,0,,,0,,0,,,,,0,,,0,0.0385664175690102,,,,,,,0,0.0284581363428397,0,0,,,,,,0.0378099740735092,,,,,,0,,,,0.0111209394540186,,0,,0,,,,,,0,0,,0,,,0.375952417263993,,0,,,0,,0,,,,,,0,0,0.50809211529663
0,0,2005,2005-09-18,150,Olpe - Märkischer Kreis I,05,Nordrhein-Westfalen,zweitstimme,215002,166389,164193,2196,0.773895126556962,cdu,0,,,,0,0,,,,,,0,,,,,0.000152259840553495,,,0.42633973433703,0,0,0.00127898266064936,,,0,,0,,,,,0,,,0.00426327553549786,0.107544170579745,,,,,,,0.00268586358736365,0.049009397477359,0,0,,,,,,0.043911738015628,,,,,,0.000365423617328388,,,,0.00861181658170568,,0,,0.0024483382361002,,,,,,0,0.000395875585439087,,0.00490276686582254,,,0.343004878405291,,0,,,0.0047139646635362,,0,,,,,,0.000371514010950528,0,0.42633973433703
0,0,2005,2005-09-18,151,Märkischer Kreis II,05,Nordrhein-Westfalen,erststimme,213340,163134,160731,2403,0.764666729164714,spd,0,,,,0,0,,,,,,0,,,,,0,,,0.41074839327821,0,0,0,,,0,,0,,,,,0,,,0,0.0375658709272014,,,,,,,0,0.0210724751292532,0,0,,,,,,0.0411681629554971,,,,,,0,,,,0.0146642526954974,,0,,0,,,,,,0,0,,0,,,0.474780845014341,,0,,,0,,0,,,,,,0,0,0.41074839327821
0,0,2005,2005-09-18,151,Märkischer Kreis II,05,Nordrhein-Westfalen,zweitstimme,213340,163134,161049,2085,0.764666729164714,spd,0,,,,0,0,,,,,,0,,,,,0.000304255226670144,,,0.367825941173183,0,0,0.00127911381008265,,,0,,0,,,,,0,,,0.00452657265801092,0.0951325373023117,,,,,,,0.00291215716955709,0.0519717601475327,0,0,,,,,,0.0519096672441307,,,,,,0.000242162323268074,,,,0.011667256549249,,0,,0.00210494942533018,,,,,,0,0.000434650323814491,,0.00550143124142342,,,0.398158324485095,,0,,,0.0055759427255059,,0,,,,,,0.000453278194835112,0,0.367825941173183
0,0,2005,2005-09-18,152,Delitzsch - Torgau-Oschatz - Riesa,14,Sachsen,erststimme,228874,169965,166561,3404,0.742613839929394,cdu,0,,,,0,0,,,,,,0,,,,,0.00856142794531733,,,0.365307605021584,0,0,0,,,0,,0,,,,,0,,,0,0.0515366742514754,,,,,,,0,0.0261105540912939,0,0,,,,,,0.231692893294349,,,,,,0,,,,0.0527314317277154,,0,,0,,,,,,0,0,,0,,,0.260180954725296,,0,,,0,,0,,,,,,0,0.00387845894296984,0.365307605021584
0,0,2005,2005-09-18,152,Delitzsch - Torgau-Oschatz - Riesa,14,Sachsen,zweitstimme,228874,169965,166596,3369,0.742613839929394,cdu,0,,,,0.00676486830416096,0,,,,,,0,,,,,0.00514418113280031,,,0.304028908257101,0,0,0,,,0,,0,,,,,0,,,0,0.0897980743835386,,,,,,,0,0.0349348123604408,0,0,,,,,,0.245474081010348,,,,,,0.00134457009772143,,,,0.0515678647746645,,0,,0.0021729213186391,,,,,,0,0.00235299767101251,,0.00356551177699345,,,0.252851208912579,,0,,,0,,0,,,,,,0,0,0.304028908257101
0,0,2005,2005-09-18,153,Leipzig I,14,Sachsen,erststimme,197046,145292,143368,1924,0.737350669386844,spd,0,,,,0,0,,,,,,0,,,,,0.00613805033201272,,,0.293147703811171,0,0,0,,,0,,0,,,,,0.00264354667708275,,,0,0.0523129289660175,,,,,,,0,0.0394648736119636,0,0,,,,,,0.238679482171754,,,,,,0,,,,0.0299508955973439,,0,,0,,,,,,0,0,,0,,,0.329676078343842,,0,,,0,,0,,,,,,0,0.00798644048881201,0.293147703811171
0,0,2005,2005-09-18,153,Leipzig I,14,Sachsen,zweitstimme,197046,145292,143391,1901,0.737350669386844,spd,0,,,,0.0063951015056733,0,,,,,,0,,,,,0.00530019317809347,,,0.258049668389229,0,0,0,,,0,,0,,,,,0,,,0,0.0809046592882399,,,,,,,0,0.065785160853889,0,0,,,,,,0.225244262192188,,,,,,0.00122741315703217,,,,0.0295276551526944,,0,,0.00248969600602548,,,,,,0,0.00269891415779233,,0.00262220083547782,,,0.319755075283665,,0,,,0,,0,,,,,,0,0,0.258049668389229
0,0,2005,2005-09-18,154,Leipzig II,14,Sachsen,erststimme,202762,152886,150681,2205,0.75401702488632,spd,0,,,,0,0.00680908674617238,,,,,,0,,,,,0.00753246925624332,,,0.255805310556739,0,0,0,,,0,,0,,,,,0.00247542822253635,,,0,0.0473915092148313,,,,,,,0,0.071588322349865,0,0,,,,,,0.22485250296985,,,,,,0,,,,0.0232411518373252,,0,,0,,,,,,0,0,,0,,,0.352937663009935,,0,,,0,,0,,,,,,0,0.00736655583650228,0.255805310556739
0,0,2005,2005-09-18,154,Leipzig II,14,Sachsen,zweitstimme,202762,152886,150938,1948,0.75401702488632,spd,0,,,,0.00624097311478885,0,,,,,,0,,,,,0.00479667148100545,,,0.232532563039129,0,0,0,,,0,,0,,,,,0,,,0,0.0762697266427275,,,,,,,0,0.0996303117836463,0,0,,,,,,0.225052670632975,,,,,,0.00155030542341889,,,,0.0218964077965787,,0,,0.00233870860883277,,,,,,0,0.00241821145105938,,0.00187494202917754,,,0.325398507996661,,0,,,0,,0,,,,,,0,0,0.232532563039129
0,0,2005,2005-09-18,155,Leipziger Land - Muldentalkreis,14,Sachsen,erststimme,235291,178722,175499,3223,0.759578564415978,cdu,0,,,,0,0,,,,,,0,,,,,0.00778352013401786,,,0.348594578886489,0,0,0,,,0,,0,,,,,0,,,0,0.055327950586613,,,,,,,0,0.022934603615975,0,0,,,,,,0.215670744562647,,,,,,0,,,,0.0453905720260514,,0,,0,,,,,,0,0,,0,,,0.296081459153613,,0,,,0,,0,,,,,,0,0.00821657103459279,0.348594578886489
0,0,2005,2005-09-18,155,Leipziger Land - Muldentalkreis,14,Sachsen,zweitstimme,235291,178722,175562,3160,0.759578564415978,cdu,0,,,,0.00755858329251205,0,,,,,,0,,,,,0.0049042503503036,,,0.308608924482519,0,0,0,,,0,,0,,,,,0,,,0,0.0920472539615634,,,,,,,0,0.0405269933129037,0,0,,,,,,0.226774586755676,,,,,,0.00123603057609278,,,,0.0437509255989337,,0,,0.00338342010230004,,,,,,0,0.00295622059443388,,0.00319545231883893,,,0.265057358653923,,0,,,0,,0,,,,,,0,0,0.308608924482519
0,0,2005,2005-09-18,156,Kamenz - Hoyerswerda - Großenhain,14,Sachsen,erststimme,213261,164009,160636,3373,0.769052944513999,cdu,0,,,,0,0,,,,,,0,,,,,0.0122077242959237,,,0.34548295525287,0,0,0,,,0,,0,,,,,0,,,0,0.0724370626758635,,,,,,,0,0.0272168131676586,0,0,,,,,,0.234212754301651,,,,,,0,,,,0.0668094325057895,,0,,0,,,,,,0,0,,0,,,0.241633257800244,,0,,,0,,0,,,,,,0,0,0.34548295525287
0,0,2005,2005-09-18,156,Kamenz - Hoyerswerda - Großenhain,14,Sachsen,zweitstimme,213261,164009,160756,3253,0.769052944513999,cdu,0,,,,0.00943044116549305,0,,,,,,0,,,,,0.00645077011122447,,,0.301923411878872,0,0,0,,,0,,0,,,,,0,,,0,0.0999589439896489,,,,,,,0,0.0340018412998582,0,0,,,,,,0.242920948518251,,,,,,0.00212122720147304,,,,0.0649866878996741,,0,,0.00437930777078305,,,,,,0,0.00309786259921869,,0.00422379258005922,,,0.226504764985444,,0,,,0,,0,,,,,,0,0,0.301923411878872
0,0,2005,2005-09-18,157,Löbau-Zittau - Görlitz - Niesky,14,Sachsen,erststimme,203180,150950,147467,3483,0.742937296978049,cdu,0,,,,0,0,,,,,,0,,,,,0.0184108987095418,,,0.384791173618504,0,0,0,,,0,,0,,,,,0,,,0,0.0671675696935586,,,,,,,0,0.0421924905233035,0,0,,,,,,0.235334006930364,,,,,,0,,,,0.0666861060440641,,0,,0,,,,,,0,0,,0,,,0.185417754480663,,0,,,0,,0,,,,,,0,0,0.384791173618504
0,0,2005,2005-09-18,157,Löbau-Zittau - Görlitz - Niesky,14,Sachsen,zweitstimme,203180,150950,147688,3262,0.742937296978049,cdu,0,,,,0.0134743513352473,0,,,,,,0,,,,,0.00993310221548128,,,0.327961648881426,0,0,0,,,0,,0,,,,,0,,,0,0.093331888846758,,,,,,,0,0.0385068522831916,0,0,,,,,,0.23964032284275,,,,,,0.001340664102703,,,,0.059591842262066,,0,,0.00565381073614647,,,,,,0,0.00306727696224473,,0.00365635664373544,,,0.203841882888251,,0,,,0,,0,,,,,,0,0,0.327961648881426
0,0,2005,2005-09-18,158,Bautzen - Weißwasser,14,Sachsen,erststimme,173300,131532,128373,3159,0.758984420080785,cdu,0,,,,0,0,,,,,,0,,,,,0,,,0.384691484969581,0,0,0,,,0,,0,,,,,0,,,0,0.0862954047969589,,,,,,,0,0.0284717191309699,0,0,,,,,,0.241865501312581,,,,,,0,,,,0.0701705187227844,,0,,0,,,,,,0,0,,0,,,0.188505371067125,,0,,,0,,0,,,,,,0,0,0.384691484969581
0,0,2005,2005-09-18,158,Bautzen - Weißwasser,14,Sachsen,zweitstimme,173300,131532,128646,2886,0.758984420080785,cdu,0,,,,0.0113567464204095,0,,,,,,0,,,,,0.00319481367473532,,,0.336178349890397,0,0,0,,,0,,0,,,,,0,,,0,0.099000357570387,,,,,,,0,0.0325699982898808,0,0,,,,,,0.237108032896476,,,,,,0.00160129347200846,,,,0.0630645336815758,,0,,0.00633521446449948,,,,,,0,0.00328809290611445,,0.00456290906829594,,,0.201739657665221,,0,,,0,,0,,,,,,0,0,0.336178349890397
0,0,2005,2005-09-18,159,Sächsische Schweiz - Weißeritzkreis,14,Sachsen,erststimme,219769,170475,167128,3347,0.775700849528368,cdu,0,,,,0,0,,,,,,0,,,,,0.0124036666507108,,,0.409422717916806,0,0,0,,,0,,0,,,,,0,,,0,0.0720525585180221,,,,,,,0,0.0346919726197884,0,0,,,,,,0.195365229046001,,,,,,0,,,,0.0775812550859222,,0,,0,,,,,,0,0,,0,,,0.19848260016275,,0,,,0,,0,,,,,,0,0,0.409422717916806
0,0,2005,2005-09-18,159,Sächsische Schweiz - Weißeritzkreis,14,Sachsen,zweitstimme,219769,170475,167235,3240,0.775700849528368,cdu,0,,,,0.0104523574610578,0,,,,,,0,,,,,0.00750440996202948,,,0.35132597841361,0,0,0,,,0,,0,,,,,0,,,0,0.108733219720752,,,,,,,0,0.0415343678057823,0,0,,,,,,0.197715789158968,,,,,,0.00137531019224445,,,,0.070744760367148,,0,,0.00334260172810715,,,,,,0,0.00276257960355189,,0.00351003079498909,,,0.20099859479176,,0,,,0,,0,,,,,,0,0,0.35132597841361
0,0,2005,2005-09-18,160,Dresden I,14,Sachsen,erststimme,219283,158437,156608,1829,0.72252294979547,cdu,0,,,,0,0,,,,,,0,,,,,0.00599586228034328,,,0.369910860237025,0,0,0,,,0,,0,,,,,0,,,0,0.0470410196158561,,,,,,,0,0.0393211074785452,0,0,,,,,,0.192308183489988,,,,,,0,,,,0.0241111565181855,,0,,0,,,,,,0,0,,0,,,0.321311810380057,,0,,,0,,0,,,,,,0,0,0.369910860237025
0,0,2005,2005-09-18,160,Dresden I,14,Sachsen,zweitstimme,219283,158437,156581,1856,0.72252294979547,cdu,0,,,,0.00571589145554058,0,,,,,,0,,,,,0.00443859727553151,,,0.244014280148933,0,0,0,,,0,,0,,,,,0,,,0,0.166310088708081,,,,,,,0,0.0709728511122039,0,0,,,,,,0.197431361404002,,,,,,0.000938811222306666,,,,0.0256161347800819,,0,,0.00277811484151972,,,,,,0,0.00125174829640889,,0.00125174829640889,,,0.279280372458983,,0,,,0,,0,,,,,,0,0,0.244014280148933
0,0,2005,2005-09-18,161,Dresden II - Meißen I,14,Sachsen,erststimme,250162,194765,191777,2988,0.778555496038567,cdu,0,,,,0,0,,,,,,0,,,,,0.0117897349525751,,,0.352044301454293,0,0,0,,,0,,0,,,,,0.00470859383554858,,,0,0.0753114294206292,,,,,,,0,0.0745344853658155,0,0,,,,,,0.187754527393796,,,,,,0.00335806692147651,,,,0.0432742195362322,,0,,0,,,,,,0,0,,0,,,0.247224641119634,,0,,,0,,0,,,,,,0,0,0.352044301454293
0,0,2005,2005-09-18,161,Dresden II - Meißen I,14,Sachsen,zweitstimme,250162,194765,191930,2835,0.778555496038567,cdu,0,,,,0.00829469077267754,0,,,,,,0,,,,,0.00713801906945241,,,0.296853019329964,0,0,0,,,0,,0,,,,,0,,,0,0.110566352315949,,,,,,,0,0.0898452560829469,0,0,,,,,,0.194372948470797,,,,,,0.00244359922888553,,,,0.0408065440525191,,0,,0.00341270254780389,,,,,,0,0.00228208200906581,,0.00234981503673214,,,0.241634971083207,,0,,,0,,0,,,,,,0,0,0.296853019329964
0,0,2005,2005-09-18,162,Freiberg - Mittlerer Erzgebirgskreis,14,Sachsen,erststimme,196926,152692,149494,3198,0.775377552989448,cdu,0,,,,0,0,,,,,,0,,,,,0.0056657792285978,,,0.384724470547313,0,0,0,,,0,,0,,,,,0,,,0,0.131282860850603,,,,,,,0,0.0220343291369553,0,0.00427441904022904,,,,,,0.189412284105048,,,,,,0,,,,0.0610325498013298,,0,,0,,,,,,0,0,,0,,,0.191445810534202,,0,,,0,,0.0101274967557226,,,,,,0,0,0.384724470547313
0,0,2005,2005-09-18,162,Freiberg - Mittlerer Erzgebirgskreis,14,Sachsen,zweitstimme,196926,152692,149605,3087,0.775377552989448,cdu,0,,,,0.00999298151799739,0,,,,,,0,,,,,0.00538752047057251,,,0.338043514588416,0,0,0,,,0,,0,,,,,0,,,0,0.121433107182247,,,,,,,0,0.032104541960496,0,0,,,,,,0.212733531633301,,,,,,0.00121653688045186,,,,0.0606129474282277,,0,,0.00903713111192808,,,,,,0,0.00298786805253835,,0.00459209251027706,,,0.201858226663547,,0,,,0,,0,,,,,,0,0,0.338043514588416
0,0,2005,2005-09-18,163,Döbeln - Mittweida - Meißen II,14,Sachsen,erststimme,226193,171671,168113,3558,0.758958057941669,cdu,0,,,,0,0,,,,,,0,,,,,0.0122358175750834,,,0.389339313437985,0,0,0,,,0,,0,,,,,0,,,0,0.0686086144438562,,,,,,,0,0.0264286521565852,0,0,,,,,,0.222380184756682,,,,,,0,,,,0.0606734755789261,,0,,0,,,,,,0,0,,0,,,0.220333942050882,,0,,,0,,0,,,,,,0,0,0.389339313437985
0,0,2005,2005-09-18,163,Döbeln - Mittweida - Meißen II,14,Sachsen,zweitstimme,226193,171671,168134,3537,0.758958057941669,cdu,0,,,,0.00654240070420022,0,,,,,,0,,,,,0.00620338539498257,,,0.325198948457778,0,0,0,,,0,,0,,,,,0,,,0,0.10303686345415,,,,,,,0,0.0343654466080626,0,0,,,,,,0.231440398729585,,,,,,0.00115384157874077,,,,0.0578407698621338,,0,,0.00435367028679506,,,,,,0,0.00286676103584046,,0.00468673795900889,,,0.222310775928724,,0,,,0,,0,,,,,,0,0,0.325198948457778
0,0,2005,2005-09-18,164,Chemnitz,14,Sachsen,erststimme,207889,158095,155656,2439,0.760477947366143,spd,0,,,,0,0,,,,,,0,,,,,0.01283599732744,,,0.280817957547412,0,0,0,,,0,,0,,,,,0,,,0,0.0692617052988642,,,,,,,0,0.0377884565965976,0,0,,,,,,0.265771958678111,,,,,,0,,,,0.0294367065837488,,0,,0,,,,,,0,0,,0.0198707406074934,,,0.284216477360333,,0,,,0,,0,,,,,,0,0,0.280817957547412
0,0,2005,2005-09-18,164,Chemnitz,14,Sachsen,zweitstimme,207889,158095,155857,2238,0.760477947366143,spd,0,,,,0.00873236364102992,0,,,,,,0,,,,,0.00682035455577869,,,0.243197289823364,0,0,0,,,0,,0,,,,,0,,,0,0.0980642512046299,,,,,,,0,0.0550119660971275,0,0,,,,,,0.26365193735283,,,,,,0.0014372148828734,,,,0.0321961798315122,,0,,0.00550504629243473,,,,,,0,0.00161045060536261,,0.0169450201145922,,,0.266827925598465,,0,,,0,,0,,,,,,0,0,0.243197289823364
0,0,2005,2005-09-18,165,Chemnitzer Land - Stollberg,14,Sachsen,erststimme,190023,145663,142714,2949,0.766554574972503,cdu,0,,,,0,0,,,,,,0,,,,,0,,,0.375380130891153,0,0,0,,,0,,0,,,,,0,,,0,0.0584735905377188,,,,,,,0,0.0230811272895441,0,0,,,,,,0.23116863096823,,,,,,0,,,,0.0497358353069776,,0,,0,,,,,,0,0,,0.012171195537929,,,0.249989489468447,,0,,,0,,0,,,,,,0,0,0.375380130891153
0,0,2005,2005-09-18,165,Chemnitzer Land - Stollberg,14,Sachsen,zweitstimme,190023,145663,143078,2585,0.766554574972503,cdu,0,,,,0.00815639022071877,0,,,,,,0,,,,,0.00253008848320497,,,0.313367533792756,0,0,0,,,0,,0,,,,,0,,,0,0.0957240106794895,,,,,,,0,0.0349599519143404,0,0,,,,,,0.231426215071499,,,,,,0.00115321712632271,,,,0.0474496428521506,,0,,0.00939347768350131,,,,,,0,0.00198493129621605,,0.0101133647381149,,,0.243741176141685,,0,,,0,,0,,,,,,0,0,0.313367533792756
0,0,2005,2005-09-18,166,Annaberg - Aue-Schwarzenberg,14,Sachsen,erststimme,182448,139486,136726,2760,0.764524686486013,cdu,0,,,,0,0,,,,,,0,,,,,0.0107148603776897,,,0.394299548001112,0,0,0,,,0,,0,,,,,0,,,0,0.0630092301391103,,,,,,,0,0.0200108245688457,0,0,,,,,,0.223154337872826,,,,,,0,,,,0.0658031391249653,,0,,0.0240846656817284,,,,,,0,0,,0,,,0.198923394233723,,0,,,0,,0,,,,,,0,0,0.394299548001112
0,0,2005,2005-09-18,166,Annaberg - Aue-Schwarzenberg,14,Sachsen,zweitstimme,182448,139486,136704,2782,0.764524686486013,cdu,0,,,,0.00613734784644195,0,,,,,,0,,,,,0.00612271769662921,,,0.332887113764045,0,0,0,,,0,,0,,,,,0,,,0,0.0944376170411985,,,,,,,0,0.026187968164794,0,0,,,,,,0.232948560393258,,,,,,0.00105337078651685,,,,0.0632461376404494,,0,,0.0210893609550562,,,,,,0,0.00251638576779026,,0.00475479868913858,,,0.208618621254682,,0,,,0,,0,,,,,,0,0,0.332887113764045
0,0,2005,2005-09-18,167,Zwickauer Land - Zwickau,14,Sachsen,erststimme,193220,144589,141841,2748,0.748312804057551,cdu,0,,,,0,0,,,,,,0,,,,,0.00912289112456906,,,0.34590844678196,0,0,0,,,0,,0,,,,,0,,,0,0.0556750163915934,,,,,,,0,0.0245063134072659,0,0,,,,,,0.26085546492199,,,,,,0,,,,0.0334811514301225,,0,,0.0110193808560289,,,,,,0,0,,0.00754365803963593,,,0.251887677046834,,0,,,0,,0,,,,,,0,0,0.34590844678196
0,0,2005,2005-09-18,167,Zwickauer Land - Zwickau,14,Sachsen,zweitstimme,193220,144589,141893,2696,0.748312804057551,cdu,0,,,,0.00545481454335309,0,,,,,,0,,,,,0.00524338762306809,,,0.293439422663556,0,0,0,,,0,,0,,,,,0,,,0,0.0929291790292685,,,,,,,0,0.0341031622419711,0,0,,,,,,0.255382577012256,,,,,,0.00121218100963402,,,,0.0356042933759946,,0,,0.0113465780552952,,,,,,0,0.00171255805430853,,0.00749156054209862,,,0.256080285849196,,0,,,0,,0,,,,,,0,0,0.293439422663556
0,0,2005,2005-09-18,168,Vogtland - Plauen,14,Sachsen,erststimme,221730,166303,163405,2898,0.750024804942949,cdu,0,,,,0,0,,,,,,0,,,,,0,,,0.360992625684649,0,0,0,,,0,,0,,,,,0,,,0,0.065389675958508,,,,,,,0,0.0347847373091399,0,0,,,,,,0.223138826841284,,,,,,0,,,,0.0477831155717389,,0,,0.0157767510174107,,,,,,0,0,,0,,,0.25213426761727,,0,,,0,,0,,,,,,0,0,0.360992625684649
0,0,2005,2005-09-18,168,Vogtland - Plauen,14,Sachsen,zweitstimme,221730,166303,163470,2833,0.750024804942949,cdu,0,,,,0.0067229461063192,0,,,,,,0,,,,,0.00213494830855815,,,0.300330335841439,0,0,0,,,0,,0,,,,,0,,,0,0.102697742705084,,,,,,,0,0.0380620297302257,0,0,,,,,,0.229968801614975,,,,,,0.00133969535694623,,,,0.0462286658102404,,0,,0.012852511164128,,,,,,0,0.00223282559491038,,0.00600721844986848,,,0.251422279317306,,0,,,0,,0,,,,,,0,0,0.300330335841439
0,0,2005,2005-09-18,169,Waldeck,06,Hessen,erststimme,194361,154436,150386,4050,0.794583275451351,spd,0,,,,0,0,,,,,,0,,,,,0,,,0.344493503384624,0,0,0,,,0,,0,,,,,0,,,0,0.0472916361895389,,,,,,,0,0.0447781043448193,0,0,,,,,,0.0472384397483808,,,,,,0,,,,0.0139374675834187,,0,,0,,,,,,0,0,,0,,,0.502260848749219,,0,,,0,,0,,,,,,0,0,0.344493503384624
0,0,2005,2005-09-18,169,Waldeck,06,Hessen,zweitstimme,194361,154436,150602,3834,0.794583275451351,spd,0,,,,0,0,,,,,,0,,,,,0.00060424164353727,,,0.302061061606088,0,0,0,,,0,,0,,,,,0,,,0,0.097701225747334,,,,,,,0.0041632913241524,0.0748197235096479,0,0,,,,,,0.0540298269611293,,,,,,0.000551121499050477,,,,0.0113278708118086,,0,,0,,,,,,0,0.000863202347910386,,0.00579673576712129,,,0.441448320739432,,0,,,0.00663337804278828,,0,,,,,,0,0,0.302061061606088
0,0,2005,2005-09-18,170,Kassel,06,Hessen,erststimme,220889,173306,168407,4899,0.784584112382237,spd,0,,,,0,0,,,,,,0,,,,,0,,,0.305628625888473,0,0,0,,,0,,0,,,,,0,,,0,0.0393035918934486,,,,,,,0,0.0779005623281693,0,0,,,,,,0.0577054397976331,,,,,,0.00285023781671783,,,,0.0111871834306175,,0,,0,,,,,,0,0,,0,,,0.505424358844941,,0,,,0,,0,,,,,,0,0,0.305628625888473
0,0,2005,2005-09-18,170,Kassel,06,Hessen,zweitstimme,220889,173306,168953,4353,0.784584112382237,spd,0,,,,0,0,,,,,,0,,,,,0.000580042970530266,,,0.265002693056649,0,0,0,,,0,,0,,,,,0,,,0,0.0821767000290022,,,,,,,0.00515527987073328,0.118885133735418,0,0,,,,,,0.0675572496493108,,,,,,0.00152113309618651,,,,0.00899066604321912,,0,,0,,,,,,0,0.000728013116073701,,0.00449829242452043,,,0.438820263623611,,0,,,0.00608453238474605,,0,,,,,,0,0,0.265002693056649
0,0,2005,2005-09-18,171,Werra-Meißner - Hersfeld-Rotenburg,06,Hessen,erststimme,188904,149474,145516,3958,0.791269639605302,spd,0,,,,0,0,,,,,,0,,,,,0,,,0.342793919568982,0,0,0,,,0,,0,,,,,0,,,0,0.0391640781769702,,,,,,,0,0.0294331894774458,0,0,,,,,,0.0447648368564282,,,,,,0,,,,0.0165067758871877,,0,,0,,,,,,0,0,,0,,,0.517255834409962,,0,,,0,,0.0100813656230243,,,,,,0,0,0.342793919568982
0,0,2005,2005-09-18,171,Werra-Meißner - Hersfeld-Rotenburg,06,Hessen,zweitstimme,188904,149474,145594,3880,0.791269639605302,spd,0,,,,0,0,,,,,,0,,,,,0.00112642004478207,,,0.298480706622526,0,0,0,,,0,,0,,,,,0,,,0,0.0875722900668984,,,,,,,0.00353723367721197,0.0673379397502644,0,0,,,,,,0.0592194733299449,,,,,,0.000460183798782917,,,,0.015344038902702,,0,,0,,,,,,0,0.00149044603486407,,0.00609915243760045,,,0.452463700427215,,0,,,0.00686841490720772,,0,,,,,,0,0,0.298480706622526
0,0,2005,2005-09-18,172,Schwalm-Eder,06,Hessen,erststimme,196524,156803,151628,5175,0.79788219250575,spd,0,,,,0,0,,,,,,0,,,,,0,,,0.339475558603952,0,0,0,,,0,,0,,,,,0,,,0,0.0483288047062548,,,,,,,0,0.0446883161421373,0,0,,,,,,0.0488168412166618,,,,,,0,,,,0.0171999894478592,,0,,0,,,,,,0,0,,0,,,0.501490489883135,,0,,,0,,0,,,,,,0,0,0.339475558603952
0,0,2005,2005-09-18,172,Schwalm-Eder,06,Hessen,zweitstimme,196524,156803,151883,4920,0.79788219250575,spd,0,,,,0,0,,,,,,0,,,,,0.000717657670707057,,,0.285917449615823,0,0,0,,,0,,0,,,,,0,,,0,0.0987273098371773,,,,,,,0.00350269615427665,0.0721147198830679,0,0,,,,,,0.0575311259324612,,,,,,0.00053988925686219,,,,0.0147284422878136,,0,,0,,,,,,0,0.00104685843708644,,0.00778889013253623,,,0.450076703778566,,0,,,0.00730825701362233,,0,,,,,,0,0,0.285917449615823
0,0,2005,2005-09-18,173,Marburg,06,Hessen,erststimme,183984,143978,141200,2778,0.782557178885121,spd,0,,,,0,0,,,,,,0,,,,,0,,,0.365814447592068,0,0,0,,,0,,0,,,,,0,,,0,0.0384065155807365,,,,,,,0,0.0402620396600567,0,0,,,,,,0.048342776203966,,,,,,0,,,,0.0107436260623229,,0,,0,,,,,,0,0,,0.0131586402266289,,,0.475467422096317,,0,,,0,,0,,,,,,0,0.00780453257790368,0.365814447592068
0,0,2005,2005-09-18,173,Marburg,06,Hessen,zweitstimme,183984,143978,141358,2620,0.782557178885121,spd,0,,,,0,0,,,,,,0,,,,,0.000983318949051345,,,0.318906605922551,0,0,0,,,0,,0,,,,,0,,,0,0.0937053438786627,,,,,,,0.0034310049661144,0.100673467366545,0,0,,,,,,0.0619561680272783,,,,,,0.000304192192871999,,,,0.0110358097879144,,0,,0,,,,,,0,0.000905502341572461,,0.0127831463376675,,,0.388778845201545,,0,,,0.00653659502822621,,0,,,,,,0,0,0.318906605922551
0,0,2005,2005-09-18,174,Lahn-Dill,06,Hessen,erststimme,212485,160766,157128,3638,0.756599289361602,spd,0,,,,0,0,,,,,,0,,,,,0,,,0.406044753322132,0,0,0,,,0,,0,,,,,0,,,0,0.0453770174634693,,,,,,,0,0.0442887327529148,0,0,,,,,,0.0465925869354921,,,,,,0,,,,0.0232167404918283,,0,,0.0128493966702306,,,,,,0,0,,0,,,0.421630772363933,,0,,,0,,0,,,,,,0,0,0.406044753322132
0,0,2005,2005-09-18,174,Lahn-Dill,06,Hessen,zweitstimme,212485,160766,157088,3678,0.756599289361602,spd,0,,,,0,0,,,,,,0,,,,,0.000783000611122428,,,0.344870391118354,0,0,0,,,0,,0,,,,,0,,,0,0.1072774495824,,,,,,,0.00353305153799144,0.0750725707883479,0,0,,,,,,0.0573818496638827,,,,,,0.000324658789977592,,,,0.0194349663882664,,0,,0,,,,,,0,0.0013686596048075,,0.008772153188022,,,0.372931095946221,,0,,,0.00825015278060705,,0,,,,,,0,0,0.344870391118354
0,0,2005,2005-09-18,175,Gießen,06,Hessen,erststimme,225883,174567,170393,4174,0.772820442441441,spd,0,,,,0,0,,,,,,0,,,,,0,,,0.378348875834101,0,0,0,,,0,,0,,,,,0,,,0,0.0716285293409941,,,,,,,0,0.0526782203494275,0,0,,,,,,0.0474256571572776,,,,,,0,,,,0.016843414929017,,0,,0,,,,,,0,0,,0,,,0.433075302389183,,0,,,0,,0,,,,,,0,0,0.378348875834101
0,0,2005,2005-09-18,175,Gießen,06,Hessen,zweitstimme,225883,174567,170477,4090,0.772820442441441,spd,0,,,,0,0,,,,,,0,,,,,0.000750834423411956,,,0.319861330267426,0,0,0,,,0,,0,,,,,0,,,0,0.123629580529925,,,,,,,0.00331423007209184,0.0998551124198572,0,0,,,,,,0.0579960933146407,,,,,,0.000381283105638884,,,,0.0133097133337635,,0,,0,,,,,,0,0.00100306786252691,,0.00796001806695331,,,0.364154695354799,,0,,,0.00778404124896614,,0,,,,,,0,0,0.319861330267426
0,0,2005,2005-09-18,176,Fulda,06,Hessen,erststimme,238580,188829,184205,4624,0.791470366334144,cdu,0,,,,0,0,,,,,,0,,,,,0,,,0.391129448169159,0,0,0,,,0,,0,,,,,0,,,0,0.0306886349447626,,,,,,,0,0.0284357102141636,0,0,,,,,,0.0270839553758041,,,,,,0,,,,0.0106783203496105,,0,,0,,,,,,0,0,,0,,,0.297304633424717,,0,,,0,,0,,,,,,0,0.214679297521783,0.391129448169159
0,0,2005,2005-09-18,176,Fulda,06,Hessen,zweitstimme,238580,188829,181620,7209,0.791470366334144,cdu,0,,,,0,0,,,,,,0,,,,,0.00111221231141945,,,0.434660279704878,0,0,0,,,0,,0,,,,,0,,,0,0.105561061557097,,,,,,,0.00481775134897038,0.0607917630216937,0,0,,,,,,0.048535403589913,,,,,,0.000484528135667878,,,,0.0152956722827882,,0,,0,,,,,,0,0.00124435634841978,,0.0138971478912014,,,0.305324303490805,,0,,,0.00827552031714569,,0,,,,,,0,0,0.434660279704878
0,0,2005,2005-09-18,177,Hochtaunus,06,Hessen,erststimme,181959,148635,145749,2886,0.81685984205233,cdu,0,,,,0,0,,,,,,0,,,,,0,,,0.451159184625624,0,0,0,,,0,,0,,,,,0,,,0,0.0906146868932205,,,,,,,0,0.0508339679860582,0,0,,,,,,0.0385182745679216,,,,,,0,,,,0.0132076377882524,,0,,0,,,,,,0,0,,0,,,0.355666248138924,,0,,,0,,0,,,,,,0,0,0.451159184625624
0,0,2005,2005-09-18,177,Hochtaunus,06,Hessen,zweitstimme,181959,148635,146039,2596,0.81685984205233,cdu,0,,,,0,0,,,,,,0,,,,,0.000732680996172255,,,0.373756325365142,0,0,0,,,0,,0,,,,,0,,,0,0.155718677887414,,,,,,,0.00448510329432549,0.0984189154951759,0,0,,,,,,0.0455700189675361,,,,,,0.000287594409712474,,,,0.00938105574538308,,0,,0,,,,,,0,0.000794308369682071,,0.00747060716657879,,,0.295914105136299,,0,,,0.00747060716657879,,0,,,,,,0,0,0.373756325365142
0,0,2005,2005-09-18,178,Wetterau,06,Hessen,erststimme,242940,191145,186677,4468,0.786799209681403,spd,0,,,,0,0,,,,,,0,,,,,0,,,0.418669680785528,0,0,0,,,0,,0,,,,,0,,,0,0.0417191191201916,,,,,,,0,0.0388424926477284,0,0,,,,,,0.0398495797554064,,,,,,0,,,,0.0223701902216127,,0,,0,,,,,,0,0,,0,,,0.432983174145717,,0,,,0,,0,,,,,,0,0.005565763323816,0.418669680785528
0,0,2005,2005-09-18,178,Wetterau,06,Hessen,zweitstimme,242940,191145,186621,4524,0.786799209681403,spd,0,,,,0,0,,,,,,0,,,,,0.000921654047508051,,,0.34612396246939,0,0,0,,,0,,0,,,,,0,,,0,0.124396504144764,,,,,,,0.00427068765037161,0.0913669951398824,0,0,,,,,,0.0496567910363785,,,,,,0.00044475166246028,,,,0.0197994866601294,,0,,0,,,,,,0,0.00123780281961837,,0.00654267204655425,,,0.346847353727608,,0,,,0.00839133859533493,,0,,,,,,0,0,0.34612396246939
0,0,2005,2005-09-18,179,Rheingau-Taunus - Limburg,06,Hessen,erststimme,220619,175769,171615,4154,0.796708352408451,cdu,0,,,,0,0,,,,,,0,,,,,0,,,0.474975963639542,0,0,0,,,0,,0,,,,,0,,,0,0.0544649360487137,,,,,,,0,0.0520001165399295,0,0,,,,,,0.0320601346036186,,,,,,0,,,,0.0131457040468491,,0,,0,,,,,,0,0,,0,,,0.365294408996883,,0,,,0,,0,,,,,,0,0.00805873612446465,0.474975963639542
0,0,2005,2005-09-18,179,Rheingau-Taunus - Limburg,06,Hessen,zweitstimme,220619,175769,172264,3505,0.796708352408451,cdu,0,,,,0,0,,,,,,0,,,,,0.000969442251428041,,,0.398046022384247,0,0,0,,,0,,0,,,,,0,,,0,0.125116100868435,,,,,,,0.00383713370176009,0.0877142061022616,0,0,,,,,,0.040710769516556,,,,,,0.000261226953977616,,,,0.010083360423536,,0,,0,,,,,,0,0.000928806947475967,,0.00615334602702828,,,0.31852273255004,,0,,,0.007656852273255,,0,,,,,,0,0,0.398046022384247
0,0,2005,2005-09-18,180,Wiesbaden,06,Hessen,erststimme,186409,140838,138222,2616,0.755532189969368,spd,0,,,,0,0,,,,,,0,,,,,0.00472428412264328,,,0.411374455585941,0,0,0,,,0,,0,,,,,0,,,0,0.0434446036086875,,,,,,,0,0.0462661515532983,0,0,,,,,,0.0395957228227055,,,,,,0,,,,0.0138834628351493,,0,,0,,,,,,0,0,,0,,,0.440711319471575,,0,,,0,,0,,,,,,0,0,0.411374455585941
0,0,2005,2005-09-18,180,Wiesbaden,06,Hessen,zweitstimme,186409,140838,138421,2417,0.755532189969368,spd,0,,,,0,0,,,,,,0,,,,,0.00195057108386733,,,0.321374646910512,0,0,0,,,0,,0,,,,,0,,,0,0.133224005028139,,,,,,,0.00517262554092226,0.133151761654662,0,0,,,,,,0.0514878522767499,,,,,,0.000260076144515644,,,,0.00926882481704366,,0,,0,,,,,,0,0.00062851734924614,,0.0103958214432781,,,0.3263449910057,,0,,,0.00674030674536378,,0,,,,,,0,0,0.321374646910512
0,0,2005,2005-09-18,181,Hanau,06,Hessen,erststimme,239412,188752,184110,4642,0.78839824236045,spd,0,,,,0,0,,,,,,0,,,,,0,,,0.423638042474608,0,0,0,,,0,,0,,,,,0,,,0,0.042186736190321,,,,,,,0,0.037683993264896,0,0,,,,,,0.0457335288686112,,,,,,0,,,,0.0182934115474445,,0,,0,,,,,,0,0,,0,,,0.43246428765412,,0,,,0,,0,,,,,,0,0,0.423638042474608
0,0,2005,2005-09-18,181,Hanau,06,Hessen,zweitstimme,239412,188752,184296,4456,0.78839824236045,spd,0,,,,0,0,,,,,,0,,,,,0.00108521074792725,,,0.351000564309589,0,0,0,,,0,,0,,,,,0,,,0,0.116535356166167,,,,,,,0.00493770890306898,0.091244519685723,0,0,,,,,,0.0546023787819595,,,,,,0.000330989278117811,,,,0.012903155792855,,0,,0,,,,,,0,0.000960411511915614,,0.0116063289490819,,,0.34396839866302,,0,,,0.0108249772105743,,0,,,,,,0,0,0.351000564309589
0,0,2005,2005-09-18,182,Main-Taunus,06,Hessen,erststimme,193679,161332,158365,2967,0.832986539583538,cdu,0,,,,0,0,,,,,,0,,,,,0,,,0.510516843999621,0,0,0,,,0,,0,,,,,0,,,0,0.0531114829665646,,,,,,,0,0.075698544501626,0,0,,,,,,0.0303476146875888,,,,,,0,,,,0.0119597133204938,,0,,0,,,,,,0,0,,0,,,0.318365800524106,,0,,,0,,0,,,,,,0,0,0.510516843999621
0,0,2005,2005-09-18,182,Main-Taunus,06,Hessen,zweitstimme,193679,161332,158751,2581,0.832986539583538,cdu,0,,,,0,0,,,,,,0,,,,,0.00071810571271992,,,0.40090456123111,0,0,0,,,0,,0,,,,,0,,,0,0.163898180168944,,,,,,,0.00447241277220301,0.0997033089555341,0,0,,,,,,0.0361320558610654,,,,,,0.000220471052150853,,,,0.00754640915647776,,0,,0,,,,,,0,0.000699208193964133,,0.00603460765601477,,,0.272987256773186,,0,,,0.00668342246663013,,0,,,,,,0,0,0.40090456123111
0,0,2005,2005-09-18,183,Frankfurt am Main I,06,Hessen,erststimme,183183,135863,132804,3059,0.741679085941381,spd,0,,,,0,0,,,,,,0,,,,,0,,,0.372805035992892,0,0,0,,,0,,0,,,,,0,,,0,0.0572497816330833,,,,,,,0,0.095253155025451,0,0,,,,,,0.0586051624951056,,,,,,0,,,,0.0181319839763863,,0,,0,,,,,,0,0,,0,,,0.397954880877082,,0,,,0,,0,,,,,,0,0,0.372805035992892
0,0,2005,2005-09-18,183,Frankfurt am Main I,06,Hessen,zweitstimme,183183,135863,133361,2502,0.741679085941381,spd,0,,,,0,0,,,,,,0,,,,,0.000907311732815441,,,0.295266232256807,0,0,0,,,0,,0,,,,,0,,,0,0.129010730273468,,,,,,,0.00703354054033788,0.155510231626937,0,0,,,,,,0.0701629411897031,,,,,,0.000809831959868327,,,,0.0122674545031906,,0,,0,,,,,,0,0.000712352186921214,,0.0078283756120605,,,0.310533064389139,,0,,,0.00995793372875128,,0,,,,,,0,0,0.295266232256807
0,0,2005,2005-09-18,184,Frankfurt am Main II,06,Hessen,erststimme,203726,157455,154263,3192,0.772876314265239,cdu,0,,,,0,0,,,,,,0,,,,,0,,,0.372992875803012,0,0,0,,,0,,0,,,,,0,,,0,0.0427257346220416,,,,,,,0,0.18750445667464,0,0,,,,,,0.0465957488185761,,,,,,0,,,,0.0126861269390586,,0,,0,,,,,,0,0,,0,,,0.337495057142672,,0,,,0,,0,,,,,,0,0,0.372992875803012
0,0,2005,2005-09-18,184,Frankfurt am Main II,06,Hessen,zweitstimme,203726,157455,154848,2607,0.772876314265239,cdu,0,,,,0,0,,,,,,0,,,,,0.000716831990080595,,,0.291466470345113,0,0,0,,,0,,0,,,,,0,,,0,0.138406695598264,,,,,,,0.00632232899359372,0.175120117792932,0,0,,,,,,0.0647667389956603,,,,,,0.000529551560239719,,,,0.0090088344699318,,0,,0,,,,,,0,0.000678084314941104,,0.00589610456705931,,,0.298776865054763,,0,,,0.00831137631742096,,0,,,,,,0,0,0.291466470345113
0,0,2005,2005-09-18,185,Groß-Gerau,06,Hessen,erststimme,169776,135836,132596,3240,0.800089529733296,spd,0,,,,0,0,,,,,,0,,,,,0,,,0.364422757850916,0,0,0,,,0,,0,,,,,0,,,0,0.0373842348185466,,,,,,,0,0.0610878156203807,0,0,,,,,,0.0432592235059881,,,,,,0,,,,0.0186657214395608,,0,,0.00443452291170171,,,,,,0,0,,0,,,0.470745723852907,,0,,,0,,0,,,,,,0,0,0.364422757850916
0,0,2005,2005-09-18,185,Groß-Gerau,06,Hessen,zweitstimme,169776,135836,132829,3007,0.800089529733296,spd,0,,,,0,0,,,,,,0,,,,,0.000820603934381799,,,0.301545596217693,0,0,0,,,0,,0,,,,,0,,,0,0.106768853187181,,,,,,,0.00489350970044192,0.107363602827696,0,0,,,,,,0.051374323378178,,,,,,0.000685091358061869,,,,0.0132501185735043,,0,,0,,,,,,0,0.00128736947503934,,0.0108410061055944,,,0.392474534928367,,0,,,0.00869539031386218,,0,,,,,,0,0,0.301545596217693
0,0,2005,2005-09-18,186,Offenbach,06,Hessen,erststimme,220625,170268,166315,3953,0.771752974504249,cdu,0,,,,0,0,,,,,,0,,,,,0,,,0.43683973183417,0,0,0,,,0,,0,,,,,0,,,0,0.0480413672849713,,,,,,,0,0.0560683041216968,0,0,,,,,,0.0432492559300123,,,,,,0,,,,0.0158554550100713,,0,,0,,,,,,0,0,,0,,,0.399945885819078,,0,,,0,,0,,,,,,0,0,0.43683973183417
0,0,2005,2005-09-18,186,Offenbach,06,Hessen,zweitstimme,220625,170268,166889,3379,0.771752974504249,cdu,0,,,,0,0,,,,,,0,,,,,0.00076697685287826,,,0.3602813846329,0,0,0,,,0,,0,,,,,0,,,0,0.125508571565532,,,,,,,0.00505725362366603,0.108665040835525,0,0,,,,,,0.0513994331561697,,,,,,0.000389480433102242,,,,0.0110732283134299,,0,,0,,,,,,0,0.000856856952824932,,0.00763980849546705,,,0.320188868050021,,0,,,0.00817309708848396,,0,,,,,,0,0,0.3602813846329
0,0,2005,2005-09-18,187,Darmstadt,06,Hessen,erststimme,229735,183416,179247,4169,0.798380743030013,spd,0,,,,0,0,,,,,,0,,,,,0,,,0.3765641823852,0,0,0,,,0,,0,,,,,0,,,0,0.0367314376251764,,,,,,,0,0.0812119589170251,0,0,,,,,,0.0388012072726461,,,,,,0.00200282292032782,,,,0.0113753647201906,,0,,0.00538921153492109,,,,,,0,0,,0,,,0.447923814624513,,0,,,0,,0,,,,,,0,0,0.3765641823852
0,0,2005,2005-09-18,187,Darmstadt,06,Hessen,zweitstimme,229735,183416,179775,3641,0.798380743030013,spd,0,,,,0,0,,,,,,0,,,,,0.00066193853427896,,,0.303807537199277,0,0,0,,,0,,0,,,,,0,,,0,0.108146293978584,,,,,,,0.00421081907940481,0.141482408566263,0,0,,,,,,0.0525768321513002,,,,,,0.00109025170351829,,,,0.00882770129328327,,0,,0,,,,,,0,0.000923376442775692,,0.00520650813516896,,,0.365417883465443,,0,,,0.00764844945070227,,0,,,,,,0,0,0.303807537199277
0,0,2005,2005-09-18,188,Odenwald,06,Hessen,erststimme,234100,187764,182814,4950,0.802067492524562,cdu,0,,,,0,0,,,,,,0,,,,,0,,,0.419530232914328,0.00553021103416587,0,0,,,0,,0,,,,,0,,,0,0.0515332523767326,,,,,,,0,0.0485849004999617,0,0,,,,,,0.0397945452755259,,,,,,0,,,,0.0159287581913858,,0,,0,,,,,,0,0,,0,,,0.4190980997079,,0,,,0,,0,,,,,,0,0,0.419530232914328
0,0,2005,2005-09-18,188,Odenwald,06,Hessen,zweitstimme,234100,187764,183022,4742,0.802067492524562,cdu,0,,,,0,0,,,,,,0,,,,,0.000874211843384948,,,0.35536165051196,0,0,0,,,0,,0,,,,,0,,,0,0.117242735845964,,,,,,,0.00464971424200369,0.0949721891357323,0,0,,,,,,0.0481362896263837,,,,,,0.000437105921692474,,,,0.0118892810700353,,0,,0,,,,,,0,0.00105451803608309,,0.0102009594474981,,,0.346067685851974,,0,,,0.00911365846728808,,0,,,,,,0,0,0.35536165051196
0,0,2005,2005-09-18,189,Bergstraße,06,Hessen,erststimme,199215,158094,155146,2948,0.793584820420149,cdu,0,,,,0,0,,,,,,0,,,,,0,,,0.443678857334382,0,0,0,,,0,,0,,,,,0,,,0.0119693707862272,0.0383703092570869,,,,,,,0,0.0383251904657548,0,0,,,,,,0.0333685689608498,,,,,,0,,,,0.0163781212535289,,0,,0,,,,,,0,0,,0,,,0.417909581942171,,0,,,0,,0,,,,,,0,0,0.443678857334382
0,0,2005,2005-09-18,189,Bergstraße,06,Hessen,zweitstimme,199215,158094,155225,2869,0.793584820420149,cdu,0,,,,0,0,,,,,,0,,,,,0.000811724915445321,,,0.365353519085199,0,0,0,,,0,,0,,,,,0,,,0,0.111599291351264,,,,,,,0.00463842808825898,0.0863971654050572,0,0,,,,,,0.0426284425833468,,,,,,0.000418746980190047,,,,0.012633274279272,,0,,0,,,,,,0,0.00143018199387985,,0.0114221291673377,,,0.353280721533258,,0,,,0.00938637461749074,,0,,,,,,0,0,0.365353519085199
0,0,2005,2005-09-18,190,Eichsfeld - Nordhausen - Unstrut-Hainich-Kreis I,16,Thüringen,erststimme,208484,158345,155222,3123,0.759506724736671,cdu,0,,,,0,0,,,,,,0,,,,,0,,,0.373542410225355,0,0,0,,,0,,0,,,,,0,,,0.0164860651196351,0.0480279857236732,,,,,,,0,0.0246356830861605,0,0,,,,,,0.207064720207187,,,,,,0,,,,0.0330752084111788,,0,,0,,,,,,0,0,,0,,,0.297167927226811,,0,,,0,,0,,,,,,0,0,0.373542410225355
0,0,2005,2005-09-18,190,Eichsfeld - Nordhausen - Unstrut-Hainich-Kreis I,16,Thüringen,zweitstimme,208484,158345,155576,2769,0.759506724736671,cdu,0,,,,0,0,,,,,,0,,,,,0,,,0.32370031367306,0,0,0,,,0,,0,,,,,0,,,0,0.0839975317529696,,,,,,,0.00695480022625598,0.0393441147734869,0,0,,,,,,0.223665603949195,,,,,,0.00259037383658148,,,,0.0318172468761249,,0,,0,,,,,,0,0,,0.00482079498123104,,,0.283109219931095,,0,,,0,,0,,,,,,0,0,0.32370031367306
0,0,2005,2005-09-18,191,Eisenach - Wartburgkreis - Unstrut-Hainich-Kreis II,16,Thüringen,erststimme,206854,155366,152160,3206,0.751090140872306,spd,0,,,,0,0,,,,,,0,,,,,0,,,0.287164826498423,0,0,0,,,0,,0,,,,,0,,,0,0.0479823869610936,,,,,,,0,0.0289957939011567,0,0,,,,,,0.224323080967403,,,,,,0.00518533123028391,,,,0.039484752891693,,0,,0,,,,,,0,0,,0,,,0.352891692954784,,0,,,0,,0,,,,,,0,0.013972134595163,0.287164826498423
0,0,2005,2005-09-18,191,Eisenach - Wartburgkreis - Unstrut-Hainich-Kreis II,16,Thüringen,zweitstimme,206854,155366,152433,2933,0.751090140872306,spd,0,,,,0,0,,,,,,0,,,,,0,,,0.263938910865757,0,0,0,,,0,,0,,,,,0,,,0,0.0754823430621978,,,,,,,0.00764926229884605,0.0429106558291184,0,0,,,,,,0.247393937008391,,,,,,0.00507764066835921,,,,0.0375706047903013,,0,,0,,,,,,0,0,,0.00689483248377976,,,0.31308181299325,,0,,,0,,0,,,,,,0,0,0.263938910865757
0,0,2005,2005-09-18,192,Kyffhäuserkreis - Sömmerda - Weimarer Land I,16,Thüringen,erststimme,207463,155082,151421,3661,0.747516424615474,cdu,0,,,,0,0,,,,,,0,,,,,0,,,0.308662602941468,0,0,0,,,0,,0,,,,,0,,,0,0.0501647723895629,,,,,,,0,0.0289986197423079,0,0,,,,,,0.272313615680784,,,,,,0,,,,0.0450664042636094,,0,,0,,,,,,0,0,,0,,,0.294793984982268,,0,,,0,,0,,,,,,0,0,0.308662602941468
0,0,2005,2005-09-18,192,Kyffhäuserkreis - Sömmerda - Weimarer Land I,16,Thüringen,zweitstimme,207463,155082,151808,3274,0.747516424615474,cdu,0,,,,0,0,,,,,,0,,,,,0,,,0.265690872681282,0,0,0,,,0,,0,,,,,0,,,0,0.0798047533726813,,,,,,,0.00882693929173693,0.0397673376897133,0,0,,,,,,0.268022765598651,,,,,,0.00330022133220911,,,,0.0407554279089376,,0,,0,,,,,,0,0,,0.00839217959527825,,,0.285439502529511,,0,,,0,,0,,,,,,0,0,0.265690872681282
0,0,2005,2005-09-18,193,Gotha - Ilm-Kreis,16,Thüringen,erststimme,218863,165851,162232,3619,0.757784550152378,spd,0,,,,0,0,,,,,,0,,,,,0,,,0.290417426894817,0,0,0,,,0,,0,,,,,0,,,0,0.046834163420287,,,,,,,0,0.0257100941861039,0,0,,,,,,0.214267222249618,,,,,,0,,,,0.0438754376448543,,0,,0.00668795305488436,,,,,,0,0,,0,,,0.372207702549435,,0,,,0,,0,,,,,,0,0,0.290417426894817
0,0,2005,2005-09-18,193,Gotha - Ilm-Kreis,16,Thüringen,zweitstimme,218863,165851,162426,3425,0.757784550152378,spd,0,,,,0,0,,,,,,0,,,,,0,,,0.264526615197074,0,0,0,,,0,,0,,,,,0,,,0,0.0763363008385357,,,,,,,0.010127688916799,0.0441431790476894,0,0,,,,,,0.247004789873542,,,,,,0.00440200460517405,,,,0.0387622671247214,,0,,0,,,,,,0,0,,0.00674768817800106,,,0.307949466218463,,0,,,0,,0,,,,,,0,0,0.264526615197074
0,0,2005,2005-09-18,194,Erfurt - Weimar - Weimarer Land II,16,Thüringen,erststimme,223315,169272,166051,3221,0.757996551955758,spd,0,,,,0,0,,,,,,0,,,,,0,,,0.275385273199198,0,0,0,,,0,,0,,,,,0,,,0,0.0409572962523562,,,,,,,0,0.0755972562646416,0,0,,,,,,0.262088153639544,,,,,,0,,,,0.0309844565826162,,0,,0,,,,,,0,0,,0,,,0.314987564061644,,0,,,0,,0,,,,,,0,0,0.275385273199198
0,0,2005,2005-09-18,194,Erfurt - Weimar - Weimarer Land II,16,Thüringen,zweitstimme,223315,169272,166540,2732,0.757996551955758,spd,0,,,,0,0,,,,,,0,,,,,0,,,0.226666266362435,0,0,0,,,0,,0,,,,,0,,,0,0.0758856731115648,,,,,,,0.0124894920139306,0.0818902365798006,0,0,,,,,,0.258484448180617,,,,,,0.00321844601897442,,,,0.0254293262879789,,0,,0,,,,,,0,0,,0.0074516632640807,,,0.308484448180617,,0,,,0,,0,,,,,,0,0,0.226666266362435
0,0,2005,2005-09-18,195,Gera - Jena - Saale-Holzland-Kreis,16,Thüringen,erststimme,248530,190472,187224,3248,0.766394399066511,spd,0,,,,0,0,,,,,,0,,,,,0,,,0.245598854847669,0,0,0,,,0,,0,,,,,0,,,0,0.0585929154381917,,,,,,,0,0.0488986454728026,0,0,,,,,,0.294193052172798,,,,,,0,,,,0.0348726658975345,,0,,0,,,,,,0,0,,0,,,0.317843866171004,,0,,,0,,0,,,,,,0,0,0.245598854847669
0,0,2005,2005-09-18,195,Gera - Jena - Saale-Holzland-Kreis,16,Thüringen,zweitstimme,248530,190472,187523,2949,0.766394399066511,spd,0,,,,0,0,,,,,,0,,,,,0,,,0.214533683868112,0,0,0,,,0,,0,,,,,0,,,0,0.0819419484543229,,,,,,,0.0110066498509516,0.0661038912560059,0,0,,,,,,0.276691392522517,,,,,,0.0028529833673736,,,,0.0316227876047205,,0,,0,,,,,,0,0,,0.00603659284461106,,,0.309210070231385,,0,,,0,,0,,,,,,0,0,0.214533683868112
0,0,2005,2005-09-18,196,Greiz - Altenburger Land,16,Thüringen,erststimme,190763,144322,141163,3159,0.756551322845625,cdu,0,,,,0,0,,,,,,0,,,,,0,,,0.316754390314743,0,0,0,,,0,,0,,,,,0,,,0,0.0516353435390294,,,,,,,0,0.0259345579224018,0,0,,,,,,0.258615926269632,,,,,,0,,,,0.0453801633572537,,0,,0,,,,,,0,0,,0,,,0.301679618596941,,0,,,0,,0,,,,,,0,0,0.316754390314743
0,0,2005,2005-09-18,196,Greiz - Altenburger Land,16,Thüringen,zweitstimme,190763,144322,141432,2890,0.756551322845625,cdu,0,,,,0,0,,,,,,0,,,,,0,,,0.267725832909101,0,0,0,,,0,,0,,,,,0,,,0,0.0888837038294021,,,,,,,0.0103866168900956,0.0383435149046892,0,0,,,,,,0.265929916850501,,,,,,0.00325951694100345,,,,0.0426848238022513,,0,,0,,,,,,0,0,,0.00644832852536908,,,0.276337745347588,,0,,,0,,0,,,,,,0,0,0.267725832909101
0,0,2005,2005-09-18,197,Sonneberg - Saalfeld-Rudolstadt - Saale-Orla-Kreis,16,Thüringen,erststimme,239958,181086,177472,3614,0.754657064986373,spd,0,,,,0,0,,,,,,0,,,,,0,,,0.263804994590696,0,0,0,,,0,,0,,,,,0,,,0,0.0498670212765958,,,,,,,0,0.0264097998557519,0,0,,,,,,0.259753651280202,,,,,,0.0045415614857555,,,,0.048007573025604,,0,,0,,,,,,0,0,,0,,,0.301799720519293,,0,,,0,,0,,,,,,0,0.0458156779661017,0.263804994590696
0,0,2005,2005-09-18,197,Sonneberg - Saalfeld-Rudolstadt - Saale-Orla-Kreis,16,Thüringen,zweitstimme,239958,181086,177860,3226,0.754657064986373,spd,0,,,,0,0,,,,,,0,,,,,0,,,0.249195996851456,0,0,0,,,0,,0,,,,,0,,,0,0.0746542224221298,,,,,,,0.00908579781850894,0.0365512200607219,0,0,,,,,,0.277780276622062,,,,,,0.00612279320814124,,,,0.0459012706623187,,0,,0,,,,,,0,0,,0.00705048914876869,,,0.293657933205892,,0,,,0,,0,,,,,,0,0,0.249195996851456
0,0,2005,2005-09-18,198,Suhl - Schmalkalden-Meiningen - Hildburghausen,16,Thüringen,erststimme,213525,158033,154913,3120,0.740114740662686,spd,0,,,,0,0,,,,,,0,,,,,0,,,0.27004189448271,0,0,0,,,0,,0,,,,,0,,,0.015570029629534,0.0523390548243208,,,,,,,0,0.032153531336944,0,0,,,,,,0.28889118408397,,,,,,0,,,,0.0373112650326312,,0,,0,,,,,,0,0,,0,,,0.303693040609891,,0,,,0,,0,,,,,,0,0,0.27004189448271
0,0,2005,2005-09-18,198,Suhl - Schmalkalden-Meiningen - Hildburghausen,16,Thüringen,zweitstimme,213525,158033,155179,2854,0.740114740662686,spd,0,,,,0,0,,,,,,0,,,,,0,,,0.247301503425077,0,0,0,,,0,,0,,,,,0,,,0,0.0777682547251883,,,,,,,0.00744301741859401,0.039625207018991,0,0,,,,,,0.277569774260693,,,,,,0.00421448778507401,,,,0.0351980615933857,,0,,0,,,,,,0,0,,0.00809387868203816,,,0.30278581509096,,0,,,0,,0,,,,,,0,0,0.247301503425077
0,0,2005,2005-09-18,199,Neuwied,07,Rheinland-Pfalz,erststimme,242693,190310,186945,3365,0.784159411272678,spd,0,,,,0,0,,,,,,0,,,,,0,,,0.434930059643211,0,0,0,,,0,,0,,,,,0,,,0,0.0400759581695151,,,,,,,0,0.0231297975340341,0,0,,,,,,0.0389205381261868,,,,,,0,,,,0.0109229987429458,,0,,0.00936104201770574,,,,,,0,0,,0,,,0.442659605766402,,0,,,0,,0,,,,,,0,0,0.434930059643211
0,0,2005,2005-09-18,199,Neuwied,07,Rheinland-Pfalz,zweitstimme,242693,190310,186880,3430,0.784159411272678,spd,0,,,,0,0,,,,,,0,,,,,0,,,0.386360231164384,0,0,0,,,0,,0,,,,,0,,,0.0090378852739726,0.111654537671233,,,,,,,0,0.0614940068493151,0,0,,,,,,0.0509096746575342,,,,,,0.000684931506849315,,,,0.00985659246575342,,0,,0.00819777397260274,,,,,,0,0,,0.00420590753424658,,,0.35759845890411,,0,,,0,,0,,,,,,0,0,0.386360231164384
0,0,2005,2005-09-18,200,Ahrweiler,07,Rheinland-Pfalz,erststimme,193865,152517,149034,3483,0.786717561189488,cdu,0,,,,0,0,,,,,,0,,,,,0,,,0.4957459371687,0,0,0,,,0,,0,,,,,0,,,0,0.0583558114255807,,,,,,,0,0.0385683803695801,0,0,,,,,,0.0376826764362494,,,,,,0,,,,0.0101453359636056,,0,,0,,,,,,0,0,,0,,,0.359501858636284,,0,,,0,,0,,,,,,0,0,0.4957459371687
0,0,2005,2005-09-18,200,Ahrweiler,07,Rheinland-Pfalz,zweitstimme,193865,152517,149884,2633,0.786717561189488,cdu,0,,,,0,0,,,,,,0,,,,,0,,,0.431080035227242,0,0,0,,,0,,0,,,,,0,,,0.00860665581382936,0.121934295855462,,,,,,,0,0.0597929065143711,0,0,,,,,,0.0452750126764698,,,,,,0.000500386965920312,,,,0.00844653198473486,,0,,0.00277547970430466,,,,,,0,0,,0.00376958180993302,,,0.317819113447733,,0,,,0,,0,,,,,,0,0,0.431080035227242
0,0,2005,2005-09-18,201,Koblenz,07,Rheinland-Pfalz,erststimme,196029,152025,149440,2585,0.775523009350657,cdu,0,,,,0,0,,,,,,0,,,,,0,,,0.454202355460386,0,0,0,,,0,,0,,,,,0,,,0,0.0460920770877944,,,,,,,0,0.0543361884368308,0,0,,,,,,0.0420703961456103,,,,,,0,,,,0.0108672376873662,,0,,0,,,,,,0,0,,0,,,0.392431745182013,,0,,,0,,0,,,,,,0,0,0.454202355460386
0,0,2005,2005-09-18,201,Koblenz,07,Rheinland-Pfalz,zweitstimme,196029,152025,149999,2026,0.775523009350657,cdu,0,,,,0,0,,,,,,0,,,,,0,,,0.381369209128061,0,0,0,,,0,,0,,,,,0,,,0.00848005653371023,0.119687464583097,,,,,,,0,0.0744738298255322,0,0,,,,,,0.0481803212021414,,,,,,0.000573337155581037,,,,0.009540063600424,,0,,0.00264001760011733,,,,,,0,0,,0.00395335968906459,,,0.351102340682271,,0,,,0,,0,,,,,,0,0,0.381369209128061
0,0,2005,2005-09-18,202,Mosel/Rhein-Hunsrück,07,Rheinland-Pfalz,erststimme,180870,143887,139544,4343,0.795527174213524,cdu,0,,,,0,0,,,,,,0,,,,,0,,,0.500945938198704,0,0,0,,,0,,0,,,,,0,,,0,0.0758470446597489,,,,,,,0,0.0403671960098607,0,0,,,,,,0.0439502952473772,,,,,,0,,,,0.0119890500487302,,0,,0,,,,,,0,0,,0,,,0.326900475835579,,0,,,0,,0,,,,,,0,0,0.500945938198704
0,0,2005,2005-09-18,202,Mosel/Rhein-Hunsrück,07,Rheinland-Pfalz,zweitstimme,180870,143887,140435,3452,0.795527174213524,cdu,0,,,,0,0,,,,,,0,,,,,0,,,0.423982625413893,0,0,0,,,0,,0,,,,,0,,,0.0094136077188735,0.137095453412611,,,,,,,0,0.0566383024174885,0,0,,,,,,0.0485705130487414,,,,,,0.00046996831274255,,,,0.0098906967636273,,0,,0.00397336846227792,,,,,,0,0,,0.0046996831274255,,,0.30526578132232,,0,,,0,,0,,,,,,0,0,0.423982625413893
0,0,2005,2005-09-18,203,Kreuznach,07,Rheinland-Pfalz,erststimme,191864,147733,144211,3522,0.769988116582579,cdu,0,,,,0,0,,,,,,0,,,,,0,,,0.429974135121454,0,0,0,,,0,,0,,,,,0,,,0,0.0452878074488077,,,,,,,0,0.0388527920893691,0,0,,,,,,0.0466954670586849,,,,,,0,,,,0.0161707498041065,,0,,0,,,,,,0,0,,0,,,0.417215052943257,,0,,,0,,0,,,,,,0,0.00580399553432124,0.429974135121454
0,0,2005,2005-09-18,203,Kreuznach,07,Rheinland-Pfalz,zweitstimme,191864,147733,144594,3139,0.769988116582579,cdu,0,,,,0,0,,,,,,0,,,,,0,,,0.336314093254215,0,0,0,,,0,,0,,,,,0,,,0.0102355561088289,0.11831057996874,,,,,,,0,0.0651894269471762,0,0,,,,,,0.0599125828180976,,,,,,0.000553273303179938,,,,0.0148692200229608,,0,,0.0031190782466769,,,,,,0,0,,0.00606525858611007,,,0.385430930744014,,0,,,0,,0,,,,,,0,0,0.336314093254215
0,0,2005,2005-09-18,204,Bitburg,07,Rheinland-Pfalz,erststimme,169169,132623,129195,3428,0.783967511778163,cdu,0,,,,0,0,,,,,,0,,,,,0,,,0.489593250512791,0,0,0,,,0,,0,,,,,0,,,0,0.0576105886450714,,,,,,,0,0.0381051898293278,0,0,,,,,,0.0377336584233136,,,,,,0,,,,0.0124927435272263,,0,,0,,,,,,0,0,,0,,,0.36446456906227,,0,,,0,,0,,,,,,0,0,0.489593250512791
0,0,2005,2005-09-18,204,Bitburg,07,Rheinland-Pfalz,zweitstimme,169169,132623,129580,3043,0.783967511778163,cdu,0,,,,0,0,,,,,,0,,,,,0,,,0.439172711838247,0,0,0,,,0,,0,,,,,0,,,0.0109507640067912,0.128384009878068,,,,,,,0,0.0574317024232135,0,0,,,,,,0.0460564901991048,,,,,,0.000586510263929619,,,,0.0107732674795493,,0,,0.00177496527241858,,,,,,0,0,,0.00445284766167618,,,0.300416730977003,,0,,,0,,0,,,,,,0,0,0.439172711838247
0,0,2005,2005-09-18,205,Trier,07,Rheinland-Pfalz,erststimme,185437,143881,140156,3725,0.775902328014366,cdu,0,,,,0,0,,,,,,0,,,,,0,,,0.431105339764263,0,0,0,,,0,,0,,,,,0,,,0,0.0443077713405063,,,,,,,0,0.0561017723108536,0,0,,,,,,0.0438154627700562,,,,,,0,,,,0.0111375895430806,,0,,0,,,,,,0,0,,0,,,0.406282998944034,,0,,,0,,0,,,,,,0,0.00724906532720683,0.431105339764263
0,0,2005,2005-09-18,205,Trier,07,Rheinland-Pfalz,zweitstimme,185437,143881,140723,3158,0.775902328014366,cdu,0,,,,0,0,,,,,,0,,,,,0,,,0.360815218549917,0,0,0,,,0,,0,,,,,0,,,0.00921668810357937,0.104830056209717,,,,,,,0,0.0885924831051072,0,0,,,,,,0.0577943903981581,,,,,,0.000582705030449891,,,,0.0105029028659139,,0,,0.0017267966146259,,,,,,0,0,,0.00429922613929493,,,0.361639532983237,,0,,,0,,0,,,,,,0,0,0.360815218549917
0,0,2005,2005-09-18,206,Montabaur,07,Rheinland-Pfalz,erststimme,212396,167673,163946,3727,0.789435770918473,cdu,0,,,,0,0,,,,,,0,,,,,0,,,0.466116892147414,0,0,0,,,0,,0,,,,,0,,,0,0.0457284715699072,,,,,,,0,0.0380918107181633,0,0,,,,,,0.043270345113635,,,,,,0,,,,0.0151635294548205,,0,,0.00842350530052578,,,,,,0,0,,0,,,0.383205445695534,,0,,,0,,0,,,,,,0,0,0.466116892147414
0,0,2005,2005-09-18,206,Montabaur,07,Rheinland-Pfalz,zweitstimme,212396,167673,164280,3393,0.789435770918473,cdu,0,,,,0,0,,,,,,0,,,,,0,,,0.385476016557098,0,0,0,,,0,,0,,,,,0,,,0.00957511565619674,0.124403457511566,,,,,,,0,0.0667397126856586,0,0,,,,,,0.0505417579741904,,,,,,0.000535670805941076,,,,0.0130934989043097,,0,,0.00583759435110787,,,,,,0,0,,0.00552714877039201,,,0.33827002678354,,0,,,0,,0,,,,,,0,0,0.385476016557098
0,0,2005,2005-09-18,207,Mainz,07,Rheinland-Pfalz,erststimme,244758,198652,194791,3861,0.811626177693885,spd,0,,,,0,0,,,,,,0,,,,,0,,,0.391932892176743,0,0,0,,,0,,0,,,,,0,,,0,0.0869136664424948,,,,,,,0,0.0576772027455067,0,0,,,,,,0.0369832281778932,,,,,,0,,,,0.0122284910493811,,0,,0,,,,,,0,0,,0,,,0.409464502980117,,0,,,0,,0,,,,,,0,0.00480001642786371,0.391932892176743
0,0,2005,2005-09-18,207,Mainz,07,Rheinland-Pfalz,zweitstimme,244758,198652,195474,3178,0.811626177693885,spd,0,,,,0,0,,,,,,0,,,,,0,,,0.339768971832571,0,0,0,,,0,,0,,,,,0,,,0.00853821991671527,0.128983905787982,,,,,,,0,0.119755056938519,0,0,,,,,,0.0458577611344731,,,,,,0.000639471234026009,,,,0.00831824181221032,,0,,0.00193887678156686,,,,,,0,0,,0.0122164584548329,,,0.333983036107104,,0,,,0,,0,,,,,,0,0,0.339768971832571
0,0,2005,2005-09-18,208,Worms,07,Rheinland-Pfalz,erststimme,198651,157641,153800,3841,0.793557545645378,spd,0,,,,0,0,,,,,,0,,,,,0,,,0.373491547464239,0,0,0,,,0,,0,,,,,0,,,0,0.0617165149544864,,,,,,,0,0.0385630689206762,0,0,,,,,,0.0455331599479844,,,,,,0,,,,0.022594278283485,,0,,0,,,,,,0,0,,0,,,0.458101430429129,,0,,,0,,0,,,,,,0,0,0.373491547464239
0,0,2005,2005-09-18,208,Worms,07,Rheinland-Pfalz,zweitstimme,198651,157641,154314,3327,0.793557545645378,spd,0,,,,0,0,,,,,,0,,,,,0,,,0.334130409424939,0,0,0,,,0,,0,,,,,0,,,0.0108739323716578,0.114960405407157,,,,,,,0,0.0725015228689555,0,0,,,,,,0.0529828790647641,,,,,,0.000648029342768641,,,,0.0195769664450406,,0,,0.0042899542491284,,,,,,0,0,,0.0106730432753995,,,0.37936285755019,,0,,,0,,0,,,,,,0,0,0.334130409424939
0,0,2005,2005-09-18,209,Ludwigshafen/Frankenthal,07,Rheinland-Pfalz,erststimme,216306,169870,165868,4002,0.785322644771759,spd,0,,,,0,0,,,,,,0,,,,,0,,,0.396990377890853,0,0,0,,,0,,0,,,,,0,,,0,0.044197795837654,,,,,,,0,0.0354800202570719,0,0,,,,,,0.0452709383365086,,,,,,0.00263462512359225,,,,0.014734608242699,,0,,0,,,,,,0,0,,0.0279680227650903,,,0.432723611546531,,0,,,0,,0,,,,,,0,0,0.396990377890853
0,0,2005,2005-09-18,209,Ludwigshafen/Frankenthal,07,Rheinland-Pfalz,zweitstimme,216306,169870,166148,3722,0.785322644771759,spd,0,,,,0,0,,,,,,0,,,,,0,,,0.337277607915834,0,0,0,,,0,,0,,,,,0,,,0.0109239954739148,0.104130052724077,,,,,,,0,0.0697269903941065,0,0,,,,,,0.0579242602980475,,,,,,0.00168524448082433,,,,0.0145472711076871,,0,,0.00263620386643234,,,,,,0,0,,0.0275537472614777,,,0.373594626477598,,0,,,0,,0,,,,,,0,0,0.337277607915834
0,0,2005,2005-09-18,210,Neustadt - Speyer,07,Rheinland-Pfalz,erststimme,219704,177506,173397,4109,0.807932490987875,cdu,0,,,,0,0,,,,,,0,,,,,0,,,0.448145008275806,0,0,0,,,0,,0,,,,,0,,,0,0.0458427769799939,,,,,,,0,0.0479766085918442,0,0,,,,,,0.0386857904115988,,,,,,0,,,,0.00980409118958229,,0,,0.00810279301256654,,,,,,0,0,,0.0201618251757528,,,0.381281106362855,,0,,,0,,0,,,,,,0,0,0.448145008275806
0,0,2005,2005-09-18,210,Neustadt - Speyer,07,Rheinland-Pfalz,zweitstimme,219704,177506,173877,3629,0.807932490987875,cdu,0,,,,0,0,,,,,,0,,,,,0,,,0.375288278495718,0,0,0,,,0,,0,,,,,0,,,0.0115426422125986,0.116513397401611,,,,,,,0,0.0817301885815835,0,0,,,,,,0.0485803182709617,,,,,,0.000506104890238502,,,,0.00990930370319249,,0,,0.00478499168952765,,,,,,0,0,,0.0202556979934091,,,0.330889076761159,,0,,,0,,0,,,,,,0,0,0.375288278495718
0,0,2005,2005-09-18,211,Kaiserslautern,07,Rheinland-Pfalz,erststimme,234939,179680,174775,4905,0.764794265745577,spd,0,,,,0,0,,,,,,0,,,,,0,,,0.353488771277357,0,0,0,,,0,,0,,,,,0,,,0,0.049703905020741,,,,,,,0,0.043461593477328,0,0,,,,,,0.0827578314976398,,,,,,0,,,,0.0281619224717494,,0,,0,,,,,,0,0,,0,,,0.442425976255185,,0,,,0,,0,,,,,,0,0,0.353488771277357
0,0,2005,2005-09-18,211,Kaiserslautern,07,Rheinland-Pfalz,zweitstimme,234939,179680,175410,4270,0.764794265745577,spd,0,,,,0,0,,,,,,0,,,,,0,,,0.295558976113106,0,0,0,,,0,,0,,,,,0,,,0.0143663417136993,0.103967846759022,,,,,,,0,0.0705147939114076,0,0,,,,,,0.0877772076848526,,,,,,0.000860840316971666,,,,0.0226383900575794,,0,,0.00310130551279859,,,,,,0,0,,0.0124052220511943,,,0.388809075879368,,0,,,0,,0,,,,,,0,0,0.295558976113106
0,0,2005,2005-09-18,212,Pirmasens,07,Rheinland-Pfalz,erststimme,187595,146241,140891,5350,0.77955702444095,cdu,0,,,,0,0,,,,,,0,,,,,0,,,0.424356417372295,0,0,0,,,0,,0,,,,,0,,,0,0.0624667295994776,,,,,,,0,0.0322944687737329,0,0,,,,,,0.0821344159669532,,,,,,0,,,,0.0328196974966463,,0,,0,,,,,,0,0,,0,,,0.365928270790895,,0,,,0,,0,,,,,,0,0,0.424356417372295
0,0,2005,2005-09-18,212,Pirmasens,07,Rheinland-Pfalz,zweitstimme,187595,146241,141830,4411,0.77955702444095,cdu,0,,,,0,0,,,,,,0,,,,,0,,,0.369512797010506,0,0,0,,,0,,0,,,,,0,,,0.0162659521962913,0.106338574349573,,,,,,,0,0.0509483184093633,0,0,,,,,,0.0860114221250793,,,,,,0.000719170838327575,,,,0.0213142494535712,,0,,0.00388493266586759,,,,,,0,0,,0.0211873369526898,,,0.323817245998731,,0,,,0,,0,,,,,,0,0,0.369512797010506
0,0,2005,2005-09-18,213,Südpfalz,07,Rheinland-Pfalz,erststimme,209895,167742,163869,3873,0.799171014078468,cdu,0,,,,0,0,,,,,,0,,,,,0,,,0.432363656335243,0,0,0,,,0,,0,,,,,0,,,0,0.0627086270130409,,,,,,,0,0.0475623821467148,0,0,,,,,,0.0391349187460716,,,,,,0,,,,0.0127540901573818,,0,,0.00803690752979514,,,,,,0,0,,0.020858124477479,,,0.376581293594273,,0,,,0,,0,,,,,,0,0,0.432363656335243
0,0,2005,2005-09-18,213,Südpfalz,07,Rheinland-Pfalz,zweitstimme,209895,167742,163911,3831,0.799171014078468,cdu,0,,,,0,0,,,,,,0,,,,,0,,,0.371610203098023,0,0,0,,,0,,0,,,,,0,,,0.0136537511210352,0.120998590698611,,,,,,,0,0.0795187632312658,0,0,,,,,,0.0483921152332668,,,,,,0.000933433387631093,,,,0.0129826552214311,,0,,0.00509422796517622,,,,,,0,0,,0.0210663103757527,,,0.325749949667808,,0,,,0,,0,,,,,,0,0,0.371610203098023
0,0,2005,2005-09-18,214,Altötting,09,Bayern,erststimme,166212,124868,122921,1947,0.751257430269776,csu,0,,,,0,0,,,,,,0,,,,,0.0082980125446425,,,0,0,0.647074137047372,0,,,0,,0,,,,,0,,,0,0.0448580795795674,,,,,,,0,0.0524808616916556,0,0,,,,,,0.0244547310874464,,,,,,0,,,,0.0185484986292009,,0,,0,,,,,,0,0,,0,,,0.204285679420115,,0,,,0,,0,,,,,,0,0,0.647074137047372
0,0,2005,2005-09-18,214,Altötting,09,Bayern,zweitstimme,166212,124868,123282,1586,0.751257430269776,csu,0,,,,0,0,,,,,,0.00787625119644393,,,,,0.00219821222887364,,,0,0,0.58298048376892,0,,,0.00215765480767671,,0,,,,,0,,,0.00584026865235801,0.0844648853847277,,,,,,,0.00309047549520611,0.0559205723463279,0,0,,,,,,0.026995019548677,,,,,,0.000421797180448078,,,,0.0135137327428173,,0,,0.0012248341201473,,,,,,0,0,,0.012394347917782,,,0.200921464609594,,0,,,0,,0,,,,,,0,0,0.58298048376892
0,0,2005,2005-09-18,215,Erding - Ebersberg,09,Bayern,erststimme,179381,146284,143933,2351,0.8154932796673,csu,0,,,,0,0,,,,,,0,,,,,0,,,0,0,0.583542342617746,0,,,0,,0,,,,,0,,,0,0.0535526946565416,,,,,,,0,0.0748056387346891,0,0,,,,,,0.0256925097093787,,,,,,0,,,,0.0141593658160394,,0,,0,,,,,,0,0,,0,,,0.248247448465606,,0,,,0,,0,,,,,,0,0,0.583542342617746
0,0,2005,2005-09-18,215,Erding - Ebersberg,09,Bayern,zweitstimme,179381,146284,144962,1322,0.8154932796673,csu,0,,,,0,0,,,,,,0.00591879251114085,,,,,0.000565665484747727,,,0,0,0.525993018860115,0,,,0.0025110028835143,,0,,,,,0,,,0.00699493660407555,0.105241373601358,,,,,,,0.00308356672783212,0.0886025303182903,0,0,,,,,,0.0272278252231619,,,,,,0.000303527821084146,,,,0.00735365130172045,,0,,0.000986465418523475,,,,,,0,0,,0.0114995654033471,,,0.213718077841089,,0,,,0,,0,,,,,,0,0,0.525993018860115
0,0,2005,2005-09-18,216,Freising,09,Bayern,erststimme,197541,157045,154766,2279,0.794999519087177,csu,0,,,,0,0,,,,,,0.0236809118281793,,,,,0,,,0,0,0.565221043381621,0,,,0,,0,,,,,0,,,0,0.0559877492472507,,,,,,,0,0.0779499373247354,0,0,,,,,,0.0289016967551013,,,,,,0,,,,0.0138208650478787,,0,,0,,,,,,0,0,,0,,,0.234437796415233,,0,,,0,,0,,,,,,0,0,0.565221043381621
0,0,2005,2005-09-18,216,Freising,09,Bayern,zweitstimme,197541,157045,155524,1521,0.794999519087177,csu,0,,,,0,0,,,,,,0.00855816465625884,,,,,0.000533679689308403,,,0,0,0.520234819063296,0,,,0.00241120341555001,,0,,,,,0,,,0.00655204341452123,0.101823512769733,,,,,,,0.00295131298063321,0.0817108613461588,0,0,,,,,,0.0313970834083485,,,,,,0.000392222422262802,,,,0.0108472004320877,,0,,0.00144672204933001,,,,,,0,0,,0.00806949409737404,,,0.223071680255137,,0,,,0,,0,,,,,,0,0,0.520234819063296
0,0,2005,2005-09-18,217,Fürstenfeldbruck,09,Bayern,erststimme,242940,199138,196353,2785,0.819700337531901,csu,0,,,,0,0,,,,,,0,,,,,0,,,0,0,0.554598096285771,0,,,0,,0,,,,,0,,,0,0.0621279022984115,,,,,,,0,0.0799478490270075,0,0,,,,,,0.0242624253258163,,,,,,0,,,,0.0125590136132374,,0,,0,,,,,,0,0,,0,,,0.266504713449756,,0,,,0,,0,,,,,,0,0,0.554598096285771
0,0,2005,2005-09-18,217,Fürstenfeldbruck,09,Bayern,zweitstimme,242940,199138,197262,1876,0.819700337531901,csu,0,,,,0,0,,,,,,0.00491224868449068,,,,,0.000527217609068143,,,0,0,0.497252385152741,0,,,0.00206324583548783,,0,,,,,0,,,0.00568786689783131,0.108845089272136,,,,,,,0.00343705325911732,0.101180156340299,0,0,,,,,,0.0275268424734617,,,,,,0.000334580405754783,,,,0.00806541553872515,,0,,0.00123693362127526,,,,,,0,0,,0.00610862710506839,,,0.232822337804544,,0,,,0,,0,,,,,,0,0,0.497252385152741
0,0,2005,2005-09-18,218,Ingolstadt,09,Bayern,erststimme,245899,187323,184793,2530,0.761788376528575,csu,0,,,,0,0,,,,,,0,,,,,0,,,0,0,0.658958943250015,0,,,0,,0,,,,,0,,,0.011537233553219,0.025482566980351,,,,,,,0,0.0418901148853041,0,0,,,,,,0.0274631614833895,,,,,,0,,,,0.0148003441688809,,0,,0,,,,,,0,0,,0,,,0.219867635678841,,0,,,0,,0,,,,,,0,0,0.658958943250015
0,0,2005,2005-09-18,218,Ingolstadt,09,Bayern,zweitstimme,245899,187323,184903,2420,0.761788376528575,csu,0,,,,0,0,,,,,,0.00538119987236551,,,,,0.000443475768375851,,,0,0,0.526524718365846,0,,,0.00212543874355743,,0,,,,,0,,,0.0088370659210505,0.076705083205789,,,,,,,0.00243911672606718,0.0574950108976058,0,0,,,,,,0.0315516784476185,,,,,,0.000324494464665257,,,,0.0126228346754785,,0,,0.00191451734152502,,,,,,0,0,,0.0107245420571867,,,0.262910823512869,,0,,,0,,0,,,,,,0,0,0.526524718365846
0,0,2005,2005-09-18,219,München-Nord,09,Bayern,erststimme,202793,152262,150717,1545,0.750824732609114,spd,0,,,,0,0,,,,,,0.00475062534418811,,,,,0.0017250874154873,,,0,0,0.409635276710656,0,,,0,,0,,,,,0,,,0.00800838657881991,0.0482493680208603,,,,,,,0,0.0553155914727602,0,0,,,,,,0.0262677733765932,,,,,,0,,,,0.00885102543176948,,0,,0,,,,,,0,0,,0,,,0.437196865648865,,0,,,0,,0,,,,,,0,0,0.409635276710656
0,0,2005,2005-09-18,219,München-Nord,09,Bayern,zweitstimme,202793,152262,150978,1284,0.750824732609114,spd,0,,,,0,0,,,,,,0.00406681768204639,,,,,0.000894170011524858,,,0,0,0.362330935633006,0,,,0.00188769224655248,,0,,,,,0,,,0.00474903628343202,0.121037502152632,,,,,,,0.004172793387116,0.148147412205752,0,0,,,,,,0.0402840148895866,,,,,,0.000510008080647512,,,,0.00751102809680881,,0,,0.00113261534793149,,,,,,0,0,,0.00417941686868286,,,0.299096557114282,,0,,,0,,0,,,,,,0,0,0.362330935633006
0,0,2005,2005-09-18,220,München-Ost,09,Bayern,erststimme,219413,170380,168298,2082,0.776526459234412,csu,0,,,,0,0,,,,,,0,,,,,0.0064706651297104,,,0,0,0.434152515181404,0,,,0,,0,,,,,0,,,0,0.0751642919107773,,,,,,,0,0.0835422880842316,0,0,,,,,,0.0287169187987974,,,,,,0,,,,0.00928709788589288,,0,,0,,,,,,0,0,,0,,,0.362666223009186,,0,,,0,,0,,,,,,0,0,0.434152515181404
0,0,2005,2005-09-18,220,München-Ost,09,Bayern,zweitstimme,219413,170380,169020,1360,0.776526459234412,csu,0,,,,0,0,,,,,,0.00359720743107325,,,,,0.00144953259969234,,,0,0,0.384753283635073,0,,,0.00178677079635546,,0,,,,,0,,,0.00349662761803337,0.130623594840847,,,,,,,0.00430126612235238,0.136084487042954,0,0,,,,,,0.0364335581587978,,,,,,0.000449650928884156,,,,0.00651402200922968,,0,,0.000875636019405988,,,,,,0,0,,0.00423618506685599,,,0.285398177730446,,0,,,0,,0,,,,,,0,0,0.384753283635073
0,0,2005,2005-09-18,221,München-Süd,09,Bayern,erststimme,200500,154386,152666,1720,0.770004987531172,csu,0,,,,0,0,,,,,,0,,,,,0.00288865890244062,,,0,0,0.43973772811235,0,,,0,,0,,,,,0,,,0.00994327486146228,0.0598299555893257,,,,,,,0,0.0816815793955432,0,0,,,,,,0.0268494622247259,,,,,,0,,,,0.00892798658509426,,0,,0,,,,,,0,0,,0,,,0.370141354329058,,0,,,0,,0,,,,,,0,0,0.43973772811235
0,0,2005,2005-09-18,221,München-Süd,09,Bayern,zweitstimme,200500,154386,153173,1213,0.770004987531172,csu,0,,,,0,0,,,,,,0.00341443988170239,,,,,0.00126001318770279,,,0,0,0.384872007468679,0,,,0.00168436996076332,,0,,,,,0,,,0.00458958171479308,0.119942809764123,,,,,,,0.00469403876662336,0.135121725108211,0,0,,,,,,0.0388645518466048,,,,,,0.000476585298975668,,,,0.00782122175579247,,0,,0.00133835597657551,,,,,,0,0,,0.00390408231215684,,,0.292016216957297,,0,,,0,,0,,,,,,0,0,0.384872007468679
0,0,2005,2005-09-18,222,München-West/Mitte,09,Bayern,erststimme,217460,168905,166997,1908,0.776717557251908,csu,0,,,,0,0,,,,,,0,,,,,0.00228147811038522,,,0,0,0.427079528374761,0,,,0,,0,,,,,0,,,0.0102995862201117,0.0484918890758517,,,,,,,0,0.0789235734773679,0.00223956118972197,0,,,,,,0.0285514111031935,,,,,,0,,,,0.00929358012419385,,0,,0,,,,,,0,0,,0,,,0.392839392324413,,0,,,0,,0,,,,,,0,0,0.427079528374761
0,0,2005,2005-09-18,222,München-West/Mitte,09,Bayern,zweitstimme,217460,168905,167459,1446,0.776717557251908,csu,0,,,,0,0,,,,,,0.00352922207824005,,,,,0.00108086158402952,,,0,0,0.36585671716659,0,,,0.00182731295421566,,0,,,,,0,,,0.0051415570378421,0.118811171689787,,,,,,,0.004102496730543,0.162792086421154,0,0,,,,,,0.0392752852937137,,,,,,0.000382183101535301,,,,0.00720773443051732,,0,,0.00113460608268293,,,,,,0,0,,0.00429358828131065,,,0.284565177147839,,0,,,0,,0,,,,,,0,0,0.36585671716659
0,0,2005,2005-09-18,223,München-Land,09,Bayern,erststimme,226705,189295,187273,2022,0.834983789506186,csu,0,,,,0,0,,,,,,0,,,,,0,,,0,0,0.52689923267102,0,,,0,,0,,,,,0,,,0,0.0621018513079835,,,,,,,0,0.0777207606008341,0,0,,,,,,0.0200242426831417,,,,,,0,,,,0.00979318962156851,,0,,0,,,,,,0,0,,0,,,0.303460723115452,,0,,,0,,0,,,,,,0,0,0.52689923267102
0,0,2005,2005-09-18,223,München-Land,09,Bayern,zweitstimme,226705,189295,187949,1346,0.834983789506186,csu,0,,,,0,0,,,,,,0.00433628271499183,,,,,0.000569303374851689,,,0,0,0.454112551809267,0,,,0.00192073381608841,,0,,,,,0,,,0.00487898312840185,0.145991731799584,,,,,,,0.00401704717769182,0.106507616427861,0,0,,,,,,0.0256771783834977,,,,,,0.00027135020670501,,,,0.00654964910693858,,0,,0.00104283608851337,,,,,,0,0,,0.00455442699881351,,,0.239570308966794,,0,,,0,,0,,,,,,0,0,0.454112551809267
0,0,2005,2005-09-18,224,Rosenheim,09,Bayern,erststimme,222020,173077,170534,2543,0.779555895865237,csu,0,,,,0,0,,,,,,0,,,,,0.00266222571452027,,,0,0,0.602624696541452,0,,,0,,0,,,,,0,,,0,0.0413114100413994,,,,,,,0,0.0712995648961497,0,0,,,,,,0.0210984319842378,,,,,,0,,,,0.0074296034808308,,0,,0,,,,,,0,0,,0.0243411870946556,,,0.219023772385565,,0,,,0,,0.010209107861189,,,,,,0,0,0.602624696541452
0,0,2005,2005-09-18,224,Rosenheim,09,Bayern,zweitstimme,222020,173077,171400,1677,0.779555895865237,csu,0,,,,0,0,,,,,,0.00703033838973162,,,,,0.00175029171528588,,,0,0,0.547322053675613,0,,,0.00208868144690782,,0,,,,,0,,,0.00661610268378063,0.0936056009334889,,,,,,,0.00408401400233372,0.0783955659276546,0,0,,,,,,0.025169194865811,,,,,,0.000379229871645274,,,,0.00694865810968495,,0,,0.00163360560093349,,,,,,0,0,,0.0179638273045508,,,0.207012835472579,,0,,,0,,0,,,,,,0,0,0.547322053675613
0,0,2005,2005-09-18,225,Starnberg,09,Bayern,erststimme,247824,202092,199664,2428,0.815465814448964,csu,0,,,,0,0,,,,,,0,,,,,0,,,0,0,0.596807636829874,0,,,0,,0,,,,,0,,,0,0.0787973795977242,,,,,,,0,0.0743198573603654,0,0,,,,,,0.019322461735716,,,,,,0,,,,0.0111687635227182,,0,,0,,,,,,0,0,,0,,,0.219583900953602,,0,,,0,,0,,,,,,0,0,0.596807636829874
0,0,2005,2005-09-18,225,Starnberg,09,Bayern,zweitstimme,247824,202092,200312,1780,0.815465814448964,csu,0,,,,0,0,,,,,,0.00682934621989696,,,,,0.000504213427053796,,,0,0,0.522499900155757,0,,,0.00173728982786853,,0,,,,,0,,,0.00455788969208036,0.134040896201925,,,,,,,0.00314010144175087,0.0979372179400136,0,0,,,,,,0.0227944406725508,,,,,,0.000304524941091897,,,,0.00726866088901314,,0,,0.0011881464914733,,,,,,0,0,,0.0054564878789089,,,0.191740884220616,,0,,,0,,0,,,,,,0,0,0.522499900155757
0,0,2005,2005-09-18,226,Traunstein,09,Bayern,erststimme,202947,157644,155091,2553,0.77677423169596,csu,0,,,,0,0,,,,,,0,,,,,0,,,0,0,0.638599273974634,0,,,0,,0,,,,,0,,,0,0.0358950551611634,,,,,,,0,0.0605450993287812,0,0,,,,,,0.0264489880134889,,,,,,0,,,,0.0153006944310115,,0,,0.00667994919112005,,,,,,0,0,,0,,,0.216530939899801,,0,,,0,,0,,,,,,0,0,0.638599273974634
0,0,2005,2005-09-18,226,Traunstein,09,Bayern,zweitstimme,202947,157644,155907,1737,0.77677423169596,csu,0,,,,0,0,,,,,,0.00745316117942107,,,,,0.000801760023603815,,,0,0,0.575253195815454,0,,,0.00208457606136992,,0,,,,,0,,,0.00610620433976666,0.0823824459453392,,,,,,,0.00293764872648438,0.0710166958507315,0,0,,,,,,0.0278306939393356,,,,,,0.000327118089630357,,,,0.0112374684908311,,0,,0.00347643146234614,,,,,,0,0,,0.011391406415363,,,0.197701193660323,,0,,,0,,0,,,,,,0,0,0.575253195815454
0,0,2005,2005-09-18,227,Weilheim,09,Bayern,erststimme,244362,195607,193033,2574,0.800480434764816,csu,0,,,,0,0,,,,,,0.0194474519900742,,,,,0,,,0,0,0.594489025192584,0,,,0,,0,,,,,0,,,0,0.0474841089347417,,,,,,,0,0.0780591919516352,0,0,,,,,,0.0262545782327374,,,,,,0,,,,0.0118010910051649,,0,,0,,,,,,0,0,,0,,,0.213585241901644,,0,,,0,,0,,,,,,0,0.00887931079141909,0.594489025192584
0,0,2005,2005-09-18,227,Weilheim,09,Bayern,zweitstimme,244362,195607,193727,1880,0.800480434764816,csu,0,,,,0,0,,,,,,0.0118517294956304,,,,,0.000572971243037883,,,0,0,0.537023749916119,0,,,0.00206476123617255,,0,,,,,0,,,0.00658142644030001,0.10686171777811,,,,,,,0.00284420860282769,0.0847842582603354,0,0,,,,,,0.0284111146097343,,,,,,0.000407790344144079,,,,0.00841390203740315,,0,,0.00191506604655004,,,,,,0,0,,0.00635946460741146,,,0.201907839382223,,0,,,0,,0,,,,,,0,0,0.537023749916119
0,0,2005,2005-09-18,228,Deggendorf,09,Bayern,erststimme,154154,109196,107467,1729,0.708356578486449,csu,0,,,,0,0,,,,,,0,,,,,0,,,0,0,0.610001209673667,0,,,0,,0,,,,,0,,,0,0.0577479598388343,,,,,,,0,0.0298138033070617,0,0,,,,,,0.0335265709473606,,,,,,0,,,,0.0308280681511534,,0,,0,,,,,,0,0,,0,,,0.238082388081923,,0,,,0,,0,,,,,,0,0,0.610001209673667
0,0,2005,2005-09-18,228,Deggendorf,09,Bayern,zweitstimme,154154,109196,107972,1224,0.708356578486449,csu,0,,,,0,0,,,,,,0.00879857740895788,,,,,0.000398251398510725,,,0,0,0.576584670099655,0,,,0.00286185307301893,,0,,,,,0,,,0.00664987218908606,0.0790019634720113,,,,,,,0.00234320008891194,0.0374263697995777,0,0,,,,,,0.0374634164412996,,,,,,0.000314896454636387,,,,0.0219501352202423,,0,,0.00188937872781832,,,,,,0,0,,0.0195328418478865,,,0.204784573778387,,0,,,0,,0,,,,,,0,0,0.576584670099655
0,0,2005,2005-09-18,229,Landshut,09,Bayern,erststimme,242102,186087,182675,3412,0.768630577194736,csu,0,,,,0,0,,,,,,0,,,,,0,,,0,0,0.589560695223758,0,,,0,,0,,,,,0,,,0,0.0705898453537704,,,,,,,0,0.0669111810592583,0,0,,,,,,0.0284384836458191,,,,,,0,,,,0.0225427672095251,,0,,0,,,,,,0,0,,0,,,0.221957027507869,,0,,,0,,0,,,,,,0,0,0.589560695223758
0,0,2005,2005-09-18,229,Landshut,09,Bayern,zweitstimme,242102,186087,184002,2085,0.768630577194736,csu,0,,,,0,0,,,,,,0.00740752817904153,,,,,0.000673905718416104,,,0,0,0.554466799273921,0,,,0.00242388669688373,,0,,,,,0,,,0.00747817958500451,0.092455516787861,,,,,,,0.00280975206791231,0.0599939131096401,0,0,,,,,,0.0303420614993315,,,,,,0.000336952859208052,,,,0.0157933065944935,,0,,0.001266290583798,,,,,,0,0,,0.00833143118009587,,,0.216220475864393,,0,,,0,,0,,,,,,0,0,0.554466799273921
0,0,2005,2005-09-18,230,Passau,09,Bayern,erststimme,184728,132420,130300,2120,0.716837728985319,csu,0,,,,0,0,,,,,,0,,,,,0,,,0,0,0.585080583269378,0,,,0,,0,,,,,0,,,0,0.0992095165003837,,,,,,,0,0.0493399846508058,0,0,,,,,,0.0317881811204912,,,,,,0,,,,0.0214965464313124,,0,,0,,,,,,0,0,,0,,,0.213085188027629,,0,,,0,,0,,,,,,0,0,0.585080583269378
0,0,2005,2005-09-18,230,Passau,09,Bayern,zweitstimme,184728,132420,130998,1422,0.716837728985319,csu,0,,,,0,0,,,,,,0.00703064168918609,,,,,0.000625963755171835,,,0,0,0.548703033634101,0,,,0.00217560573443869,,0,,,,,0,,,0.00596192308279516,0.0923296538878456,,,,,,,0.00290844135024962,0.0497412174231668,0,0,,,,,,0.0348936624986641,,,,,,0.000282447060260462,,,,0.0153819142276981,,0,,0.00138933418830822,,,,,,0,0,,0.00958793264019298,,,0.228988228827921,,0,,,0,,0,,,,,,0,0,0.548703033634101
0,0,2005,2005-09-18,231,Rottal-Inn,09,Bayern,erststimme,161553,119605,116295,3310,0.740345273687273,csu,0,,,,0,0,,,,,,0,,,,,0.0133625693280021,,,0,0,0.649580807429382,0,,,0,,0,,,,,0,,,0,0.0463476503718991,,,,,,,0,0.0399243303667398,0,0,,,,,,0,,,,,,0,,,,0.0287974547486994,,0,,0,,,,,,0,0,,0,,,0.221987187755278,,0,,,0,,0,,,,,,0,0,0.649580807429382
0,0,2005,2005-09-18,231,Rottal-Inn,09,Bayern,zweitstimme,161553,119605,117722,1883,0.740345273687273,csu,0,,,,0,0,,,,,,0.00693158458062214,,,,,0.00250590373931806,,,0,0,0.604772260070335,0,,,0.00279471976351064,,0,,,,,0,,,0.00685513328010058,0.0738519563038345,,,,,,,0.0023275173714344,0.0411902618032313,0,0,,,,,,0.02519495081633,,,,,,0.000458707803129407,,,,0.0204294864171523,,0,,0.0010193506736209,,,,,,0,0,,0.0130476886223476,,,0.198620478755033,,0,,,0,,0,,,,,,0,0,0.604772260070335
0,0,2005,2005-09-18,232,Straubing,09,Bayern,erststimme,172616,127264,125289,1975,0.737266533809149,csu,0,,,,0,0,,,,,,0,,,,,0,,,0,0,0.679963923409078,0,,,0,,0,,,,,0,,,0,0.0336023114559139,,,,,,,0,0.0304336374302612,0,0,,,,,,0.029779150603804,,,,,,0,,,,0.0270574431913416,,0,,0,,,,,,0,0,,0,,,0.199163533909601,,0,,,0,,0,,,,,,0,0,0.679963923409078
0,0,2005,2005-09-18,232,Straubing,09,Bayern,zweitstimme,172616,127264,125686,1578,0.737266533809149,csu,0,,,,0,0,,,,,,0.00779720891746097,,,,,0.000413729452763235,,,0,0,0.595078210779244,0,,,0.00293588784749296,,0,,,,,0,,,0.0081075060070334,0.0737711439619369,,,,,,,0.00262559075792053,0.0332893082761803,0,0,,,,,,0.034148592524227,,,,,,0.000381904110242987,,,,0.0209012937001735,,0,,0.00102636729627803,,,,,,0,0,,0.0132075171459033,,,0.206315739223143,,0,,,0,,0,,,,,,0,0,0.595078210779244
0,0,2005,2005-09-18,233,Amberg,09,Bayern,erststimme,213156,166438,163457,2981,0.780827187599692,csu,0,,,,0,0,,,,,,0.0128045908098154,,,,,0,,,0,0,0.588374924292016,0,,,0,,0,,,,,0,,,0,0.0437179196975351,,,,,,,0,0.0495176101359991,0,0,,,,,,0.0312620444520577,,,,,,0,,,,0.0221281437931688,,0,,0,,,,,,0,0,,0,,,0.252194766819408,,0,,,0,,0,,,,,,0,0,0.588374924292016
0,0,2005,2005-09-18,233,Amberg,09,Bayern,zweitstimme,213156,166438,163997,2441,0.780827187599692,csu,0,,,,0,0,,,,,,0.00764648133807326,,,,,0.000689036994579169,,,0,0,0.525344975822728,0,,,0.00282932004853747,,0,,,,,0,,,0.00798185332658524,0.0743001396367007,,,,,,,0.00265248754550388,0.0531351183253352,0,0,,,,,,0.0350372262907248,,,,,,0.000353665006067184,,,,0.0199454868076855,,0,,0.00270126892565108,,,,,,0,0,,0.0067806118404605,,,0.260602328091368,,0,,,0,,0,,,,,,0,0,0.525344975822728
0,0,2005,2005-09-18,234,Regensburg,09,Bayern,erststimme,236419,180592,178124,2468,0.763864156434128,csu,0,,,,0,0,,,,,,0.0131706002560014,,,,,0.00266106757090566,,,0,0,0.529720868608385,0,,,0,,0,,,,,0,,,0.0152141205003256,0.0471132469515618,,,,,,,0,0.0626080707821518,0,0,,,,,,0.0298050796074645,,,,,,0,,,,0.0158260537603018,,0,,0,,,,,,0,0,,0,,,0.283880891962902,,0,,,0,,0,,,,,,0,0,0.529720868608385
0,0,2005,2005-09-18,234,Regensburg,09,Bayern,zweitstimme,236419,180592,178513,2079,0.763864156434128,csu,0,,,,0,0,,,,,,0.00830751821996157,,,,,0.00105314458890949,,,0,0,0.483751883616319,0,,,0.00208388184614006,,0,,,,,0,,,0.00932144997843294,0.0896237248827817,,,,,,,0.00227434416541092,0.0852038787091136,0,0,,,,,,0.0362046461602236,,,,,,0.000341711808103612,,,,0.0139373603042916,,0,,0.00103073725723057,,,,,,0,0,,0.00632446936637668,,,0.260541249096704,,0,,,0,,0,,,,,,0,0,0.483751883616319
0,0,2005,2005-09-18,235,Schwandorf,09,Bayern,erststimme,215477,160516,157731,2785,0.744933333952116,csu,0,,,,0,0,,,,,,0,,,,,0,,,0,0,0.581458305596237,0,,,0,,0,,,,,0,,,0,0.0302603800140746,,,,,,,0,0.030811951994218,0,0,,,,,,0.0336015114340238,,,,,,0,,,,0.0291635759616055,,0,,0,,,,,,0,0,,0,,,0.281371448859134,,0,,,0,,0,,,,,,0,0.0133328261407079,0.581458305596237
0,0,2005,2005-09-18,235,Schwandorf,09,Bayern,zweitstimme,215477,160516,158005,2511,0.744933333952116,csu,0,,,,0,0,,,,,,0.00770861681592355,,,,,0.000556944400493655,,,0,0,0.533957786146008,0,,,0.00263282807506092,,0,,,,,0,,,0.00835416600740483,0.0697699439891143,,,,,,,0.0023037245656783,0.0382582829657289,0,0,,,,,,0.0375747602923958,,,,,,0.000405050473086295,,,,0.023746083984684,,0,,0.00156324166956742,,,,,,0,0,,0.0102718268409228,,,0.262896743773931,,0,,,0,,0,,,,,,0,0,0.533957786146008
0,0,2005,2005-09-18,236,Weiden,09,Bayern,erststimme,172807,134636,132396,2240,0.77911195727025,csu,0,,,,0,0,,,,,,0.00953956312879543,,,,,0,,,0,0,0.48422913078945,0,,,0,,0,,,,,0,,,0,0.0282108220792169,,,,,,,0,0.0237318347986344,0,0,,,,,,0.0262621227227409,,,,,,0,,,,0.0171530861959576,,0,,0,,,,,,0,0,,0,,,0.275340644732469,,0,,,0,,0,,,,,,0,0.135532795552736,0.48422913078945
0,0,2005,2005-09-18,236,Weiden,09,Bayern,zweitstimme,172807,134636,132160,2476,0.77911195727025,csu,0,,,,0,0,,,,,,0.00879237288135593,,,,,0.000628026634382567,,,0,0,0.507074757869249,0,,,0.003215799031477,,0,,,,,0,,,0.00778601694915254,0.0639981840193705,,,,,,,0.00249697336561743,0.0389603510895884,0,0,,,,,,0.036047215496368,,,,,,0.000416162227602906,,,,0.0205962469733656,,0,,0.00145278450363196,,,,,,0,0,,0.00758928571428571,,,0.300945823244552,,0,,,0,,0,,,,,,0,0,0.507074757869249
0,0,2005,2005-09-18,237,Bamberg,09,Bayern,erststimme,173588,135999,133433,2566,0.783458534000046,csu,0,,,,0,0,,,,,,0,,,,,0,,,0,0,0.573591240547691,0,,,0,,0,,,,,0,,,0,0.053487518080235,,,,,,,0,0.1032877923752,0,0,,,,,,0,,,,,,0,,,,0.0314839657356126,,0,,0,,,,,,0,0,,0,,,0.238149483261262,,0,,,0,,0,,,,,,0,0,0.573591240547691
0,0,2005,2005-09-18,237,Bamberg,09,Bayern,zweitstimme,173588,135999,134532,1467,0.783458534000046,csu,0,,,,0,0,,,,,,0.00375375375375375,,,,,0.000661552641750662,,,0,0,0.505307287485505,0,,,0.00273540867600274,,0,,,,,0,,,0.00660809324175661,0.0906029792168406,,,,,,,0.00287663901525288,0.0772009633395772,0,0,,,,,,0.034950792376535,,,,,,0.000854815211250855,,,,0.0172375345642672,,0,,0.00244551482175245,,,,,,0,0,,0.0168138435465168,,,0.237950822109238,,0,,,0,,0,,,,,,0,0,0.505307287485505
0,0,2005,2005-09-18,238,Bayreuth,09,Bayern,erststimme,165436,128398,126489,1909,0.776118861674605,csu,0,,,,0,0,,,,,,0,,,,,0,,,0,0,0.560744412557614,0,,,0,,0,,,,,0,,,0,0.0529927503577386,,,,,,,0,0.0426598360331728,0,0,,,,,,0.0301053846579545,,,,,,0,,,,0.0191400042691459,,0,,0.00696503253247318,,,,,,0,0,,0,,,0.287392579591901,,0,,,0,,0,,,,,,0,0,0.560744412557614
0,0,2005,2005-09-18,238,Bayreuth,09,Bayern,zweitstimme,165436,128398,127002,1396,0.776118861674605,csu,0,,,,0,0,,,,,,0.00202359017968221,,,,,0.00035432512873813,,,0,0,0.480984551424387,0,,,0.00247240200941717,,0,,,,,0,,,0.00518102077132644,0.0909985669517016,,,,,,,0.00275586211240768,0.061432103431442,0,0,,,,,,0.0342907985701013,,,,,,0.000338577345238658,,,,0.0141887529330247,,0,,0.00418103651910994,,,,,,0,0,,0.0164091904064503,,,0.284389222216973,,0,,,0,,0,,,,,,0,0,0.480984551424387
0,0,2005,2005-09-18,239,Coburg,09,Bayern,erststimme,164542,128079,125688,2391,0.778397005019995,csu,0,,,,0,0,,,,,,0,,,,,0,,,0,0,0.519954172236013,0,,,0,,0,,,,,0,,,0,0.0382136719495895,,,,,,,0,0.0523518553879448,0,0,,,,,,0.0324056393609573,,,,,,0,,,,0.0252609636560372,,0,,0,,,,,,0,0,,0,,,0.331813697409458,,0,,,0,,0,,,,,,0,0,0.519954172236013
0,0,2005,2005-09-18,239,Coburg,09,Bayern,zweitstimme,164542,128079,126458,1621,0.778397005019995,csu,0,,,,0,0,,,,,,0.0017713391007291,,,,,0.000450742539024815,,,0,0,0.454506634613864,0,,,0.00270445523414889,,0,,,,,0,,,0.00567777443894416,0.0818295402426102,,,,,,,0.00244349902734505,0.0511474165335526,0,0,,,,,,0.0374195385029022,,,,,,0.00078286862041152,,,,0.0228218064495722,,0,,0.00247513008271521,,,,,,0,0,,0.00628667225481978,,,0.32968258235936,,0,,,0,,0,,,,,,0,0,0.454506634613864
0,0,2005,2005-09-18,240,Hof,09,Bayern,erststimme,186643,141563,139160,2403,0.758469377367488,csu,0,,,,0,0,,,,,,0,,,,,0,,,0,0,0.501494682379994,0,,,0,,0,,,,,0,,,0,0.0330626616843921,,,,,,,0,0.0332207530899684,0,0,,,,,,0.0380066110951423,,,,,,0,,,,0.0231675768899109,,0,,0,,,,,,0,0,,0,,,0.371047714860592,,0,,,0,,0,,,,,,0,0,0.501494682379994
0,0,2005,2005-09-18,240,Hof,09,Bayern,zweitstimme,186643,141563,139326,2237,0.758469377367488,csu,0,,,,0,0,,,,,,0.0035599959806497,,,,,0.000703386302628368,,,0,0,0.44098732469173,0,,,0.00277048074300561,,0,,,,,0,,,0.00699079855877582,0.0826766002038385,,,,,,,0.00368201197192197,0.0502490561704205,0,0,,,,,,0.0438180956892468,,,,,,0.000337338328811564,,,,0.0187258659546675,,0,,0.00579217087980707,,,,,,0,0,,0.0101991013881113,,,0.329507773136385,,0,,,0,,0,,,,,,0,0,0.44098732469173
0,0,2005,2005-09-18,241,Kulmbach,09,Bayern,erststimme,173566,137658,134967,2691,0.793116163303873,csu,0,,,,0,0,,,,,,0,,,,,0,,,0,0,0.600450480487823,0,,,0,,0,,,,,0,,,0,0.0369794097816503,,,,,,,0,0.0387205761408344,0,0,,,,,,0.0319189135121919,,,,,,0,,,,0.0314224958693607,,0,,0,,,,,,0,0,,0,,,0.26050812420814,,0,,,0,,0,,,,,,0,0,0.600450480487823
0,0,2005,2005-09-18,241,Kulmbach,09,Bayern,zweitstimme,173566,137658,135745,1913,0.793116163303873,csu,0,,,,0,0,,,,,,0.00346237430476261,,,,,0.000633540830233158,,,0,0,0.517521824008251,0,,,0.00271833216693064,,0,,,,,0,,,0.00679214704040665,0.0764963718737339,,,,,,,0.00233526096725478,0.047036723267892,0,0,,,,,,0.0359202917234521,,,,,,0.000464105491914988,,,,0.0234631109801466,,0,,0.00291723452060849,,,,,,0,0,,0.0134664260193746,,,0.266772256805039,,0,,,0,,0,,,,,,0,0,0.517521824008251
0,0,2005,2005-09-18,242,Ansbach,09,Bayern,erststimme,242756,187535,184343,3192,0.772524674982287,csu,0,,,,0,0,,,,,,0,,,,,0,,,0,0,0.542955251894566,0,,,0,,0,,,,,0,,,0,0.0405494106095702,,,,,,,0,0.0534384272795821,0,0,,,,,,0.028050970202286,,,,,,0,,,,0.0228541360398822,,0,,0.0120102200788747,,,,,,0,0,,0,,,0.300141583895239,,0,,,0,,0,,,,,,0,0,0.542955251894566
0,0,2005,2005-09-18,242,Ansbach,09,Bayern,zweitstimme,242756,187535,185107,2428,0.772524674982287,csu,0,,,,0,0,,,,,,0.00218792374140362,,,,,0.000545630365140162,,,0,0,0.470273949661547,0,,,0.00315493201229559,,0,,,,,0,,,0.00672043736865705,0.0779765216874564,,,,,,,0.00280918603834539,0.0719961967942866,0,0,,,,,,0.0353147098705073,,,,,,0.000545630365140162,,,,0.0165471862220229,,0,,0.00801158249012733,,,,,,0,0,,0.0134084610522563,,,0.290507652330814,,0,,,0,,0,,,,,,0,0,0.470273949661547
0,0,2005,2005-09-18,243,Erlangen,09,Bayern,erststimme,172655,139877,138407,1470,0.810153195679245,csu,0,,,,0,0,,,,,,0,,,,,0.00344635748191927,,,0,0,0.474051167932258,0,,,0,,0,,,,,0,,,0,0.0354967595569588,,,,,,,0,0.0520421654974098,0,0,,,,,,0.0224916369836786,,,,,,0,,,,0.012997897505184,,0,,0.00407493840629448,,,,,,0,0,,0,,,0.395399076636297,,0,,,0,,0,,,,,,0,0,0.474051167932258
0,0,2005,2005-09-18,243,Erlangen,09,Bayern,zweitstimme,172655,139877,138396,1481,0.810153195679245,csu,0,,,,0,0,,,,,,0.00201595421833001,,,,,0.00122835920113298,,,0,0,0.414535102170583,0,,,0.00184976444405908,,0,,,,,0,,,0.00502182143992601,0.0952628688690425,,,,,,,0.00293361079799994,0.106383132460476,0,0,,,,,,0.0330500881528368,,,,,,0.000491343680453192,,,,0.0112214225844678,,0,,0.00315760571114772,,,,,,0,0,,0.00468221624902454,,,0.318166710020521,,0,,,0,,0,,,,,,0,0,0.414535102170583
0,0,2005,2005-09-18,244,Fürth,09,Bayern,erststimme,245961,190859,187739,3120,0.775972613544424,csu,0,,,,0,0,,,,,,0,,,,,0,,,0,0,0.490132577674325,0,,,0,,0,,,,,0,,,0,0.0420583895727579,,,,,,,0,0.0549646051166779,0,0,,,,,,0.0421489408167722,,,,,,0,,,,0.0243955704462046,,0,,0,,,,,,0,0,,0,,,0.346299916373263,,0,,,0,,0,,,,,,0,0,0.490132577674325
0,0,2005,2005-09-18,244,Fürth,09,Bayern,zweitstimme,245961,190859,188441,2418,0.775972613544424,csu,0,,,,0,0,,,,,,0.00219166741844928,,,,,0.000551896880190617,,,0,0,0.422668103013675,0,,,0.00253660296856841,,0,,,,,0,,,0.00704199192320143,0.0865894364814451,,,,,,,0.00356079621738369,0.0804495836893245,0,0,,,,,,0.0418327221782945,,,,,,0.000642110793298698,,,,0.0179048084015687,,0,,0.00416045340451388,,,,,,0,0,,0.00858093514680988,,,0.321288891483276,,0,,,0,,0,,,,,,0,0,0.422668103013675
0,0,2005,2005-09-18,245,Nürnberg-Nord,09,Bayern,erststimme,183712,139713,137984,1729,0.760500130639262,csu,0,,,,0,0,,,,,,0.0065732258812616,,,,,0,,,0,0,0.41973707096475,0,,,0,,0,,,,,0,,,0,0.0385334531539889,,,,,,,0,0.0715880102040816,0,0,,,,,,0.0418889146567718,,,,,,0.00157989332096475,,,,0.016545396567718,,0,,0.00462372448979592,,,,,,0,0,,0,,,0.398930310760668,,0,,,0,,0,,,,,,0,0,0.41973707096475
0,0,2005,2005-09-18,245,Nürnberg-Nord,09,Bayern,zweitstimme,183712,139713,138213,1500,0.760500130639262,csu,0,,,,0,0,,,,,,0.00309666963310253,,,,,0.00055711112558153,,,0,0,0.35911238450797,0,,,0.00225738534001867,,0,,,,,0,,,0.00403001164868717,0.0902664727630541,,,,,,,0.0044496537952291,0.124597541475838,0,0,,,,,,0.0519343332392756,,,,,,0.00116486871712502,,,,0.0140652471185778,,0,,0.00333543154406604,,,,,,0,0,,0.00501400013023377,,,0.336118888961241,,0,,,0,,0,,,,,,0,0,0.35911238450797
0,0,2005,2005-09-18,246,Nürnberg-Süd,09,Bayern,erststimme,183616,137634,135288,2346,0.749575200418264,csu,0,,,,0,0,,,,,,0.00963130506770741,,,,,0,,,0,0,0.439876411802968,0,,,0,,0,,,,,0,,,0,0.0401587723966649,,,,,,,0,0.0547794335048194,0,0,,,,,,0.0393235172373012,,,,,,0,,,,0.0219383833008101,,0,,0.00606114363432086,,,,,,0,0,,0,,,0.388231033055408,,0,,,0,,0,,,,,,0,0,0.439876411802968
0,0,2005,2005-09-18,246,Nürnberg-Süd,09,Bayern,zweitstimme,183616,137634,135637,1997,0.749575200418264,csu,0,,,,0,0,,,,,,0.00437933602188194,,,,,0.000545573847843877,,,0,0,0.400827207915244,0,,,0.00223390372833371,,0,,,,,0,,,0.00495440034798764,0.0758273922307335,,,,,,,0.00438670864144739,0.074787852872004,0,0,,,,,,0.0486224260341942,,,,,,0.000921577445682225,,,,0.0173846369353495,,0,,0.00419502053274549,,,,,,0,0,,0.00760117077198699,,,0.353332792674565,,0,,,0,,0,,,,,,0,0,0.400827207915244
0,0,2005,2005-09-18,247,Roth,09,Bayern,erststimme,223294,183237,179610,3627,0.820608704219549,csu,0,,,,0,0,,,,,,0,,,,,0,,,0,0,0.51017760703747,0,,,0,,0,,,,,0,,,0,0.0443627860364122,,,,,,,0,0.0532097321975391,0,0,,,,,,0.0306831468181059,,,,,,0,,,,0.0179667056399978,,0,,0.00800066811424754,,,,,,0,0,,0,,,0.335599354156227,,0,,,0,,0,,,,,,0,0,0.51017760703747
0,0,2005,2005-09-18,247,Roth,09,Bayern,zweitstimme,223294,183237,180614,2623,0.820608704219549,csu,0,,,,0,0,,,,,,0.00207625101044216,,,,,0.000398640194004894,,,0,0,0.45280543036531,0,,,0.00245828119636352,,0,,,,,0,,,0.00517678585270245,0.0789196850742467,,,,,,,0.0027018946482554,0.0739643659959915,0,0,,,,,,0.0350637270643472,,,,,,0.000420786871449611,,,,0.0139967001450607,,0,,0.00482243901358699,,,,,,0,0,,0.00671597993511024,,,0.320479032633129,,0,,,0,,0,,,,,,0,0,0.45280543036531
0,0,2005,2005-09-18,248,Aschaffenburg,09,Bayern,erststimme,182224,144283,141096,3187,0.791789226446571,csu,0,,,,0,0,,,,,,0,,,,,0,,,0,0,0.524160855020695,0,,,0,,0,,,,,0,,,0,0.0488816125191359,,,,,,,0,0.114142144355616,0,0,,,,,,0.0299583262459602,,,,,,0,,,,0.0184342575267903,,0,,0,,,,,,0,0,,0,,,0.264422804331802,,0,,,0,,0,,,,,,0,0,0.524160855020695
0,0,2005,2005-09-18,248,Aschaffenburg,09,Bayern,zweitstimme,182224,144283,141696,2587,0.791789226446571,csu,0,,,,0,0,,,,,,0.00237833107497742,,,,,0.000649277326106594,,,0,0,0.469794489611563,0,,,0.00291469060523939,,0,,,,,0,,,0.0074243450767841,0.105034722222222,,,,,,,0.00306995257452575,0.0779838527551942,0,0,,,,,,0.0349480578139115,,,,,,0.00107271906052394,,,,0.0113411811201445,,0,,0.00139735772357724,,,,,,0,0,,0.0153427055103884,,,0.266648317524842,,0,,,0,,0,,,,,,0,0,0.469794489611563
0,0,2005,2005-09-18,249,Bad Kissingen,09,Bayern,erststimme,220582,175290,171852,3438,0.794670462685079,csu,0,,,,0,0,,,,,,0,,,,,0,,,0,0,0.574750366594512,0,,,0,,0,,,,,0,,,0,0.04525987477597,,,,,,,0,0.0613260247189442,0,0,,,,,,0.0434385401391895,,,,,,0,,,,0.0246607546027978,,0,,0.00683727858855294,,,,,,0,0,,0,,,0.243727160580034,,0,,,0,,0,,,,,,0,0,0.574750366594512
0,0,2005,2005-09-18,249,Bad Kissingen,09,Bayern,zweitstimme,220582,175290,172548,2742,0.794670462685079,csu,0,,,,0,0,,,,,,0.00219069476319633,,,,,0.000498412036071122,,,0,0,0.531127570299279,0,,,0.00318172334654705,,0,,,,,0,,,0.00691981361708046,0.0920787259197441,,,,,,,0.00255581055706238,0.055903284883047,0,0,,,,,,0.0488096066022208,,,,,,0.000556366923986369,,,,0.0188063611284976,,0,,0.00349467974128938,,,,,,0,0,,0.0156536152259082,,,0.21822333495607,,0,,,0,,0,,,,,,0,0,0.531127570299279
0,0,2005,2005-09-18,250,Main-Spessart,09,Bayern,erststimme,197707,158422,155250,3172,0.801296868598482,csu,0,,,,0,0,,,,,,0,,,,,0,,,0,0,0.567929146537842,0,,,0,,0,,,,,0,,,0,0.0393107890499195,,,,,,,0,0.0592721417069243,0,0,,,,,,0,,,,,,0,,,,0.0117294685990338,,0,,0.00606119162640902,,,,,,0,0,,0.0218357487922705,,,0.287851851851852,,0,,,0,,0.00600966183574879,,,,,,0,0,0.567929146537842
0,0,2005,2005-09-18,250,Main-Spessart,09,Bayern,zweitstimme,197707,158422,155837,2585,0.801296868598482,csu,0,,,,0,0,,,,,,0.00198925800676348,,,,,0.000795703202705391,,,0,0,0.501556113118194,0,,,0.00299030397145736,,0,,,,,0,,,0.00648113092526165,0.0853263345675289,,,,,,,0.00279779513209315,0.066344963006218,0,0,,,,,,0.0314816121973601,,,,,,0.000539024750219781,,,,0.0107804950043956,,0,,0.00306730750720304,,,,,,0,0,,0.0174413008463972,,,0.268408657764202,,0,,,0,,0,,,,,,0,0,0.501556113118194
0,0,2005,2005-09-18,251,Schweinfurt,09,Bayern,erststimme,198245,156430,153451,2979,0.789074125450831,csu,0,,,,0,0,,,,,,0,,,,,0,,,0,0,0.540817589979863,0,,,0,,0,,,,,0,,,0,0.0422480140240207,,,,,,,0,0.0508110080742387,0,0,,,,,,0.0641768382089397,,,,,,0,,,,0.0221373598086686,,0,,0,,,,,,0,0,,0,,,0.279809189904269,,0,,,0,,0,,,,,,0,0,0.540817589979863
0,0,2005,2005-09-18,251,Schweinfurt,09,Bayern,zweitstimme,198245,156430,153982,2448,0.789074125450831,csu,0,,,,0,0,,,,,,0.00235741839955319,,,,,0.000539024041771116,,,0,0,0.480452260653843,0,,,0.00324713278175371,,0,,,,,0,,,0.00678001324830175,0.0865036173059189,,,,,,,0.00295489083139588,0.0665792105570781,0,0,,,,,,0.0531101037783637,,,,,,0.00083126599212895,,,,0.0132288189528646,,0,,0.00300035069034043,,,,,,0,0,,0.0213661337039394,,,0.259049759062748,,0,,,0,,0,,,,,,0,0,0.480452260653843
0,0,2005,2005-09-18,252,Würzburg,09,Bayern,erststimme,222087,178409,175783,2626,0.803329325894807,csu,0,,,,0,0,,,,,,0,,,,,0,,,0,0,0.471689526290938,0,,,0,,0,,,,,0,,,0,0.0491287553403913,,,,,,,0,0.0862256304648345,0,0,,,,,,0.0326311418055216,,,,,,0,,,,0.00531905815693213,,0,,0.00705984082647355,,,,,,0,0,,0.0252811705341245,,,0.322664876580784,,0,,,0,,0,,,,,,0,0,0.471689526290938
0,0,2005,2005-09-18,252,Würzburg,09,Bayern,zweitstimme,222087,178409,176271,2138,0.803329325894807,csu,0,,,,0,0,,,,,,0.00197423285736168,,,,,0.000544615960651497,,,0,0,0.427858241003909,0,,,0.00242240640831447,,0,,,,,0,,,0.00557096743083094,0.0960906785574485,,,,,,,0.0034832729150002,0.111765406674949,0,0,,,,,,0.0386960986208735,,,,,,0.000397115804641716,,,,0.00526462095296447,,0,,0.00294433003727215,,,,,,0,0,,0.0236907942883401,,,0.279297218487443,,0,,,0,,0,,,,,,0,0,0.427858241003909
0,0,2005,2005-09-18,253,Augsburg-Stadt,09,Bayern,erststimme,203162,149458,146843,2615,0.735659227611463,csu,0,,,,0,0,,,,,,0,,,,,0.00597236504293702,,,0,0,0.492253631429486,0,,,0,,0,,,,,0,,,0,0.0503462882125808,,,,,,,0,0.118916121299619,0,0,,,,,,0.0359567701558808,,,,,,0,,,,0.0153701572427695,,0,,0,,,,,,0,0,,0,,,0.281184666616727,,0,,,0,,0,,,,,,0,0,0.492253631429486
0,0,2005,2005-09-18,253,Augsburg-Stadt,09,Bayern,zweitstimme,203162,149458,147128,2330,0.735659227611463,csu,0,,,,0,0,,,,,,0.00309254526670654,,,,,0.00169920069599261,,,0,0,0.443729269751509,0,,,0.00243325539666141,,0,,,,,0,,,0.00463541949866783,0.0912606709803708,,,,,,,0.00333043336414551,0.105058180631831,0,0,,,,,,0.041134250448589,,,,,,0.000788429122940569,,,,0.0109904301016802,,0,,0.00239927138274156,,,,,,0,0,,0.00976700560056549,,,0.279681637757599,,0,,,0,,0,,,,,,0,0,0.443729269751509
0,0,2005,2005-09-18,254,Augsburg-Land,09,Bayern,erststimme,236590,191577,188526,3051,0.809742592670865,csu,0,,,,0,0,,,,,,0,,,,,0,,,0,0,0.59915343241781,0,,,0,,0,,,,,0,,,0,0.0576366124566373,,,,,,,0,0.0697993910654233,0,0,,,,,,0.0265586709525477,,,,,,0,,,,0.0183953406957131,,0,,0,,,,,,0,0,,0,,,0.221741298282465,,0,,,0,,0,,,,,,0,0.0067152541294039,0.59915343241781
0,0,2005,2005-09-18,254,Augsburg-Land,09,Bayern,zweitstimme,236590,191577,189416,2161,0.809742592670865,csu,0,,,,0,0,,,,,,0.00499957764919542,,,,,0.000760231448240909,,,0,0,0.52956455632048,0,,,0.00259217806309921,,0,,,,,0,,,0.00628246821810196,0.101200532162014,,,,,,,0.00325738058031001,0.0742651096000338,0,0,,,,,,0.0292319550618744,,,,,,0.000464585885036111,,,,0.0124118342695443,,0,,0.00219622418380707,,,,,,0,0,,0.0125332601258605,,,0.220240106432403,,0,,,0,,0,,,,,,0,0,0.52956455632048
0,0,2005,2005-09-18,255,Donau-Ries,09,Bayern,erststimme,187610,147222,144613,2609,0.784723628804435,csu,0,,,,0,0,,,,,,0,,,,,0,,,0,0,0.606722770428661,0,,,0,,0,,,,,0,,,0,0.0618893183876968,,,,,,,0,0.0563849723053944,0,0,,,,,,0.026850974670327,,,,,,0,,,,0.0214918437484873,,0,,0,,,,,,0,0,,0,,,0.226660120459433,,0,,,0,,0,,,,,,0,0,0.606722770428661
0,0,2005,2005-09-18,255,Donau-Ries,09,Bayern,zweitstimme,187610,147222,145504,1718,0.784723628804435,csu,0,,,,0,0,,,,,,0.00428166923246096,,,,,0.00054981306355839,,,0,0,0.569365790631185,0,,,0.00293462722674291,,0,,,,,0,,,0.00658401143611172,0.0831867165163844,,,,,,,0.00261161205190235,0.0512906861667033,0,0,,,,,,0.0272157466461403,,,,,,0.000467341104024632,,,,0.01400648779415,,0,,0.00213739828458324,,,,,,0,0,,0.0149136793490213,,,0.220454420497031,,0,,,0,,0,,,,,,0,0,0.569365790631185
0,0,2005,2005-09-18,256,Neu-Ulm,09,Bayern,erststimme,232818,179115,175904,3211,0.769334845243925,csu,0,,,,0,0,,,,,,0,,,,,0,,,0,0,0.568258822994361,0,,,0,,0,,,,,0,,,0,0.0614710296525378,,,,,,,0,0.0672696470802256,0,0,,,,,,0.0309998635619429,,,,,,0,,,,0.0244735764962707,,0,,0,,,,,,0,0,,0,,,0.247527060214663,,0,,,0,,0,,,,,,0,0,0.568258822994361
0,0,2005,2005-09-18,256,Neu-Ulm,09,Bayern,zweitstimme,232818,179115,176827,2288,0.769334845243925,csu,0,,,,0,0,,,,,,0.00358542530269699,,,,,0.000774768559100137,,,0,0,0.516420003732462,0,,,0.00309907423640055,,0,,,,,0,,,0.00711429815582462,0.101409852567764,,,,,,,0.00344969942373054,0.0643227561401822,0,0,,,,,,0.0321217913553926,,,,,,0.000678629394832237,,,,0.0184134775797814,,0,,0.00349494138338602,,,,,,0,0,,0.0106262052740814,,,0.234489076894366,,0,,,0,,0,,,,,,0,0,0.516420003732462
0,0,2005,2005-09-18,257,Oberallgäu,09,Bayern,erststimme,217158,169643,167403,2240,0.781196179740097,csu,0,,,,0,0,,,,,,0,,,,,0,,,0,0,0.615460893771318,0,,,0,,0,,,,,0,,,0,0.053421981684916,,,,,,,0,0.0845982449537942,0,0,,,,,,0.0281177756671027,,,,,,0,,,,0.0132136222170451,,0,,0,,,,,,0,0,,0,,,0.205187481705824,,0,,,0,,0,,,,,,0,0,0.615460893771318
0,0,2005,2005-09-18,257,Oberallgäu,09,Bayern,zweitstimme,217158,169643,167930,1713,0.781196179740097,csu,0,,,,0,0,,,,,,0.00419817781218365,,,,,0.000613350800928959,,,0,0,0.529238373131662,0,,,0.00275710117310784,,0,,,,,0,,,0.00848567855654142,0.108045018757816,,,,,,,0.00362651104626928,0.0816530697314357,0,0,,,,,,0.029952956589055,,,,,,0.000434704936580718,,,,0.00836062645149765,,0,,0.00284046924313702,,,,,,0,0,,0.0104031441672125,,,0.209390817602573,,0,,,0,,0,,,,,,0,0,0.529238373131662
0,0,2005,2005-09-18,258,Ostallgäu,09,Bayern,erststimme,239599,186381,181967,4414,0.777887219896577,csu,0,,,,0,0,,,,,,0,,,,,0,,,0,0,0.609341254183451,0,,,0,,0,,,,,0,,,0,0.0694631444162953,,,,,,,0,0.0672704391455594,0,0,,,,,,0.0277797622645864,,,,,,0,,,,0.0200860595602499,,0,,0,,,,,,0,0,,0,,,0.189413465078833,,0,,,0,,0.0139091153890541,,,,,,0,0.00273675996197113,0.609341254183451
0,0,2005,2005-09-18,258,Ostallgäu,09,Bayern,zweitstimme,239599,186381,183783,2598,0.777887219896577,csu,0,,,,0,0,,,,,,0.00840121229928775,,,,,0.000788973952977152,,,0,0,0.564829173536181,0,,,0.00252471664952689,,0,,,,,0,,,0.00769929754112187,0.102517643089948,,,,,,,0.00304707181839452,0.0665186660354875,0,0,,,,,,0.0282126203185278,,,,,,0.000440737173732065,,,,0.0142124135529402,,0,,0.00366736858142483,,,,,,0,0,,0.00859709548761311,,,0.188543009962837,,0,,,0,,0,,,,,,0,0,0.564829173536181
0,0,2005,2005-09-18,259,Stuttgart I,08,Baden-Württemberg,erststimme,179288,145294,143652,1642,0.810394449154433,cdu,0,,,,0,0,,,,,,0,,,,,0.00194219363461699,,,0.39152256842926,0,0,0,,,0,,0,,,,,0,,,0,0.0668212068053351,,,,,,,0.00765043299083897,0.10351404783783,0,0,,,,,,0.029620193244786,,,,,,0,,,,0.00687077102998914,,0,,0.00405841895692368,,,,,,0,0,,0,,,0.38560549104781,,0,,,0,,0,,,,,,0,0.0023946760226102,0.39152256842926
0,0,2005,2005-09-18,259,Stuttgart I,08,Baden-Württemberg,zweitstimme,179288,145294,143831,1463,0.810394449154433,cdu,0,,,,0,0,,,,,,0,,,,,0.0011471796761477,,,0.324707469182582,0,0,0,,,0,,0,,,,,0,,,0.00308000361535413,0.136945442915644,,,,,,,0.00611829160612107,0.172459344647538,0,0,,,,,,0.0389832511767282,,,,,,0.00118889530073489,,,,0.00475558120293956,,0,,0.00301047757437548,,,,,,0,0,,0.00592361869138086,,,0.301680444410454,,0,,,0,,0,,,,,,0,0,0.324707469182582
0,0,2005,2005-09-18,260,Stuttgart II,08,Baden-Württemberg,erststimme,179622,138583,136704,1879,0.771525759650822,spd,0,,,,0,0,,,,,,0,,,,,0.00210674157303371,,,0.397186622191011,0,0,0,,,0,,0,,,,,0,,,0,0.0427127223782772,,,,,,,0.00897559691011236,0.06648671582397,0,0,,,,,,0.0471676029962547,,,,,,0.00275046816479401,,,,0.0118211610486891,,0,,0,,,,,,0,0,,0,,,0.420792368913858,,0,,,0,,0,,,,,,0,0,0.397186622191011
0,0,2005,2005-09-18,260,Stuttgart II,08,Baden-Württemberg,zweitstimme,179622,138583,136659,1924,0.771525759650822,spd,0,,,,0,0,,,,,,0,,,,,0.00106835261490279,,,0.329616051632165,0,0,0,,,0,,0,,,,,0,,,0.00456610980615986,0.118909109535413,,,,,,,0.00806386699741693,0.126160735846157,0,0,,,,,,0.0483758845008379,,,,,,0.00220988006644275,,,,0.00814435931771782,,0,,0.00262697663527466,,,,,,0,0,,0.0112103849728155,,,0.339048288074697,,0,,,0,,0,,,,,,0,0,0.329616051632165
0,0,2005,2005-09-18,261,Böblingen,08,Baden-Württemberg,erststimme,241166,196769,194079,2690,0.815906885713575,cdu,0,,,,0,0,,,,,,0,,,,,0,,,0.49776122094611,0,0,0,,,0,,0,,,,,0,,,0,0.0495725967260755,,,,,,,0,0.071661539888396,0,0,,,,,,0.0246858238140139,,,,,,0.00232894852096311,,,,0.0147671824360183,,0,,0.010603929327748,,,,,,0,0,,0,,,0.328618758340676,,0,,,0,,0,,,,,,0,0,0.49776122094611
0,0,2005,2005-09-18,261,Böblingen,08,Baden-Württemberg,zweitstimme,241166,196769,194198,2571,0.815906885713575,cdu,0,,,,0,0,,,,,,0,,,,,0.000664270486822727,,,0.389406688019444,0,0,0,,,0,,0,,,,,0,,,0.0059372393124543,0.140155923335977,,,,,,,0.00460354895519006,0.104259570129455,0,0,,,,,,0.0304637534887074,,,,,,0.00152421755115913,,,,0.010314215388418,,0,,0.00860462002698277,,,,,,0,0,,0.0106489253236388,,,0.293417027981751,,0,,,0,,0,,,,,,0,0,0.389406688019444
0,0,2005,2005-09-18,262,Esslingen,08,Baden-Württemberg,erststimme,163579,133889,132095,1794,0.818497484395919,cdu,0,,,,0,0,,,,,,0,,,,,0,,,0.468306900336879,0,0,0,,,0,,0,,,,,0,,,0,0.0307581664711003,,,,,,,0,0.0661796434384345,0,0,,,,,,0.0283053862750293,,,,,,0,,,,0.0143608766418108,,0,,0,,,,,,0,0,,0,,,0.392089026836746,,0,,,0,,0,,,,,,0,0,0.468306900336879
0,0,2005,2005-09-18,262,Esslingen,08,Baden-Württemberg,zweitstimme,163579,133889,132380,1509,0.818497484395919,cdu,0,,,,0,0,,,,,,0,,,,,0.000558996827315305,,,0.379475751624112,0,0,0,,,0,,0,,,,,0,,,0.0057259404743919,0.118137180843028,,,,,,,0.00436621846200332,0.114964496147454,0,0,,,,,,0.0315606587097749,,,,,,0.00138238404592839,,,,0.00739537694515788,,0,,0.00340685904215138,,,,,,0,0,,0.0158558694666868,,,0.317170267411996,,0,,,0,,0,,,,,,0,0,0.379475751624112
0,0,2005,2005-09-18,263,Nürtingen,08,Baden-Württemberg,erststimme,201242,164944,162443,2501,0.819630097097028,cdu,0,,,,0,0,,,,,,0,,,,,0,,,0.479171155420671,0,0,0,,,0,,0,,,,,0,,,0,0.0500852606760525,,,,,,,0,0.0901854804454486,0,0,,,,,,0.0262307393978195,,,,,,0,,,,0.0158147781067821,,0,,0,,,,,,0,0,,0,,,0.338512585953227,,0,,,0,,0,,,,,,0,0,0.479171155420671
0,0,2005,2005-09-18,263,Nürtingen,08,Baden-Württemberg,zweitstimme,201242,164944,162795,2149,0.819630097097028,cdu,0,,,,0,0,,,,,,0,,,,,0.000528271752817961,,,0.388586873061212,0,0,0,,,0,,0,,,,,0,,,0.00654196996222243,0.133548327651341,,,,,,,0.00433674252894745,0.111367056727786,0,0,,,,,,0.0289136644245831,,,,,,0.000945974999232163,,,,0.00798550324027151,,0,,0.00618569366381031,,,,,,0,0,,0.0195767683282656,,,0.29148315365951,,0,,,0,,0,,,,,,0,0,0.388586873061212
0,0,2005,2005-09-18,264,Göppingen,08,Baden-Württemberg,erststimme,180833,142455,139532,2923,0.787771037365968,cdu,0,,,,0,0,,,,,,0,,,,,0,,,0.483351489264112,0,0,0,,,0,,0,,,,,0,,,0,0.0428933864633202,,,,,,,0,0.0498523636155147,0,0,,,,,,0.0378264484132672,,,,,,0,,,,0.0215792793051056,,0,,0,,,,,,0,0,,0,,,0.364497032938681,,0,,,0,,0,,,,,,0,0,0.483351489264112
0,0,2005,2005-09-18,264,Göppingen,08,Baden-Württemberg,zweitstimme,180833,142455,139881,2574,0.787771037365968,cdu,0,,,,0,0,,,,,,0,,,,,0.000607659367605322,,,0.380080211036524,0,0,0,,,0,,0,,,,,0,,,0.00740629535104839,0.122811532659904,,,,,,,0.00391761568762019,0.0954811589851374,0,0,,,,,,0.0400983693282147,,,,,,0.00130825487378557,,,,0.0159993137023613,,0,,0.00520442376019617,,,,,,0,0,,0.0124105489666216,,,0.314674616280982,,0,,,0,,0,,,,,,0,0,0.380080211036524
0,0,2005,2005-09-18,265,Waiblingen,08,Baden-Württemberg,erststimme,217671,176569,173860,2709,0.811173743861148,cdu,0,,,,0,0,,,,,,0,,,,,0,,,0.46869895318072,0,0,0,,,0,,0,,,,,0,,,0,0.0537443920395721,,,,,,,0,0.0439721615092603,0,0,,,,,,0.0247095364086046,,,,,,0.0024444955711492,,,,0.0146209593926147,,0,,0,,,,,,0,0,,0,,,0.391809501898079,,0,,,0,,0,,,,,,0,0,0.46869895318072
0,0,2005,2005-09-18,265,Waiblingen,08,Baden-Württemberg,zweitstimme,217671,176569,174236,2333,0.811173743861148,cdu,0,,,,0,0,,,,,,0,,,,,0.000746114465437682,,,0.384438347987787,0,0,0,,,0,,0,,,,,0,,,0.00643380242888955,0.13680295690902,,,,,,,0.00550976836015519,0.111572809293143,0,0,,,,,,0.0321001400399458,,,,,,0.00120526182878395,,,,0.00947565371105856,,0,,0.00700773663307239,,,,,,0,0,,0.0118632200004591,,,0.292844188342249,,0,,,0,,0,,,,,,0,0,0.384438347987787
0,0,2005,2005-09-18,266,Ludwigsburg,08,Baden-Württemberg,erststimme,203269,165170,162673,2497,0.812568566776046,cdu,0,,,,0,0,,,,,,0,,,,,0,,,0.46322991522871,0,0,0,,,0,,0,,,,,0,,,0,0.0460986150129401,,,,,,,0.0129400699562927,0.0874638077615831,0,0,,,,,,0.031769254885568,,,,,,0,,,,0.0144215696520013,,0,,0,,,,,,0,0,,0,,,0.344076767502905,,0,,,0,,0,,,,,,0,0,0.46322991522871
0,0,2005,2005-09-18,266,Ludwigsburg,08,Baden-Württemberg,zweitstimme,203269,165170,162935,2235,0.812568566776046,cdu,0,,,,0,0,,,,,,0,,,,,0.000595329425844662,,,0.363893577193359,0,0,0,,,0,,0,,,,,0,,,0.00558504925276951,0.129217172492098,,,,,,,0.00817503912603185,0.110203455365637,0,0,,,,,,0.0357750023015313,,,,,,0.000957437014760487,,,,0.0102494859913462,,0,,0.00487310890846043,,,,,,0,0,,0.0109430140853715,,,0.31953232884279,,0,,,0,,0,,,,,,0,0,0.363893577193359
0,0,2005,2005-09-18,267,Neckar-Zaber,08,Baden-Württemberg,erststimme,218571,179071,176017,3054,0.819280691400049,cdu,0,,,,0,0,,,,,,0,,,,,0,,,0.464404006431197,0,0,0,,,0,,0,,,,,0,,,0,0.071476050608748,,,,,,,0.0108455433282013,0.0658629564189823,0,0,,,,,,0.0266621974013874,,,,,,0,,,,0.018515257049035,,0,,0,,,,,,0,0,,0,,,0.342233988762449,,0,,,0,,0,,,,,,0,0,0.464404006431197
0,0,2005,2005-09-18,267,Neckar-Zaber,08,Baden-Württemberg,zweitstimme,218571,179071,176370,2701,0.819280691400049,cdu,0,,,,0,0,,,,,,0,,,,,0.000629358734478653,,,0.379520326586154,0,0,0,,,0,,0,,,,,0,,,0.00619719907013664,0.128678346657595,,,,,,,0.0070646935419856,0.0938991892045132,0,0,,,,,,0.0326529455122753,,,,,,0.000782445994216704,,,,0.0124057379372909,,0,,0.00562453932074616,,,,,,0,0,,0.0132959120031751,,,0.319249305437433,,0,,,0,,0,,,,,,0,0,0.379520326586154
0,0,2005,2005-09-18,268,Heilbronn,08,Baden-Württemberg,erststimme,237705,183367,179452,3915,0.771405733998023,cdu,0,,,,0,0,,,,,,0,,,,,0,,,0.5033825201168,0,0,0,,,0,,0,,,,,0,,,0,0.044123219579609,,,,,,,0,0.05605398658137,0,0,,,,,,0.0338920714174264,,,,,,0.00306488643202639,,,,0.023164968905334,,0,,0,,,,,,0,0,,0,,,0.336318346967434,,0,,,0,,0,,,,,,0,0,0.5033825201168
0,0,2005,2005-09-18,268,Heilbronn,08,Baden-Württemberg,zweitstimme,237705,183367,179955,3412,0.771405733998023,cdu,0,,,,0,0,,,,,,0,,,,,0.000655719485426912,,,0.395287710816593,0,0,0,,,0,,0,,,,,0,,,0.00754077408240949,0.11636798088411,,,,,,,0.00471228918340696,0.0752410324803423,0,0,,,,,,0.0383651468422661,,,,,,0.0015170459281487,,,,0.0165596954794254,,0,,0.00552360312300297,,,,,,0,0,,0.0145703092439777,,,0.323658692450891,,0,,,0,,0,,,,,,0,0,0.395287710816593
0,0,2005,2005-09-18,269,Schwäbisch Hall - Hohenlohe,08,Baden-Württemberg,erststimme,220164,165515,162058,3457,0.751780490906779,cdu,0,,,,0,0,,,,,,0,,,,,0,,,0.465086573942663,0,0,0,,,0,,0,,,,,0,,,0,0.0710424662775056,,,,,,,0,0.0714373866146688,0,0,,,,,,0.0344197756358835,,,,,,0,,,,0.0223315109405275,,0,,0.0158214960076022,,,,,,0,0,,0,,,0.31986079058115,,0,,,0,,0,,,,,,0,0,0.465086573942663
0,0,2005,2005-09-18,269,Schwäbisch Hall - Hohenlohe,08,Baden-Württemberg,zweitstimme,220164,165515,162025,3490,0.751780490906779,cdu,0,,,,0,0,,,,,,0,,,,,0.00077765776886283,,,0.398531090881037,0,0,0,,,0,,0,,,,,0,,,0.00793704675204444,0.116068507946305,,,,,,,0.00375250732911588,0.0923252584477704,0,0,,,,,,0.0366178058941521,,,,,,0.000962814380496837,,,,0.0164542508872088,,0,,0.0123931492053695,,,,,,0,0,,0.0140163555006943,,,0.300163555006943,,0,,,0,,0,,,,,,0,0,0.398531090881037
0,0,2005,2005-09-18,270,Backnang - Schwäbisch Gmünd,08,Baden-Württemberg,erststimme,175509,136784,134085,2699,0.779356044419374,cdu,0,,,,0,0,,,,,,0,,,,,0,,,0.488279822500653,0,0,0,,,0,,0,,,,,0,,,0,0.0457098109408211,,,,,,,0,0.0698512137823023,0,0,,,,,,0.032979080434053,,,,,,0,,,,0.0162434276764739,,0,,0,,,,,,0,0,,0,,,0.346936644665697,,0,,,0,,0,,,,,,0,0,0.488279822500653
0,0,2005,2005-09-18,270,Backnang - Schwäbisch Gmünd,08,Baden-Württemberg,zweitstimme,175509,136784,134295,2489,0.779356044419374,cdu,0,,,,0,0,,,,,,0,,,,,0.000886108939275476,,,0.410864142373134,0,0,0,,,0,,0,,,,,0,,,0.00691016046762724,0.108313786812614,,,,,,,0.0047730742023158,0.0923787184928702,0,0,,,,,,0.0350794891842585,,,,,,0.000945679288134331,,,,0.011765143899624,,0,,0.00851855988681634,,,,,,0,0,,0.014185189322015,,,0.305379947131315,,0,,,0,,0,,,,,,0,0,0.410864142373134
0,0,2005,2005-09-18,271,Aalen - Heidenheim,08,Baden-Württemberg,erststimme,224632,174933,170611,4322,0.778753694932156,cdu,0,,,,0,0,,,,,,0,,,,,0,,,0.498994789316047,0,0,0,,,0,,0,,,,,0,,,0,0.0536073289529983,,,,,,,0,0.0515441560040091,0,0,,,,,,0.0537011095415888,,,,,,0,,,,0,,0,,0,,,,,,0,0,,0,,,0.342152616185357,,0,,,0,,0,,,,,,0,0,0.498994789316047
0,0,2005,2005-09-18,271,Aalen - Heidenheim,08,Baden-Württemberg,zweitstimme,224632,174933,171355,3578,0.778753694932156,cdu,0,,,,0,0,,,,,,0,,,,,0.000636106328966181,,,0.420151148201103,0,0,0,,,0,,0,,,,,0,,,0.00788421697645239,0.0985789734761168,,,,,,,0.00391584721776429,0.0759651016894751,0,0,,,,,,0.0395144582883488,,,,,,0.000869539844183129,,,,0.00991508855883984,,0,,0.00546818009395699,,,,,,0,0,,0.0168714073123049,,,0.320229932012489,,0,,,0,,0,,,,,,0,0,0.420151148201103
0,0,2005,2005-09-18,272,Karlsruhe-Stadt,08,Baden-Württemberg,erststimme,197356,150150,147541,2609,0.760807880175926,cdu,0,,,,0,0,,,,,,0,,,,,0,,,0.413444398506178,0,0,0,,,0,,0,,,,,0,,,0,0.0426186619312598,,,,,,,0,0.0913508787387912,0,0,,,,,,0.0429236618973709,,,,,,0,,,,0.0151889983123335,,0,,0,,,,,,0,0,,0,,,0.394473400614067,,0,,,0,,0,,,,,,0,0,0.413444398506178
0,0,2005,2005-09-18,272,Karlsruhe-Stadt,08,Baden-Württemberg,zweitstimme,197356,150150,147814,2336,0.760807880175926,cdu,0,,,,0,0,,,,,,0,,,,,0.000818596344054014,,,0.328500683291163,0,0,0,,,0,,0,,,,,0,,,0.0058384185530464,0.12044867197965,,,,,,,0.00596019321579823,0.147333811411639,0,0,,,,,,0.04960964455329,,,,,,0.000933605747764082,,,,0.0110814943104171,,0,,0.00317290649058953,,,,,,0,0,,0.00563546078179334,,,0.320666513320795,,0,,,0,,0,,,,,,0,0,0.328500683291163
0,0,2005,2005-09-18,273,Karlsruhe-Land,08,Baden-Württemberg,erststimme,205134,165906,162735,3171,0.808768902278511,cdu,0,,,,0,0,,,,,,0,,,,,0,,,0.482858635204474,0,0,0,,,0,,0,,,,,0,,,0,0.0502780594217593,,,,,,,0,0.0589854671705534,0,0,,,,,,0.0273204903677758,,,,,,0,,,,0.0148400774264909,,0,,0.00941407810243648,,,,,,0,0,,0,,,0.356303192306511,,0,,,0,,0,,,,,,0,0,0.482858635204474
0,0,2005,2005-09-18,273,Karlsruhe-Land,08,Baden-Württemberg,zweitstimme,205134,165906,163172,2734,0.808768902278511,cdu,0,,,,0,0,,,,,,0,,,,,0.000668006765866693,,,0.407337043120143,0,0,0,,,0,,0,,,,,0,,,0.00758095751722109,0.120608928002353,,,,,,,0.00428382320496164,0.0916946534944721,0,0,,,,,,0.0346199102787243,,,,,,0.000520922707327238,,,,0.0104981246782536,,0,,0.00714583384404187,,,,,,0,0,,0.0083347633172358,,,0.306707033069399,,0,,,0,,0,,,,,,0,0,0.407337043120143
0,0,2005,2005-09-18,274,Rastatt,08,Baden-Württemberg,erststimme,207276,158399,154751,3648,0.764193635539088,cdu,0,,,,0,0,,,,,,0,,,,,0,,,0.493218137524152,0,0,0,,,0,,0,,,,,0,,,0,0.0523744596157699,,,,,,,0,0.0587524474801455,0,0,,,,,,0.0343325729720648,,,,,,0,,,,0.0149336676338117,,0,,0,,,,,,0,0,,0,,,0.346388714774056,,0,,,0,,0,,,,,,0,0,0.493218137524152
0,0,2005,2005-09-18,274,Rastatt,08,Baden-Württemberg,zweitstimme,207276,158399,155132,3267,0.764193635539088,cdu,0,,,,0,0,,,,,,0,,,,,0.000689735193254777,,,0.415517108011242,0,0,0,,,0,,0,,,,,0,,,0.00698115153546657,0.110106232112008,,,,,,,0.00408039604981564,0.0844377691256478,0,0,,,,,,0.0382319573008793,,,,,,0.000573704973828739,,,,0.011029316968775,,0,,0.00341644534976665,,,,,,0,0,,0.00992058376092618,,,0.315015599618389,,0,,,0,,0,,,,,,0,0,0.415517108011242
0,0,2005,2005-09-18,275,Heidelberg,08,Baden-Württemberg,erststimme,208852,170915,168437,2478,0.818354624327275,cdu,0,,,,0,0,,,,,,0,,,,,0,,,0.38733769896163,0,0,0,,,0,,0,,,,,0,,,0,0.0734161734060806,,,,,,,0,0.111044485475282,0,0,,,,,,0.0300646532531451,,,,,,0,,,,0.0140646057576423,,0,,0,,,,,,0,0,,0,,,0.384072383146221,,0,,,0,,0,,,,,,0,0,0.38733769896163
0,0,2005,2005-09-18,275,Heidelberg,08,Baden-Württemberg,zweitstimme,208852,170915,168640,2275,0.818354624327275,cdu,0,,,,0,0,,,,,,0,,,,,0.000527751423149905,,,0.335228889943074,0,0,0,,,0,,0,,,,,0,,,0.00515891840607211,0.125160104364326,,,,,,,0.0044176944971537,0.152312618595825,0,0,,,,,,0.0433289848197343,,,,,,0.000545540796963947,,,,0.0098138045540797,,0,,0.00206949715370019,,,,,,0,0,,0.00480313092979127,,,0.316633064516129,,0,,,0,,0,,,,,,0,0,0.335228889943074
0,0,2005,2005-09-18,276,Mannheim,08,Baden-Württemberg,erststimme,198518,146286,143099,3187,0.736890357549441,spd,0,,,,0,0,,,,,,0,,,,,0,,,0.373957889293426,0,0,0,,,0,,0,,,,,0,,,0,0.045975164047268,,,,,,,0,0.0579528857644009,0,0,,,,,,0.0627817105640151,,,,,,0,,,,0,,0,,0,,,,,,0,0,,0,,,0.45933235033089,,0,,,0,,0,,,,,,0,0,0.373957889293426
0,0,2005,2005-09-18,276,Mannheim,08,Baden-Württemberg,zweitstimme,198518,146286,143593,2693,0.736890357549441,spd,0,,,,0,0,,,,,,0,,,,,0.00102372678333902,,,0.310885628129505,0,0,0,,,0,,0,,,,,0,,,0.00747250910559707,0.0994686370505526,,,,,,,0.00715215922781751,0.108549859672825,0,0,,,,,,0.0662079627837012,,,,,,0.00123265061667351,,,,0.0130577395834059,,0,,0.00272297396112624,,,,,,0,0,,0.0110729631667282,,,0.371153189918729,,0,,,0,,0,,,,,,0,0,0.310885628129505
0,0,2005,2005-09-18,277,Odenwald - Tauber,08,Baden-Württemberg,erststimme,216051,168380,164268,4112,0.779353023128798,cdu,0,,,,0,0,,,,,,0,,,,,0,,,0.538905934205079,0,0,0,,,0,,0,,,,,0,,,0.0210692283341856,0.0400869311125721,,,,,,,0,0.0497357975990455,0,0,,,,,,0.0307302700465094,,,,,,0,,,,0.0200343341368982,,0,,0,,,,,,0,0,,0,,,0.29943750456571,,0,,,0,,0,,,,,,0,0,0.538905934205079
0,0,2005,2005-09-18,277,Odenwald - Tauber,08,Baden-Württemberg,zweitstimme,216051,168380,164786,3594,0.779353023128798,cdu,0,,,,0,0,,,,,,0,,,,,0.000582573762334179,,,0.467466896459651,0,0,0,,,0,,0,,,,,0,,,0.0136237301712524,0.106350054009443,,,,,,,0.00345296323716821,0.0677059944412754,0,0,,,,,,0.0354884516888571,,,,,,0.000497615088660444,,,,0.0144915223380627,,0,,0.00399305766266552,,,,,,0,0,,0.0113359144587526,,,0.275011226681878,,0,,,0,,0,,,,,,0,0,0.467466896459651
0,0,2005,2005-09-18,278,Rhein-Neckar,08,Baden-Württemberg,erststimme,193332,155883,152822,3061,0.806296939978896,cdu,0,,,,0,0,,,,,,0,,,,,0,,,0.4736359948175,0,0,0,,,0,,0,,,,,0,,,0,0.0453534177016398,,,,,,,0,0.0580806428393818,0,0,,,,,,0.0346808705552865,,,,,,0,,,,0.0195456151601209,,0,,0,,,,,,0,0,,0,,,0.368703458926071,,0,,,0,,0,,,,,,0,0,0.4736359948175
0,0,2005,2005-09-18,278,Rhein-Neckar,08,Baden-Württemberg,zweitstimme,193332,155883,153227,2656,0.806296939978896,cdu,0,,,,0,0,,,,,,0,,,,,0.000600416375704021,,,0.397123222408583,0,0,0,,,0,,0,,,,,0,,,0.00743341578181391,0.119639489123979,,,,,,,0.00408544186076866,0.0951137854294609,0,0,,,,,,0.0411219954707721,,,,,,0.000528627461217671,,,,0.0141489424187643,,0,,0.00425512474955458,,,,,,0,0,,0.00828835649069681,,,0.307661182428684,,0,,,0,,0,,,,,,0,0,0.397123222408583
0,0,2005,2005-09-18,279,Bruchsal - Schwetzingen,08,Baden-Württemberg,erststimme,190693,152375,148813,3562,0.799059220841877,cdu,0,,,,0,0,,,,,,0,,,,,0,,,0.487296136762245,0,0,0,,,0,,0,,,,,0,,,0.0196421011605169,0.0484500682064067,,,,,,,0,0.0436991391881086,0,0,,,,,,0.0320939702848541,,,,,,0,,,,0.0202401671896945,,0,,0,,,,,,0,0,,0,,,0.348578417208174,,0,,,0,,0,,,,,,0,0,0.487296136762245
0,0,2005,2005-09-18,279,Bruchsal - Schwetzingen,08,Baden-Württemberg,zweitstimme,190693,152375,149175,3200,0.799059220841877,cdu,0,,,,0,0,,,,,,0,,,,,0.00065024300318418,,,0.407876654935478,0,0,0,,,0,,0,,,,,0,,,0.0127166080107257,0.118109602815485,,,,,,,0.00461873638344227,0.0755555555555556,0,0,,,,,,0.0407239819004525,,,,,,0.000837942014412603,,,,0.0145935981230099,,0,,0.00296966649907826,,,,,,0,0,,0.0118250377073906,,,0.309522373051785,,0,,,0,,0,,,,,,0,0,0.407876654935478
0,0,2005,2005-09-18,280,Pforzheim,08,Baden-Württemberg,erststimme,218955,169442,166003,3439,0.773866776278231,cdu,0,,,,0,0,,,,,,0,,,,,0,,,0.46903369216219,0,0,0,,,0,,0,,,,,0,,,0,0.0740709505249905,,,,,,,0,0.0541676957645344,0,0,,,,,,0.0387884556303199,,,,,,0,,,,0.019758679060017,,0,,0,,,,,,0,0,,0,,,0.344180526857948,,0,,,0,,0,,,,,,0,0,0.46903369216219
0,0,2005,2005-09-18,280,Pforzheim,08,Baden-Württemberg,zweitstimme,218955,169442,166366,3076,0.773866776278231,cdu,0,,,,0,0,,,,,,0,,,,,0.000631138573987473,,,0.391624490581008,0,0,0,,,0,,0,,,,,0,,,0.00763978216702932,0.126377985886539,,,,,,,0.00506113027902336,0.0842900592669175,0,0,,,,,,0.0401283916184797,,,,,,0.000865561472897107,,,,0.0125205871391991,,0,,0.00851135448348821,,,,,,0,0,,0.0115528413257517,,,0.310796677205679,,0,,,0,,0,,,,,,0,0,0.391624490581008
0,0,2005,2005-09-18,281,Calw,08,Baden-Württemberg,erststimme,198594,153953,151320,2633,0.775214759761121,cdu,0,,,,0,0,,,,,,0,,,,,0,,,0.492420037007666,0,0,0,,,0,,0,,,,,0,,,0,0.0756608511763151,,,,,,,0,0.05302008987576,0,0,,,,,,0.0318067671160455,,,,,,0,,,,0.0205987311657415,,0,,0.0235725614591594,,,,,,0,0,,0,,,0.302920962199313,,0,,,0,,0,,,,,,0,0,0.492420037007666
0,0,2005,2005-09-18,281,Calw,08,Baden-Württemberg,zweitstimme,198594,153953,151375,2578,0.775214759761121,cdu,0,,,,0,0,,,,,,0,,,,,0.000706853839801817,,,0.431821635012386,0,0,0,,,0,,0,,,,,0,,,0.00795375722543353,0.12867382328654,,,,,,,0.00436663914120562,0.0803501238645747,0,0,,,,,,0.0326473988439306,,,,,,0.000812551610239471,,,,0.0147250206440958,,0,,0.0174797687861272,,,,,,0,0,,0.0144805945499587,,,0.265981833195706,,0,,,0,,0,,,,,,0,0,0.431821635012386
0,0,2005,2005-09-18,282,Freiburg,08,Baden-Württemberg,erststimme,205189,165010,162454,2556,0.804185409549245,spd,0,,,,0,0,,,,,,0,,,,,0,,,0.344232828985436,0,0,0,,,0,,0.00537998448791658,,,,,0,,,0,0.0380415379122706,,,,,,,0,0.109624878427124,0,0,,,,,,0.0428675194208822,,,,,,0,,,,0.00878402501631231,,0,,0,,,,,,0,0,,0,,,0.451069225750059,,0,,,0,,0,,,,,,0,0,0.344232828985436
0,0,2005,2005-09-18,282,Freiburg,08,Baden-Württemberg,zweitstimme,205189,165010,162859,2151,0.804185409549245,spd,0,,,,0,0,,,,,,0,,,,,0.000534204434510835,,,0.296293112446963,0,0,0,,,0,,0,,,,,0,,,0.00496748721286512,0.0911524693139464,,,,,,,0.00493064552772644,0.227693894718744,0,0,,,,,,0.049177509379279,,,,,,0.000964024094462081,,,,0.00655781995468473,,0,,0.00308242098993608,,,,,,0,0,,0.00468503429346858,,,0.309961377633413,,0,,,0,,0,,,,,,0,0,0.296293112446963
0,0,2005,2005-09-18,283,Lörrach - Müllheim,08,Baden-Württemberg,erststimme,220779,169552,166141,3411,0.767971591501003,spd,0,,,,0,0,,,,,,0,,,,,0,,,0.397909005001776,0,0,0,,,0,,0,,,,,0,,,0,0.0485731998723975,,,,,,,0,0.0630428371082394,0,0,,,,,,0.0307931215052275,,,,,,0,,,,0.0138436629128271,,0,,0.009142836506341,,,,,,0,0,,0,,,0.436695337093192,,0,,,0,,0,,,,,,0,0,0.397909005001776
0,0,2005,2005-09-18,283,Lörrach - Müllheim,08,Baden-Württemberg,zweitstimme,220779,169552,166746,2806,0.767971591501003,spd,0,,,,0,0,,,,,,0,,,,,0.000611708826598539,,,0.347066796205006,0,0,0,,,0,,0,,,,,0,,,0.00630899691746729,0.0999964017127847,,,,,,,0.00440790183872477,0.125874083936046,0,0,,,,,,0.0382138102263323,,,,,,0.000743646024492342,,,,0.00894174372998453,,0,,0.00676477996473679,,,,,,0,0,,0.00977534693485901,,,0.351294783682967,,0,,,0,,0,,,,,,0,0,0.347066796205006
0,0,2005,2005-09-18,284,Emmendingen - Lahr,08,Baden-Württemberg,erststimme,209138,160982,157189,3793,0.769740554083906,cdu,0,,,,0,0,,,,,,0,,,,,0,,,0.44943348453136,0,0,0,,,0,,0,,,,,0,,,0,0.0469498501803561,,,,,,,0,0.089382844855556,0,0,,,,,,0.034474422510481,,,,,,0,,,,0.0155481617670448,,0,,0,,,,,,0,0,,0,,,0.364211236155202,,0,,,0,,0,,,,,,0,0,0.44943348453136
0,0,2005,2005-09-18,284,Emmendingen - Lahr,08,Baden-Württemberg,zweitstimme,209138,160982,157461,3521,0.769740554083906,cdu,0,,,,0,0,,,,,,0,,,,,0.000781145807533294,,,0.378423863686881,0,0,0,,,0,,0,,,,,0,,,0.00856084998825106,0.102501571817783,,,,,,,0.00480118886581439,0.116530442458768,0,0,,,,,,0.0394573894488159,,,,,,0.000444554524612444,,,,0.0108471304005436,,0,,0.00480753964473743,,,,,,0,0,,0.0077670026228717,,,0.325077320733388,,0,,,0,,0,,,,,,0,0,0.378423863686881
0,0,2005,2005-09-18,285,Offenburg,08,Baden-Württemberg,erststimme,201410,151908,148461,3447,0.754222729755226,cdu,0,,,,0,0,,,,,,0,,,,,0,,,0.504866597961754,0,0,0,,,0,,0,,,,,0,,,0,0.0508685782798176,,,,,,,0,0.0701531041822431,0,0,,,,,,0.0392965155832171,,,,,,0,,,,0.0167518742295957,,0,,0.00639225116360526,,,,,,0,0,,0,,,0.311671078599767,,0,,,0,,0,,,,,,0,0,0.504866597961754
0,0,2005,2005-09-18,285,Offenburg,08,Baden-Württemberg,zweitstimme,201410,151908,148543,3365,0.754222729755226,cdu,0,,,,0,0,,,,,,0,,,,,0.000632813394101371,,,0.411874002814,0,0,0,,,0,,0,,,,,0,,,0.00916906215708583,0.11352941572474,,,,,,,0.00399211002874589,0.0974734588637634,0,0,,,,,,0.0430717031431976,,,,,,0.000491440189036171,,,,0.0127639808001723,,0,,0.00471917222622406,,,,,,0,0,,0.00990958846933211,,,0.292373252189602,,0,,,0,,0,,,,,,0,0,0.411874002814
0,0,2005,2005-09-18,286,Rottweil - Tuttlingen,08,Baden-Württemberg,erststimme,199140,153257,149453,3804,0.76959425529778,cdu,0,,,,0,0,,,,,,0,,,,,0,,,0.522318053167217,0,0,0,,,0,,0,,,,,0,,,0.0366202083598188,0.0921226071072511,,,,,,,0,0.0606478290833908,0,0,,,,,,0,,,,,,0,,,,0.0246298167316815,,0,,0,,,,,,0,0,,0,,,0.263661485550641,,0,,,0,,0,,,,,,0,0,0.522318053167217
0,0,2005,2005-09-18,286,Rottweil - Tuttlingen,08,Baden-Württemberg,zweitstimme,199140,153257,150132,3125,0.76959425529778,cdu,0,,,,0,0,,,,,,0,,,,,0.00107238963045853,,,0.448445368076093,0,0,0,,,0,,0,,,,,0,,,0.0169184451016439,0.128933205445874,,,,,,,0.00508219433565129,0.0701982255615059,0,0,,,,,,0.0312591586070924,,,,,,0.000612794074547731,,,,0.0152998694482189,,0,,0.00741347614099592,,,,,,0,0,,0.011023632536701,,,0.263741241041217,,0,,,0,,0,,,,,,0,0,0.448445368076093
0,0,2005,2005-09-18,287,Schwarzwald-Baar,08,Baden-Württemberg,erststimme,167645,129388,126095,3293,0.771797548390945,cdu,0,,,,0,0,,,,,,0,,,,,0,,,0.513232086918593,0,0,0,,,0,,0,,,,,0,,,0,0.0620088028867124,,,,,,,0,0.0738649430984575,0,0,,,,,,0,,,,,,0,,,,0.0288591934652445,,0,,0.0133391490542845,,,,,,0,0,,0,,,0.308695824576708,,0,,,0,,0,,,,,,0,0,0.513232086918593
0,0,2005,2005-09-18,287,Schwarzwald-Baar,08,Baden-Württemberg,zweitstimme,167645,129388,126488,2900,0.771797548390945,cdu,0,,,,0,0,,,,,,0,,,,,0.000782682942255392,,,0.42016633988995,0,0,0,,,0,,0,,,,,0,,,0.0082063120612232,0.128865979381443,,,,,,,0.00566852191512238,0.0877790778571881,0,0,,,,,,0.0356713680349124,,,,,,0.00124913035228638,,,,0.0168158244260325,,0,,0.00924988931756372,,,,,,0,0,,0.00823002972614003,,,0.277314844095883,,0,,,0,,0,,,,,,0,0,0.42016633988995
0,0,2005,2005-09-18,288,Konstanz,08,Baden-Württemberg,erststimme,193465,150629,147576,3053,0.778585273822138,cdu,0,,,,0,0,,,,,,0,,,,,0,,,0.43872309860682,0,0,0,,,0,,0,,,,,0,,,0,0.10505773296471,,,,,,,0,0.0885306553911205,0,0,,,,,,0.0367268390524204,,,,,,0,,,,0.0144264650078604,,0,,0,,,,,,0,0,,0,,,0.316535208977069,,0,,,0,,0,,,,,,0,0,0.43872309860682
0,0,2005,2005-09-18,288,Konstanz,08,Baden-Württemberg,zweitstimme,193465,150629,148157,2472,0.778585273822138,cdu,0,,,,0,0,,,,,,0,,,,,0.000870697975795946,,,0.373110956620342,0,0,0,,,0,,0,,,,,0,,,0.00637161929574708,0.136841323730907,,,,,,,0.00485970963234947,0.12120925774685,0,0,,,,,,0.0382364653711941,,,,,,0.000830200395526367,,,,0.0105361204668021,,0,,0.0036515318209737,,,,,,0,0,,0.00566966123774105,,,0.297812455705772,,0,,,0,,0,,,,,,0,0,0.373110956620342
0,0,2005,2005-09-18,289,Waldshut,08,Baden-Württemberg,erststimme,176676,136437,132984,3453,0.772244107858453,cdu,0,,,,0,0,,,,,,0,,,,,0,,,0.466537327798833,0,0,0,,,0,,0,,,,,0,,,0,0.0598493051795705,,,,,,,0,0.0718582686638994,0,0,,,,,,0,,,,,,0,,,,0.0168065331167659,,0,,0.0107757324189376,,,,,,0,0,,0,,,0.374172832821994,,0,,,0,,0,,,,,,0,0,0.466537327798833
0,0,2005,2005-09-18,289,Waldshut,08,Baden-Württemberg,zweitstimme,176676,136437,134115,2322,0.772244107858453,cdu,0,,,,0,0,,,,,,0,,,,,0.000738172463930209,,,0.413891063639414,0,0,0,,,0,,0,,,,,0,,,0.00754576296461992,0.108481527047683,,,,,,,0.00445140364612459,0.109040748611266,0,0,,,,,,0.0322484434999814,,,,,,0.000626328151213511,,,,0.00836595459120904,,0,,0.00607687432427394,,,,,,0,0,,0.0108563546210342,,,0.29767736643925,,0,,,0,,0,,,,,,0,0,0.413891063639414
0,0,2005,2005-09-18,290,Reutlingen,08,Baden-Württemberg,erststimme,195834,156407,153064,3343,0.79867132367209,cdu,0,,,,0,0,,,,,,0,,,,,0,,,0.491225892437151,0,0,0,,,0,,0,,,,,0,,,0,0.0537487586891758,,,,,,,0,0.0779151204724821,0,0,,,,,,0.0328163382637328,,,,,,0.0031620759943553,,,,0.0163330371609262,,0,,0,,,,,,0,0,,0,,,0.324798776982177,,0,,,0,,0,,,,,,0,0,0.491225892437151
0,0,2005,2005-09-18,290,Reutlingen,08,Baden-Württemberg,zweitstimme,195834,156407,153763,2644,0.79867132367209,cdu,0,,,,0,0,,,,,,0,,,,,0.000552798787744776,,,0.383954527422072,0,0,0,,,0,,0,,,,,0,,,0.00663358545293731,0.137159134512204,,,,,,,0.00424029187775993,0.106488557065094,0,0,,,,,,0.0353010802338664,,,,,,0.00159336121173494,,,,0.0107503105428484,,0,,0.00521581915025071,,,,,,0,0,,0.0121095452091856,,,0.296000988534303,,0,,,0,,0,,,,,,0,0,0.383954527422072
0,0,2005,2005-09-18,291,Tübingen,08,Baden-Württemberg,erststimme,182904,148011,145350,2661,0.809227791628395,cdu,0,,,,0,0,,,,,,0,,,,,0,,,0.429246646026832,0,0,0,,,0,,0,,,,,0,,,0,0.037468180254558,,,,,,,0,0.0978259373925009,0,0,,,,,,0.0327416580667355,,,,,,0,,,,0.0147712418300654,,0,,0,,,,,,0,0,,0,,,0.381926384588923,,0,,,0,,0,,,,,,0,0.00601995184038528,0.429246646026832
0,0,2005,2005-09-18,291,Tübingen,08,Baden-Württemberg,zweitstimme,182904,148011,145625,2386,0.809227791628395,cdu,0,,,,0,0,,,,,,0,,,,,0.000782832618025751,,,0.35290643776824,0,0,0,,,0,,0,,,,,0,,,0.0064412017167382,0.112494420600858,,,,,,,0.00346781115879828,0.162142489270386,0,0,,,,,,0.0426369098712446,,,,,,0.00096137339055794,,,,0.0095450643776824,,0,,0.00522575107296137,,,,,,0,0,,0.0128,,,0.290595708154506,,0,,,0,,0,,,,,,0,0,0.35290643776824
0,0,2005,2005-09-18,292,Ulm,08,Baden-Württemberg,erststimme,214908,171930,168248,3682,0.800016751354068,cdu,0,,,,0,0,,,,,,0,,,,,0,,,0.487417383861918,0,0,0,,,0,,0,,,,,0,,,0,0.0510615282202463,,,,,,,0,0.0750974751557225,0,0,,,,,,0.0286838476534639,,,,,,0,,,,0.0164637915458133,,0,,0,,,,,,0,0,,0,,,0.328990537777566,,0,,,0,,0,,,,,,0,0.0122854357852694,0.487417383861918
0,0,2005,2005-09-18,292,Ulm,08,Baden-Württemberg,zweitstimme,214908,171930,168643,3287,0.800016751354068,cdu,0,,,,0,0,,,,,,0,,,,,0.000907241925250381,,,0.420373214423368,0,0,0,,,0,,0,,,,,0,,,0.00820668512775508,0.113013881394425,,,,,,,0.00449470182575025,0.105566196047271,0,0,,,,,,0.0325836233937964,,,,,,0.00119186684297599,,,,0.0125531448088566,,0,,0.00501651417491387,,,,,,0,0,,0.00984327840467733,,,0.28624965163096,,0,,,0,,0,,,,,,0,0,0.420373214423368
0,0,2005,2005-09-18,293,Biberach,08,Baden-Württemberg,erststimme,234130,185041,181205,3836,0.790334429590399,cdu,0,,,,0,0,,,,,,0,,,,,0,,,0.524091498578958,0,0,0,,,0,,0,,,,,0,,,0,0.0720620291934549,,,,,,,0,0.140421070058773,0,0,,,,,,0.0235037664523606,,,,,,0,,,,0.0192489169724897,,0,,0,,,,,,0,0,,0,,,0.204806710631605,,0,,,0,,0,,,,,,0,0.0158660081123589,0.524091498578958
0,0,2005,2005-09-18,293,Biberach,08,Baden-Württemberg,zweitstimme,234130,185041,181368,3673,0.790334429590399,cdu,0,,,,0,0,,,,,,0,,,,,0.00116889418199462,,,0.498202549512593,0,0,0,,,0,,0,,,,,0,,,0.0122292796965286,0.112329628159322,,,,,,,0.00442746239689471,0.0888524987869966,0,0,,,,,,0.0271602487759693,,,,,,0.000567906135591725,,,,0.0115566141767015,,0,,0.00403599311896255,,,,,,0,0,,0.0161494861276521,,,0.223319438930793,,0,,,0,,0,,,,,,0,0,0.498202549512593
0,0,2005,2005-09-18,294,Ravensburg - Bodensee,08,Baden-Württemberg,erststimme,241595,190892,187965,2927,0.790132246114365,cdu,0,,,,0,0,,,,,,0,,,,,0,,,0.496289202777113,0,0,0,,,0,,0,,,,,0,,,0,0.0531375522038677,,,,,,,0,0.108020110126885,0,0,,,,,,0.02870747213577,,,,,,0,,,,0.0129279387119943,,0,,0.00924108211635145,,,,,,0,0,,0,,,0.291676641928019,,0,,,0,,0,,,,,,0,0,0.496289202777113
0,0,2005,2005-09-18,294,Ravensburg - Bodensee,08,Baden-Württemberg,zweitstimme,241595,190892,188209,2683,0.790132246114365,cdu,0,,,,0,0,,,,,,0,,,,,0.000621649336641712,,,0.419538916842446,0,0,0,,,0,,0,,,,,0,,,0.00815582676705152,0.121869836192743,,,,,,,0.00463846043494201,0.115780860638971,0,0,,,,,,0.0328464632403339,,,,,,0.000690721485157458,,,,0.00880404231466083,,0,,0.00580737371751617,,,,,,0,0,,0.00820364594679319,,,0.273042203082743,,0,,,0,,0,,,,,,0,0,0.419538916842446
0,0,2005,2005-09-18,295,Zollernalb - Sigmaringen,08,Baden-Württemberg,erststimme,208368,159441,155499,3942,0.765189472471781,cdu,0,,,,0,0,,,,,,0,,,,,0,,,0.554871735509553,0,0,0,,,0,,0,,,,,0,,,0.022849021537116,0.0559874983118863,,,,,,,0,0.0584633984784468,0,0,,,,,,0.0294728583463559,,,,,,0,,,,0.0199358195229551,,0,,0,,,,,,0,0,,0,,,0.258419668293687,,0,,,0,,0,,,,,,0,0,0.554871735509553
0,0,2005,2005-09-18,295,Zollernalb - Sigmaringen,08,Baden-Württemberg,zweitstimme,208368,159441,156143,3298,0.765189472471781,cdu,0,,,,0,0,,,,,,0,,,,,0.000768526286801201,,,0.475628110129817,0,0,0,,,0,,0,,,,,0,,,0.0126870881179432,0.118884612182423,,,,,,,0.00492497262125103,0.0710630639862178,0,0,,,,,,0.0319002452879732,,,,,,0.00156907450221912,,,,0.0132762916044908,,0,,0.00640438572334335,,,,,,0,0,,0.016209500265782,,,0.246684129291739,,0,,,0,,0,,,,,,0,0,0.475628110129817
0,0,2005,2005-09-18,296,Saarbrücken,10,Saarland,erststimme,209832,161396,158091,3305,0.769167715124481,spd,0,,,,0,0,,,,,,0,,,,,0,,,0.297657678172698,0,0,0,,,0,,0,,,,,0,,,0.0194318462151546,0.0333099290914726,,,,,,,0,0.035270825031153,0,0,,,,,,0.262051603190568,,,,,,0.00141057998241519,,,,0.015396195861877,,0,,0,,,,,,0,0,,0,,,0.335471342454662,,0,,,0,,0,,,,,,0,0,0.297657678172698
0,0,2005,2005-09-18,296,Saarbrücken,10,Saarland,zweitstimme,209832,161396,158094,3302,0.769167715124481,spd,0,,,,0,0,,,,,,0,,,,,0,,,0.264690627095272,0,0,0,,,0,,0,,,,,0,,,0.0165344668361861,0.0790795349602135,,,,,,,0.00836843902994421,0.079174415221324,0,0,,,,,,0.208869406808608,,,,,,0.00137260111073159,,,,0.0178564651409921,,0,,0,,,,,,0,0,,0,,,0.324054043796729,,0,,,0,,0,,,,,,0,0,0.264690627095272
0,0,2005,2005-09-18,297,Saarlouis,10,Saarland,erststimme,216527,173032,168337,4695,0.799124358625021,spd,0,,,,0,0,,,,,,0,,,,,0,,,0.359368409797014,0,0,0,,,0,,0,,,,,0,,,0.0197282831463077,0.0348527061786773,,,,,,,0,0.0291973838193624,0,0,,,,,,0.136369306807178,,,,,,0,,,,0.016645181986135,,0,,0,,,,,,0,0,,0,,,0.403838728265325,,0,,,0,,0,,,,,,0,0,0.359368409797014
0,0,2005,2005-09-18,297,Saarlouis,10,Saarland,zweitstimme,216527,173032,168482,4550,0.799124358625021,spd,0,,,,0,0,,,,,,0,,,,,0,,,0.319167626215263,0,0,0,,,0,,0,,,,,0,,,0.0170582020631284,0.0759072185752781,,,,,,,0.00590567538372052,0.0535012642300068,0,0,,,,,,0.178903384337793,,,,,,0.00108616944243302,,,,0.0170463313588395,,0,,0,,,,,,0,0,,0,,,0.331424128393538,,0,,,0,,0,,,,,,0,0,0.319167626215263
0,0,2005,2005-09-18,298,St. Wendel,10,Saarland,erststimme,187024,153996,148817,5179,0.823402344084182,spd,0,,,,0,0,,,,,,0,,,,,0,,,0.371987071369534,0,0,0,,,0,,0,,,,,0,,,0.0288945483378915,0.0368371892996096,,,,,,,0,0.0274498209209969,0,0,,,,,,0.140024325177903,,,,,,0,,,,0.0167857166855937,,0,,0,,,,,,0,0,,0,,,0.378021328208471,,0,,,0,,0,,,,,,0,0,0.371987071369534
0,0,2005,2005-09-18,298,St. Wendel,10,Saarland,zweitstimme,187024,153996,149286,4710,0.823402344084182,spd,0,,,,0,0,,,,,,0,,,,,0,,,0.334927588655333,0,0,0,,,0,,0,,,,,0,,,0.0221521107136637,0.0678362338062511,,,,,,,0.00637032273622443,0.0463874710287636,0,0,,,,,,0.169379580134775,,,,,,0.000937797248234932,,,,0.0167597765363129,,0,,0,,,,,,0,0,,0,,,0.335249119140442,,0,,,0,,0,,,,,,0,0,0.334927588655333
0,0,2005,2005-09-18,299,Homburg,10,Saarland,erststimme,205095,161665,157504,4161,0.788244472073917,spd,0,,,,0,0,,,,,,0,,,,,0,,,0.327477397399431,0,0,0,,,0,,0,,,,,0,,,0.0333070906135717,0.0343673811458757,,,,,,,0,0.0279357984559122,0,0,,,,,,0.154199258431532,,,,,,0,,,,0.0202280577001219,,0,,0,,,,,,0,0,,0,,,0.401050132060138,,0,,,0,,0,,,,,,0,0.00143488419341731,0.327477397399431
0,0,2005,2005-09-18,299,Homburg,10,Saarland,zweitstimme,205095,161665,157656,4009,0.788244472073917,spd,0,,,,0,0,,,,,,0,,,,,0,,,0.288266859491551,0,0,0,,,0,,0,,,,,0,,,0.0266846805703557,0.074656213528188,,,,,,,0.0067742426548942,0.057295630994063,0,0,,,,,,0.181661338610646,,,,,,0.000926066879788907,,,,0.0206906175470645,,0,,0,,,,,,0,0,,0,,,0.343044349723449,,0,,,0,,0,,,,,,0,0,0.288266859491551
0,0,2009,2009-09-27,001,Flensburg - Schleswig,01,Schleswig-Holstein,erststimme,225216,163329,159212,4117,0.725210464620631,cdu,,,0,,,,,,,,,0,,,,,0,,,0.38811772981936,0,0,,,,,,,,,0,,,,0,0,0.0960480365801573,,0,,0,,,,0.10300103007311,,,,,,,,0.0748561666206065,,,,,,0,,,,0.00817777554455694,0,,,0,,,0,,,,0,0,0,,,0.327481596864558,,,,,0,,,,0,0,,,0.00231766449765093,0,0.38811772981936
0,0,2009,2009-09-27,001,Flensburg - Schleswig,01,Schleswig-Holstein,zweitstimme,225216,163329,159148,4181,0.725210464620631,cdu,,,0,,,,,,,,,0,,,,,0,,,0.320883705733028,0,0,,,,,,,,,0,,,,0.00099907004800563,0,0.151978033025863,,0,,0,,,,0.138028753110312,,,,,,,,0.0847073164601503,,,,,,0.000295322592806696,,,,0.00779148968255963,0,,,0,,,0.0212695101415035,,,,0,0.0114421796064041,0,,,0.262604619599367,,,,,0,,,,0,0,,,0,0,0.320883705733028
0,0,2009,2009-09-27,002,Nordfriesland - Dithmarschen Nord,01,Schleswig-Holstein,erststimme,187047,134671,131289,3382,0.719984816650361,cdu,,,0,,,,,,,,,0,,,,,0,,,0.432260128418984,0,0,,,,,,,,,0,,,,0,0,0.115653253509433,,0,,0,,,,0.097799511002445,,,,,,,,0.0625185659118433,,,,,,0,,,,0.0093762615299073,0,,,0,,,0,,,,0,0,0,,,0.279094212005576,,,,,0,,,,0,0,,,0,0.00329806762181142,0.432260128418984
0,0,2009,2009-09-27,002,Nordfriesland - Dithmarschen Nord,01,Schleswig-Holstein,zweitstimme,187047,134671,131453,3218,0.719984816650361,cdu,,,0,,,,,,,,,0,,,,,0,,,0.364746335192046,0,0,,,,,,,,,0,,,,0.00147581264786654,0,0.171962602603212,,0,,0,,,,0.113553893787133,,,,,,,,0.0672179410131378,,,,,,0.000403185929571786,,,,0.00856579918297795,0,,,0,,,0.0169870600138453,,,,0,0.00983621522521357,0,,,0.245251154404996,,,,,0,,,,0,0,,,0,0,0.364746335192046
0,0,2009,2009-09-27,003,Steinburg - Dithmarschen Süd,01,Schleswig-Holstein,erststimme,177604,128320,124972,3348,0.722506249859237,cdu,,,0,,,,,,,,,0,,,,,0,,,0.398321223954166,0,0,,,,,,,,,0,,,,0,0,0.128324744742822,,0,,0,,,,0.0853391159619755,,,,,,,,0.0711839452037256,,,,,,0,,,,0.0128268732196012,0,,,0,,,0,,,,0,0,0,,,0.298282815350639,,,,,0,,,,0,0,,,0,0.00572128156707102,0.398321223954166
0,0,2009,2009-09-27,003,Steinburg - Dithmarschen Süd,01,Schleswig-Holstein,zweitstimme,177604,128320,125290,3030,0.722506249859237,cdu,,,0,,,,,,,,,0,,,,,0,,,0.347034879080533,0,0,,,,,,,,,0,,,,0.00113337058025381,0,0.175353180620959,,0,,0,,,,0.102953148695028,,,,,,,,0.0782823848671083,,,,,,0.000351185250219491,,,,0.0120680022348152,0,,,0,,,0.0203448000638519,,,,0,0.0128022986670923,0,,,0.249676749940139,,,,,0,,,,0,0,,,0,0,0.347034879080533
0,0,2009,2009-09-27,004,Rendsburg-Eckernförde,01,Schleswig-Holstein,erststimme,198910,150018,146614,3404,0.754200392137147,cdu,,,0,,,,,,,,,0,,,,,0,,,0.401571473392718,0,0,,,,,,,,,0,,,,0,0,0.0976509746681763,,0,,0,,,,0.100877133152359,,,,,,,,0.0595372883899218,,,,,,0,,,,0.00916692812419005,0,,,0,,,0,,,,0,0,0,,,0.324730244042179,,,,,0,,,,0,0,,,0,0.00646595823045548,0.401571473392718
0,0,2009,2009-09-27,004,Rendsburg-Eckernförde,01,Schleswig-Holstein,zweitstimme,198910,150018,146992,3026,0.754200392137147,cdu,,,0,,,,,,,,,0,,,,,0,,,0.338719113965386,0,0,,,,,,,,,0,,,,0.00092522042015892,0,0.159478066833569,,0,,0,,,,0.127564765429411,,,,,,,,0.0668131598998585,,,,,,0.000374170022858387,,,,0.00829977141613149,0,,,0,,,0.0203072276042234,,,,0,0.0104767606400348,0,,,0.267041743768368,,,,,0,,,,0,0,,,0,0,0.338719113965386
0,0,2009,2009-09-27,005,Kiel,01,Schleswig-Holstein,erststimme,200347,145483,142041,3442,0.726155120865299,spd,,,0,,,,,,,,,0,,,,,0,,,0.300849754648306,0,0,,,,,,,,,0,,,,0,0,0.0858062108827733,,0,,0,,,,0.131645088389972,,,,,,,,0.0831942889729022,,,,,,0,,,,0.00979998732760259,0,,,0,,,0,,,,0,0,0,,,0.382973930062447,,,,,0,,,,0,0,,,0,0.00573073971599749,0.300849754648306
0,0,2009,2009-09-27,005,Kiel,01,Schleswig-Holstein,zweitstimme,200347,145483,143220,2263,0.726155120865299,spd,,,0,,,,,,,,,0,,,,,0,,,0.254133500907694,0,0,,,,,,,,,0,,,,0.000970534841502583,0,0.13375226923614,,0,,0,,,,0.172175673788577,,,,,,,,0.0937718195782712,,,,,,0.000558581203742494,,,,0.008902387934646,0,,,0,,,0.0297933249546153,,,,0,0.0101103197877391,0,,,0.295831587767072,,,,,0,,,,0,0,,,0,0,0.254133500907694
0,0,2009,2009-09-27,006,Plön - Neumünster,01,Schleswig-Holstein,erststimme,175132,127971,124679,3292,0.730711691752507,cdu,,,0,,,,,,,,,0,,,,,0,,,0.38607945203282,0,0,,,,,,,,,0,,,,0,0,0.100377770113652,,0,,0,,,,0.0977470143328066,,,,,,,,0.0631301181433922,,,,,,0,,,,0.0109320735649147,0,,,0,,,0,,,,0,0,0,,,0.334322540283448,,,,,0,,,,0,0,,,0,0.00741103152896639,0.38607945203282
0,0,2009,2009-09-27,006,Plön - Neumünster,01,Schleswig-Holstein,zweitstimme,175132,127971,124940,3031,0.730711691752507,cdu,,,0,,,,,,,,,0,,,,,0,,,0.321034096366256,0,0,,,,,,,,,0,,,,0.00104850328157516,0,0.158251960941252,,0,,0,,,,0.125668320793981,,,,,,,,0.071522330718745,,,,,,0.000336161357451577,,,,0.010525052024972,0,,,0,,,0.0182567632463583,,,,0,0.00876420681927325,0,,,0.284592604450136,,,,,0,,,,0,0,,,0,0,0.321034096366256
0,0,2009,2009-09-27,007,Pinneberg,01,Schleswig-Holstein,erststimme,232899,176188,172804,3384,0.756499598538422,cdu,,,0,,,,,,,,,0,,,,,0,,,0.407733617277378,0,0,,,,,,,,,0,,,,0,0,0.0984815166315594,,0,,0,,,,0.0934179764357307,,,,,,,,0.0682507349366913,,,,,,0,,,,0.011064558690771,0,,,0,,,0,,,,0,0,0,,,0.317990324298049,,,,,0,,,,0,0,,,0,0.00306127172982107,0.407733617277378
0,0,2009,2009-09-27,007,Pinneberg,01,Schleswig-Holstein,zweitstimme,232899,176188,172995,3193,0.756499598538422,cdu,,,0,,,,,,,,,0,,,,,0,,,0.330662735917223,0,0,,,,,,,,,0,,,,0.00111563918032313,0,0.165553917743287,,0,,0,,,,0.121263620335848,,,,,,,,0.0775282522616261,,,,,,0.000323708777710338,,,,0.0100754357062343,0,,,0,,,0.021150900315038,,,,0,0.00908118731755253,0,,,0.263244602445157,,,,,0,,,,0,0,,,0,0,0.330662735917223
0,0,2009,2009-09-27,008,Segeberg - Stormarn-Nord,01,Schleswig-Holstein,erststimme,240010,180295,176621,3674,0.751197866755552,cdu,,,0,,,,,,,,,0,,,,,0,,,0.397970796224685,0,0,,,,,,,,,0,,,,0,0,0.113712412453785,,0,,0,,,,0.0941733995391261,,,,,,,,0.0709258808408966,,,,,,0,,,,0.0101743280810323,0,,,0,,,0,,,,0,0,0,,,0.306107427769065,,,,,0,,,,0,0,,,0,0.00693575509141042,0.397970796224685
0,0,2009,2009-09-27,008,Segeberg - Stormarn-Nord,01,Schleswig-Holstein,zweitstimme,240010,180295,176992,3303,0.751197866755552,cdu,,,0,,,,,,,,,0,,,,,0,,,0.328969670945579,0,0,,,,,,,,,0,,,,0.00131644368107033,0,0.177448698246248,,0,,0,,,,0.120033673838366,,,,,,,,0.0806816127282589,,,,,,0.00032769842704755,,,,0.00953150424877961,0,,,0,,,0.0203286024227084,,,,0,0.0102490508045561,0,,,0.251113044657386,,,,,0,,,,0,0,,,0,0,0.328969670945579
0,0,2009,2009-09-27,009,Ostholstein,01,Schleswig-Holstein,erststimme,179987,131917,127874,4043,0.73292515570569,cdu,,,0,,,,,,,,,0,,,,,0,,,0.386028434239955,0,0,,,,,,,,,0,,,,0,0,0.112587390712733,,0,,0,,,,0.0814160814551824,,,,,,,,0.0643993305910506,,,,,,0,,,,0.00993165146941521,0,,,0,,,0,,,,0,0,0,,,0.342250965794454,,,,,0,,,,0,0,,,0,0.00338614573721007,0.386028434239955
0,0,2009,2009-09-27,009,Ostholstein,01,Schleswig-Holstein,zweitstimme,179987,131917,128823,3094,0.73292515570569,cdu,,,0,,,,,,,,,0,,,,,0,,,0.327526916777284,0,0,,,,,,,,,0,,,,0.00102466174518525,0,0.176218532404928,,0,,0,,,,0.105967102147908,,,,,,,,0.0725181062387928,,,,,,0.000333791326083075,,,,0.00925300606258199,0,,,0,,,0.0160064584740303,,,,0,0.00914432981688053,0,,,0.282007095006327,,,,,0,,,,0,0,,,0,0,0.327526916777284
0,0,2009,2009-09-27,010,Herzogtum Lauenburg - Stormarn-Süd,01,Schleswig-Holstein,erststimme,237144,181568,177684,3884,0.765644502918058,cdu,,,0,,,,,,,,,0,,,,,0,,,0.398876657436798,0,0,,,,,,,,,0,,,,0,0,0.111107359131942,,0,,0,,,,0.105586321784741,,,,,,,,0.0695110420746944,,,,,,0,,,,0.0131131671956957,0,,,0,,,0,,,,0,0,0,,,0.298693185655433,,,,,0,,,,0.00311226672069517,0,,,0,0,0.398876657436798
0,0,2009,2009-09-27,010,Herzogtum Lauenburg - Stormarn-Süd,01,Schleswig-Holstein,zweitstimme,237144,181568,178309,3259,0.765644502918058,cdu,,,0,,,,,,,,,0,,,,,0,,,0.331306888603492,0,0,,,,,,,,,0,,,,0.00114408134194012,0,0.172251540864454,,0,,0,,,,0.124727299238962,,,,,,,,0.0777021911400995,,,,,,0.000269195609868262,,,,0.0119231222204151,0,,,0,,,0.0182155696010858,,,,0,0.00810390950540915,0,,,0.254356201874274,,,,,0,,,,0,0,,,0,0,0.331306888603492
0,0,2009,2009-09-27,011,Lübeck,01,Schleswig-Holstein,erststimme,180424,124624,121100,3524,0.69072850618543,spd,,,0,,,,,,,,,0,,,,,0,,,0.303426919900908,0,0,,,,,,,,,0,,,,0,0,0.109793559042114,,0,,0,,,,0.116416184971098,,,,,,,,0.0906110652353427,,,,,,0,,,,0.0131709331131296,0,,,0,,,0,,,,0,0,0,,,0.366581337737407,,,,,0,,,,0,0,,,0,0,0.303426919900908
0,0,2009,2009-09-27,011,Lübeck,01,Schleswig-Holstein,zweitstimme,180424,124624,121340,3284,0.69072850618543,spd,,,0,,,,,,,,,0,,,,,0,,,0.271715839789023,0,0,,,,,,,,,0,,,,0.00118674798088017,0,0.141527938025383,,0,,0,,,,0.138157244107467,,,,,,,,0.0989121476841932,,,,,,0.000741717488050107,,,,0.0116367232569639,0,,,0,,,0.0248063293225647,,,,0,0.00986484259106643,0,,,0.301450469754409,,,,,0,,,,0,0,,,0,0,0.271715839789023
0,0,2009,2009-09-27,012,Wismar - Nordwestmecklenburg - Parchim,13,Mecklenburg-Vorpommern,erststimme,216789,136923,134475,2448,0.631595699043771,cdu,,,0,,,,,,,,,0,,,,,0,,,0.337482803495073,0,0,,,,,,,,,0,,,,0,0,0.074132738427217,,0,,0,,,,0.0484848484848485,,,,,,,,0.300568878973787,,,,,,0,,,,0.0295668339840119,0,,,0,,,0,,,,0,0,0,,,0.205168246886038,,,,,0,,,,0,0,,,0,0.00459564974902398,0.337482803495073
0,0,2009,2009-09-27,012,Wismar - Nordwestmecklenburg - Parchim,13,Mecklenburg-Vorpommern,zweitstimme,216789,136923,134809,2114,0.631595699043771,cdu,,,0,,,,,,,,,0,,,,,0,,,0.328909790889332,0,0,,,,,,,,,0,,,,0,0,0.095431313933046,,0,,0,,,,0.0529564049877976,,,,,,,,0.28533703239398,,,,,,0.00182480398192999,,,,0.0279358203087331,0,,,0,,,0.0203621419934871,,,,0,0,0.00144649096128597,,,0.185796200550408,,,,,0,,,,0,0,,,0,0,0.328909790889332
0,0,2009,2009-09-27,013,Schwerin - Ludwigslust,13,Mecklenburg-Vorpommern,erststimme,183166,120292,118260,2032,0.656737604140506,cdu,,,0,,,,,,,,,0,,,,,0,,,0.292854726872992,0,0,,,,,,,,,0,,,,0,0,0.0794943345171656,,0,,0,,,,0.0537206155927617,,,,,,,,0.28480466768138,,,,,,0,,,,0.0333587011669203,0,,,0,,,0,,,,0,0,0,,,0.255766954168781,,,,,0,,,,0,0,,,0,0,0.292854726872992
0,0,2009,2009-09-27,013,Schwerin - Ludwigslust,13,Mecklenburg-Vorpommern,zweitstimme,183166,120292,118564,1728,0.656737604140506,cdu,,,0,,,,,,,,,0,,,,,0,,,0.309141054620289,0,0,,,,,,,,,0,,,,0,0,0.0961927735231605,,0,,0,,,,0.0576313214803819,,,,,,,,0.275150973313991,,,,,,0.0017796295671536,,,,0.0303464795384771,0,,,0,,,0.0217519651833609,,,,0,0,0.0016699841435849,,,0.206335818629601,,,,,0,,,,0,0,,,0,0,0.309141054620289
0,0,2009,2009-09-27,014,Rostock,13,Mecklenburg-Vorpommern,erststimme,198527,130659,128502,2157,0.658142217431382,linke_pds,,,0,,,,,,,,,0,,,,,0,,,0.268610605282408,0,0,,,,,,,,,0,,,,0,0,0.0662791240603259,,0,,0,,,,0.106823240105212,,,,,,,,0.323255669172464,,,,,,0.00431121694603975,,,,0.0250190658511152,0,,,0,,,0,,,,0,0,0,,,0.197576691413363,,,,,0,,,,0,0,,,0,0.0081243871690713,0.268610605282408
0,0,2009,2009-09-27,014,Rostock,13,Mecklenburg-Vorpommern,zweitstimme,198527,130659,128748,1911,0.658142217431382,linke_pds,,,0,,,,,,,,,0,,,,,0,,,0.269977009351602,0,0,,,,,,,,,0,,,,0,0,0.0950228353061795,,0,,0,,,,0.0836673191039861,,,,,,,,0.311033957809053,,,,,,0.00251654394631373,,,,0.0232935657252928,0,,,0,,,0.0327383726349147,,,,0,0,0.00137477863733806,,,0.18037561748532,,,,,0,,,,0,0,,,0,0,0.269977009351602
0,0,2009,2009-09-27,015,Stralsund - Nordvorpommern - Rügen,13,Mecklenburg-Vorpommern,erststimme,199517,119369,117306,2063,0.598289870036137,cdu,,,0,,,,,,,,,0,,,,,0,,,0.493282526042999,0,0,,,,,,,,,0,,,,0,0,0.0483180740968066,,0,,0,,,,0.0318398035906092,,,,,,,,0.263712001091163,,,,,,0,,,,0.0278076142737797,0,,,0,,,0,,,,0,0,0,,,0.119686972533374,,,,,0,,,,0,0,,,0,0.0153530083712683,0.493282526042999
0,0,2009,2009-09-27,015,Stralsund - Nordvorpommern - Rügen,13,Mecklenburg-Vorpommern,zweitstimme,199517,119369,117100,2269,0.598289870036137,cdu,,,0,,,,,,,,,0,,,,,0,,,0.372758326216909,0,0,,,,,,,,,0,,,,0,0,0.111759180187874,,0,,0,,,,0.0456789069171648,,,,,,,,0.286268146883006,,,,,,0.0017933390264731,,,,0.0293253629376601,0,,,0,,,0.0218958155422716,,,,0,0,0.00201537147736977,,,0.128505550811272,,,,,0,,,,0,0,,,0,0,0.372758326216909
0,0,2009,2009-09-27,016,Greifswald - Demmin - Ostvorpommern,13,Mecklenburg-Vorpommern,erststimme,204944,123824,121364,2460,0.604184557732844,cdu,,,0,,,,,,,,,0,,,,,0,,,0.380236313898685,0,0,,,,,,,,,0,,,,0,0,0.085807982597805,,0,,0,,,,0.0472627797369896,,,,,,,,0.291560924162025,,,,,,0,,,,0.0457466794106984,0,,,0,,,0,,,,0,0,0,,,0.131793612603408,,,,,0,,,,0,0,,,0,0.0175917075903892,0.380236313898685
0,0,2009,2009-09-27,016,Greifswald - Demmin - Ostvorpommern,13,Mecklenburg-Vorpommern,zweitstimme,204944,123824,121500,2324,0.604184557732844,cdu,,,0,,,,,,,,,0,,,,,0,,,0.367728395061728,0,0,,,,,,,,,0,,,,0,0,0.104411522633745,,0,,0,,,,0.0513662551440329,,,,,,,,0.281465020576132,,,,,,0.00174485596707819,,,,0.0434074074074074,0,,,0,,,0.0244279835390947,,,,0,0,0.00247736625514403,,,0.122971193415638,,,,,0,,,,0,0,,,0,0,0.367728395061728
0,0,2009,2009-09-27,017,Bad Doberan - Güstrow - Müritz,13,Mecklenburg-Vorpommern,erststimme,211429,132878,130262,2616,0.62847575308969,cdu,,,0,,,,,,,,,0,,,,,0,,,0.346808739310006,0,0,,,,,,,,,0,,,,0,0,0.0728147886567073,,0,,0,,,,0.0480186086502587,,,,,,,,0.273303035420921,,,,,,0,,,,0.0316132102992431,0.00401498518370668,,,0,,,0,,,,0,0,0,,,0.218459719641952,,,,,0,,,,0,0,,,0,0.00496691283720502,0.346808739310006
0,0,2009,2009-09-27,017,Bad Doberan - Güstrow - Müritz,13,Mecklenburg-Vorpommern,zweitstimme,211429,132878,130552,2326,0.62847575308969,cdu,,,0,,,,,,,,,0,,,,,0,,,0.342039953428519,0,0,,,,,,,,,0,,,,0,0,0.099868251731111,,0,,0,,,,0.0517954531527667,,,,,,,,0.278908021324836,,,,,,0.0021217599117593,,,,0.0296357007169557,0,,,0,,,0.0193409522642319,,,,0,0,0.00181536858876157,,,0.174474538881059,,,,,0,,,,0,0,,,0,0,0.342039953428519
0,0,2009,2009-09-27,018,Neubrandenburg - Mecklenburg-Strelitz - Uecker-Randow,13,Mecklenburg-Vorpommern,erststimme,185926,118231,115540,2691,0.635903531512537,cdu,,,0,,,,,,,,,0,,,,,0,,,0.32977323870521,0,0,,,,,,,,,0,,,,0,0,0.0693699151808897,,0,,0,,,,0.0389475506318158,,,,,,,,0.32760083088108,,,,,,0,,,,0.0496191795049334,0,,,0,,,0,,,,0,0,0,,,0.170469101609832,,,,,0,,,,0,0,,,0,0.0142201834862385,0.32977323870521
0,0,2009,2009-09-27,018,Neubrandenburg - Mecklenburg-Strelitz - Uecker-Randow,13,Mecklenburg-Vorpommern,zweitstimme,185926,118231,115994,2237,0.635903531512537,cdu,,,0,,,,,,,,,0,,,,,0,,,0.334034519026846,0,0,,,,,,,,,0,,,,0,0,0.0852457885752711,,0,,0,,,,0.0409072883080159,,,,,,,,0.312688587340725,,,,,,0.00215528389399452,,,,0.0455454592478921,0,,,0,,,0.0212683414659379,,,,0,0,0.00206045140265876,,,0.156094280738659,,,,,0,,,,0,0,,,0,0,0.334034519026846
0,0,2009,2009-09-27,019,Hamburg-Mitte,02,Hamburg,erststimme,252967,167220,164493,2727,0.661034838536252,spd,,,0,,,,,,,,,0,,,,,0,,,0.264977841002353,0,0,,,,,,,,,0,,,,0,0,0.0779242885715502,,0,,0,,,,0.165435611241816,,,,,,,,0.132029934404504,,,,,,0,,,,0.0142741636422219,0,,,0,,,0,,,,0,0,0,,,0.345358161137556,,,,,0,,,,0,0,,,0,0,0.264977841002353
0,0,2009,2009-09-27,019,Hamburg-Mitte,02,Hamburg,zweitstimme,252967,167220,165131,2089,0.661034838536252,spd,,,0,,,,,,,,,0,,,,,0,,,0.234292773616099,0,0,,,,,,,,,0,,,,0.00147155894411104,0,0.115696023157372,,0,,0,,,,0.168744814722856,,,,,,,,0.13747872900909,,,,,,0.000799365352356614,,,,0.0110336641817708,0.00408766373364178,,,0,,,0.0381696955750283,,,,0,0.00712161859372256,0,,,0.281104093113952,,,,,0,,,,0,0,,,0,0,0.234292773616099
0,0,2009,2009-09-27,020,Hamburg-Altona,02,Hamburg,erststimme,173956,130630,129155,1475,0.750937018556417,spd,,,0,,,,,,,,,0,,,,,0.00116913785761295,,,0.301722736247145,0,0,,,,,,,,,0,,,,0,0,0.0814292903875189,,0,,0,,,,0.137811157136774,,,,,,,,0.0975959118888158,,,,,,0.00122333630134335,,,,0.00596957144516279,0.00548952808640781,,,0,,,0,,,,0,0,0,,,0.360202857032248,,,,,0,,,,0,0,,,0,0.00738647361697186,0.301722736247145
0,0,2009,2009-09-27,020,Hamburg-Altona,02,Hamburg,zweitstimme,173956,130630,129336,1294,0.750937018556417,spd,,,0,,,,,,,,,0,,,,,0,,,0.262231706562751,0,0,,,,,,,,,0,,,,0.000804107131811715,0,0.13165707923548,,0,,0,,,,0.189135275561329,,,,,,,,0.121157295725861,,,,,,0.000649471144924847,,,,0.00614678047875302,0.00421383064266716,,,0,,,0.0258551370074844,,,,0,0.00583750850497928,0,,,0.252311808003959,,,,,0,,,,0,0,,,0,0,0.262231706562751
0,0,2009,2009-09-27,021,Hamburg-Eimsbüttel,02,Hamburg,erststimme,186357,142023,140132,1891,0.762101772404578,cdu,,,0,,,,,,,,,0,,,,,0,,,0.311948734050752,0,0,,,,,,,,,0,,,,0,0,0.083721062997745,,0,,0,,,,0.260597151257386,,,,,,,,0.0894870550623698,,,,,,0,,,,0.00691490880027403,0,,,0,,,0,,,,0,0,0,,,0.238089801044729,,,,,0,,,,0,0,,,0,0.00924128678674393,0.311948734050752
0,0,2009,2009-09-27,021,Hamburg-Eimsbüttel,02,Hamburg,zweitstimme,186357,142023,140725,1298,0.762101772404578,cdu,,,0,,,,,,,,,0,,,,,0,,,0.267862853082253,0,0,,,,,,,,,0,,,,0.00102327233966957,0,0.133956297743827,,0,,0,,,,0.183471309291171,,,,,,,,0.104686445194528,,,,,,0.00049742405400604,,,,0.00567774027358323,0.00304139278735122,,,0,,,0.0250914904956475,,,,0,0.00663705809202345,0,,,0.268054716645941,,,,,0,,,,0,0,,,0,0,0.267862853082253
0,0,2009,2009-09-27,022,Hamburg-Nord,02,Hamburg,erststimme,207016,163012,161191,1821,0.787436719867063,cdu,,,0,,,,,,,,,0,,,,,0,,,0.383848974198311,0,0,,,,,,,,,0,,,,0,0,0.0791979701099937,,0,,0,,,,0.131942850407281,,,,,,,,0.0670322784770862,,,,,,0,,,,0.00626585851567395,0,,,0,,,0,,,,0,0,0,,,0.331712068291654,,,,,0,,,,0,0,,,0,0,0.383848974198311
0,0,2009,2009-09-27,022,Hamburg-Nord,02,Hamburg,zweitstimme,207016,163012,161655,1357,0.787436719867063,cdu,,,0,,,,,,,,,0,,,,,0,,,0.310377037518171,0,0,,,,,,,,,0,,,,0.000940274040394668,0,0.15631437320219,,0,,0,,,,0.162729269122514,,,,,,,,0.0830719742661842,,,,,,0.00028455661748786,,,,0.00491169465837741,0.00254245151711979,,,0,,,0.020345798150382,,,,0,0.00541894775911664,0,,,0.253063623148062,,,,,0,,,,0,0,,,0,0,0.310377037518171
0,0,2009,2009-09-27,023,Hamburg-Wandsbek,02,Hamburg,erststimme,217147,150049,147923,2126,0.69100194798915,cdu,,,0,,,,,,,,,0,,,,,0,,,0.364770860515268,0,0,,,,,,,,,0,,,,0,0,0.0771212049512246,,0,,0,,,,0.0940624514105312,,,,,,,,0.0947858007206452,,,,,,0,,,,0.0133312601826626,0.0080447259722964,,,0,,,0,,,,0,0,0,,,0.347883696247372,,,,,0,,,,0,0,,,0,0,0.364770860515268
0,0,2009,2009-09-27,023,Hamburg-Wandsbek,02,Hamburg,zweitstimme,217147,150049,148363,1686,0.69100194798915,cdu,,,0,,,,,,,,,0,,,,,0,,,0.301759872744552,0,0,,,,,,,,,0,,,,0.00175919872205334,0,0.136024480497159,,0,,0,,,,0.118075261352224,,,,,,,,0.109225345942048,,,,,,0.000337011249435506,,,,0.0112831366311007,0.00355209856905024,,,0,,,0.0212856305143466,,,,0,0.0088566556351651,0,,,0.287841308142866,,,,,0,,,,0,0,,,0,0,0.301759872744552
0,0,2009,2009-09-27,024,Hamburg-Bergedorf - Harburg,02,Hamburg,erststimme,219191,143119,140764,2355,0.652941954733543,spd,,,0,,,,,,,,,0,,,,,0.00355204455684692,,,0.328940638231366,0,0,,,,,,,,,0,,,,0,0,0.0762055639225938,,0,,0,,,,0.0833167571254014,,,,,,,,0.102512005910602,,,,,,0,,,,0.0149967321190077,0,,,0,,,0,,,,0,0,0,,,0.390476258134182,,,,,0,,,,0,0,,,0,0,0.328940638231366
0,0,2009,2009-09-27,024,Hamburg-Bergedorf - Harburg,02,Hamburg,zweitstimme,219191,143119,141128,1991,0.652941954733543,spd,,,0,,,,,,,,,0,,,,,0,,,0.29351368970013,0,0,,,,,,,,,0,,,,0.001984014511649,0,0.118396065982654,,0,,0,,,,0.116801768607222,,,,,,,,0.11590896207698,,,,,,0.000446403265121025,,,,0.0127189501728927,0.00284847797743892,,,0,,,0.0251048693384729,,,,0,0.0107491071934698,0,,,0.30152769117397,,,,,0,,,,0,0,,,0,0,0.29351368970013
0,0,2009,2009-09-27,025,Aurich - Emden,03,Niedersachsen,erststimme,189804,132885,130446,2439,0.700116962761586,spd,,,0,,,,,,,,,0,,,,,0,,,0.258390445088389,0,0,,,,,,,,,0,,,,0,0,0.0714011928307499,,0,,0,,,,0.11078147279334,,,,,,,,0.101290955644481,,,,,,0,,,,0.0144580899375987,0,,,0,,,0,,,,0,0,0,,,0.443677843705441,,,,,0,,,,0,0,,,0,0,0.258390445088389
0,0,2009,2009-09-27,025,Aurich - Emden,03,Niedersachsen,zweitstimme,189804,132885,130764,2121,0.700116962761586,spd,,,0,,,,,,,,,0,,,,,0,,,0.245901012511089,0,0,,,,,,,,,0,,,,0.000940625860328531,0,0.104149460096051,,0,,0,,,,0.10431770211985,,,,,,,,0.114542228747973,,,,,,0.00024471567097978,,,,0.0130922883974183,0.000940625860328531,,,0,,,0.015409439907008,,,,0,0.00490960814903184,0,,,0.387583738643663,,,,,0.0079685540362791,,,,0,0,,,0,0,0.245901012511089
0,0,2009,2009-09-27,026,Unterems,03,Niedersachsen,erststimme,231076,164653,162261,2392,0.712549118039087,cdu,,,0,,,,,,,,,0,,,,,0,,,0.452388435914977,0,0,,,,,,,,,0,,,,0,0,0.0953402234671301,,0,,0,,,,0.0738378291764503,,,,,,,,0.0743370249166466,,,,,,0,,,,0.0114753391141433,0,,,0,,,0,,,,0,0,0,,,0.292621147410653,,,,,0,,,,0,0,,,0,0,0.452388435914977
0,0,2009,2009-09-27,026,Unterems,03,Niedersachsen,zweitstimme,231076,164653,162517,2136,0.712549118039087,cdu,,,0,,,,,,,,,0,,,,,0,,,0.391005248681676,0,0,,,,,,,,,0,,,,0.000935286769999446,0,0.127562039663543,,0,,0,,,,0.0752044401508765,,,,,,,,0.0874923854119877,,,,,,0.000172289668157793,,,,0.0105035165551912,0.00187057353999889,,,0,,,0.0178381338567658,,,,0,0.00398727517736606,0,,,0.276358780927534,,,,,0.00707002959690371,,,,0,0,,,0,0,0.391005248681676
0,0,2009,2009-09-27,027,Friesland - Wilhelmshaven,03,Niedersachsen,erststimme,190546,132735,130105,2630,0.696603444837467,spd,,,0,,,,,,,,,0,,,,,0,,,0.324437953960263,0,0,,,,,,,,,0,,,,0,0,0.0944083624764613,,0,,0,,,,0.0752776603512548,,,,,,,,0.0926559317474348,,,,,,0,,,,0.0146881365051305,0,,,0,,,0,,,,0,0,0,,,0.398531954959456,,,,,0,,,,0,0,,,0,0,0.324437953960263
0,0,2009,2009-09-27,027,Friesland - Wilhelmshaven,03,Niedersachsen,zweitstimme,190546,132735,130796,1939,0.696603444837467,spd,,,0,,,,,,,,,0,,,,,0,,,0.29609468179455,0,0,,,,,,,,,0,,,,0.000810422337074528,0,0.146824061897917,,0,,0,,,,0.0918147343955473,,,,,,,,0.103764641120524,,,,,,0.00064986696840882,,,,0.0120034251811982,0.000856295299550445,,,0,,,0.018746750665158,,,,0,0.00818832380195113,0,,,0.310483501024496,,,,,0.00976329551362427,,,,0,0,,,0,0,0.29609468179455
0,0,2009,2009-09-27,028,Oldenburg - Ammerland,03,Niedersachsen,erststimme,215591,158347,156456,1891,0.734478712005603,cdu,,,0,,,,,,,,,0,,,,,0,,,0.355435393976581,0,0,,,,,,,,,0,,,,0,0,0.0884593751597893,,0,,0,,,,0.138383954594263,,,,,,,,0.0899933527637163,,,,,,0,,,,0.00989415554532904,0,,,0,,,0,,,,0,0.0045188423582349,0,,,0.313314925602086,,,,,0,,,,0,0,,,0,0,0.355435393976581
0,0,2009,2009-09-27,028,Oldenburg - Ammerland,03,Niedersachsen,zweitstimme,215591,158347,156857,1490,0.734478712005603,cdu,,,0,,,,,,,,,0,,,,,0,,,0.281084044703137,0,0,,,,,,,,,0,,,,0.000790528953122908,0,0.146101225957401,,0,,0,,,,0.154095768757531,,,,,,,,0.0971840593661743,,,,,,0.000337887375125114,,,,0.00857468904798638,0.00122404483064192,,,0,,,0.0255009339717067,,,,0,0.0052340666976928,0,,,0.271272560357523,,,,,0.00860018998195809,,,,0,0,,,0,0,0.281084044703137
0,0,2009,2009-09-27,029,Delmenhorst - Wesermarsch - Oldenburg-Land,03,Niedersachsen,erststimme,226440,161584,159614,1970,0.713584172407702,cdu,,,0,,,,,,,,,0,,,,,0,,,0.352556793263749,0,0,,,,,,,,,0,,,,0,0,0.101263047101131,,0,,0,,,,0.0905058453519115,,,,,,,,0.0861515907125941,,,,,,0,,,,0.0146979588256669,0,,,0,,,0,,,,0,0.0079003094966607,0,,,0.346924455248286,,,,,0,,,,0,0,,,0,0,0.352556793263749
0,0,2009,2009-09-27,029,Delmenhorst - Wesermarsch - Oldenburg-Land,03,Niedersachsen,zweitstimme,226440,161584,159763,1821,0.713584172407702,cdu,,,0,,,,,,,,,0,,,,,0,,,0.311774315705138,0,0,,,,,,,,,0,,,,0.00107033543436215,0,0.144645506155994,,0,,0,,,,0.104723872235749,,,,,,,,0.0995599732103178,,,,,,0.000306704305752896,,,,0.0125748765358688,0.00112040960672997,,,0,,,0.0180204427808692,,,,0,0.00942646294824208,0,,,0.287269267602636,,,,,0.00950783347833979,,,,0,0,,,0,0,0.311774315705138
0,0,2009,2009-09-27,030,Cuxhaven - Stade II,03,Niedersachsen,erststimme,189058,135824,133922,1902,0.718425033587576,cdu,,,0,,,,,,,,,0,,,,,0,,,0.385702125117606,0,0,,,,,,,,,0,,,,0,0,0.0778512865697944,,0,,0,,,,0.0625662699183107,,,,,,,,0.0769627096369529,,,,,,0,,,,0.0136497364137334,0,,,0,,,0,,,,0,0,0,,,0.376943295351025,,,,,0,,,,0,0,,,0,0.00632457699257777,0.385702125117606
0,0,2009,2009-09-27,030,Cuxhaven - Stade II,03,Niedersachsen,zweitstimme,189058,135824,134249,1575,0.718425033587576,cdu,,,0,,,,,,,,,0,,,,,0,,,0.347913206057401,0,0,,,,,,,,,0,,,,0.00167599013772915,0,0.127717897340017,,0,,0,,,,0.0885295234973817,,,,,,,,0.0887902330743618,,,,,,0.000208567661584071,,,,0.0116723402036514,0.0012886501947873,,,0,,,0.0144358617196404,,,,0,0.00703915857846241,0,,,0.302743409634336,,,,,0.0079851619006473,,,,0,0,,,0,0,0.347913206057401
0,0,2009,2009-09-27,031,Stade I - Rotenburg II,03,Niedersachsen,erststimme,192956,142114,140424,1690,0.736509877899625,cdu,,,0,,,,,,,,,0,,,,,0.00218623597105908,,,0.441769213239902,0,0,,,,,,,,,0,,,,0,0,0.0708283484304677,,0,,0,,,,0.0670042158035663,,,,,,,,0.0647752520936592,,,,,,0,,,,0.0167279097590156,0,,,0,,,0,,,,0,0,0,,,0.333639548795078,,,,,0,,,,0,0,,,0,0.00306927590725232,0.441769213239902
0,0,2009,2009-09-27,031,Stade I - Rotenburg II,03,Niedersachsen,zweitstimme,192956,142114,140690,1424,0.736509877899625,cdu,,,0,,,,,,,,,0,,,,,0,,,0.364652782713768,0,0,,,,,,,,,0,,,,0.000995095600255882,0,0.142554552562371,,0,,0,,,,0.101307839931765,,,,,,,,0.0749235908735518,,,,,,0.000305636505792878,,,,0.0146492288009098,0.00120833037173929,,,0,,,0.0177908877674319,,,,0,0.00594925012438695,0,,,0.26856208685763,,,,,0.00710071789039733,,,,0,0,,,0,0,0.364652782713768
0,0,2009,2009-09-27,032,Mittelems,03,Niedersachsen,erststimme,226979,169078,167303,1775,0.744905916406364,cdu,,,0,,,,,,,,,0,,,,,0,,,0.546182674548574,0,0,,,,,,,,,0,,,,0,0,0.0793649844892202,,0,,0,,,,0.0586899218782688,,,,,,,,0.0489829829710167,,,,,,0,,,,0.00675421241699193,0,,,0,,,0,,,,0,0,0,,,0.260025223695929,,,,,0,,,,0,0,,,0,0,0.546182674548574
0,0,2009,2009-09-27,032,Mittelems,03,Niedersachsen,zweitstimme,226979,169078,167528,1550,0.744905916406364,cdu,,,0,,,,,,,,,0,,,,,0,,,0.471873358483358,0,0,,,,,,,,,0,,,,0.000465593811183802,0,0.141761377202617,,0,,0,,,,0.0677916527386467,,,,,,,,0.0547311494197985,,,,,,0.000143259634210401,,,,0.00605271954538943,0.000943125925218471,,,0,,,0.0140095983954921,,,,0,0.00383219521512822,0,,,0.233304283463063,,,,,0.00509168616589466,,,,0,0,,,0,0,0.471873358483358
0,0,2009,2009-09-27,033,Cloppenburg - Vechta,03,Niedersachsen,erststimme,212449,148935,147227,1708,0.701038837556308,cdu,,,0,,,,,,,,,0,,,,,0,,,0.62275262010365,0,0,,,,,,,,,0,,,,0,0,0.0862613515184036,,0,,0,,,,0.0446589280498822,,,,,,,,0.0470497938557466,,,,,,0,,,,0.00873481087028874,0,,,0,,,0,,,,0,0,0,,,0.19054249560203,,,,,0,,,,0,0,,,0,0,0.62275262010365
0,0,2009,2009-09-27,033,Cloppenburg - Vechta,03,Niedersachsen,zweitstimme,212449,148935,147510,1425,0.701038837556308,cdu,,,0,,,,,,,,,0,,,,,0,,,0.544742729306488,0,0,,,,,,,,,0,,,,0.000576232119856281,0,0.15592841163311,,0,,0,,,,0.0530608094366484,,,,,,,,0.0509660362009355,,,,,,0.000237272049352586,,,,0.00767405599620365,0.000732153752287981,,,0,,,0.0132397803538743,,,,0,0.00252186292454749,0,,,0.16512778794658,,,,,0.0051928682801166,,,,0,0,,,0,0,0.544742729306488
0,0,2009,2009-09-27,034,Diepholz - Nienburg I,03,Niedersachsen,erststimme,193411,141838,140192,1646,0.733350223100031,cdu,,,0,,,,,,,,,0,,,,,0,,,0.375192593015293,0,0,,,,,,,,,0,,,,0,0,0.113615612873773,,0,,0,,,,0.0850048504907555,,,,,,,,0.0697258046108195,,,,,,0,,,,0.0118409039032184,0,,,0,,,0,,,,0,0,0,,,0.34462023510614,,,,,0,,,,0,0,,,0,0,0.375192593015293
0,0,2009,2009-09-27,034,Diepholz - Nienburg I,03,Niedersachsen,zweitstimme,193411,141838,140523,1315,0.733350223100031,cdu,,,0,,,,,,,,,0,,,,,0,,,0.338485514826754,0,0,,,,,,,,,0,,,,0.00137344064672687,0,0.157034791457626,,0,,0,,,,0.0996207026607744,,,,,,,,0.0832675078101094,,,,,,0.000192139365086143,,,,0.0102616653501562,0.00101762700767846,,,0,,,0.0173281242216577,,,,0,0.00666794759576724,0,,,0.277214406182618,,,,,0.00753613287504537,,,,0,0,,,0,0,0.338485514826754
0,0,2009,2009-09-27,035,Osterholz - Verden,03,Niedersachsen,erststimme,192320,144883,143241,1642,0.753343386023295,cdu,,,0,,,,,,,,,0,,,,,0,,,0.370564293742713,0,0,,,,,,,,,0,,,,0,0,0.0753066510286859,,0,,0,,,,0.0859949316187404,,,,,,,,0.0854643572720101,,,,,,0,,,,0.0168736604743055,0,,,0,,,0,,,,0,0,0,,,0.365796105863545,,,,,0,,,,0,0,,,0,0,0.370564293742713
0,0,2009,2009-09-27,035,Osterholz - Verden,03,Niedersachsen,zweitstimme,192320,144883,143546,1337,0.753343386023295,cdu,,,0,,,,,,,,,0,,,,,0,,,0.319813857578755,0,0,,,,,,,,,0,,,,0.00130271829239408,0,0.124622072367046,,0,,0,,,,0.118798155295167,,,,,,,,0.0963454223733159,,,,,,0.000167193791537208,,,,0.0138004542098003,0.00105889401306898,,,0,,,0.016294428266897,,,,0,0.00679921418917978,0,,,0.292442840622518,,,,,0.00855474900032045,,,,0,0,,,0,0,0.319813857578755
0,0,2009,2009-09-27,036,Rotenburg I - Soltau-Fallingbostel,03,Niedersachsen,erststimme,168573,121941,120239,1702,0.723372070260362,cdu,,,0,,,,,,,,,0,,,,,0,,,0.402065885444822,0,0,,,,,,,,,0,,,,0,0,0.0822944302597327,,0,,0,,,,0.0756909155931104,,,,,,,,0.0695780903034789,,,,,,0,,,,0.0177812523390913,0,,,0,,,0,,,,0,0,0,,,0.352589426059764,,,,,0,,,,0,0,,,0,0,0.402065885444822
0,0,2009,2009-09-27,036,Rotenburg I - Soltau-Fallingbostel,03,Niedersachsen,zweitstimme,168573,121941,120615,1326,0.723372070260362,cdu,,,0,,,,,,,,,0,,,,,0,,,0.350901629150603,0,0,,,,,,,,,0,,,,0.00138457074161589,0,0.140363967997347,,0,,0,,,,0.10077519379845,,,,,,,,0.0809103345355055,,,,,,0.000182398540811674,,,,0.0151307880446047,0.00110268208763421,,,0,,,0.018670977904904,,,,0,0.00494963313020769,0,,,0.275910956348713,,,,,0.0097168677196037,,,,0,0,,,0,0,0.350901629150603
0,0,2009,2009-09-27,037,Harburg,03,Niedersachsen,erststimme,191159,148918,146942,1976,0.779026883379804,cdu,,,0,,,,,,,,,0,,,,,0,,,0.405990118550176,0,0,,,,,,,,,0,,,,0,0,0.107607083066788,,0,,0,,,,0.0937240543888065,,,,,,,,0.0654067591294524,,,,,,0,,,,0.0131684610254386,0,,,0,,,0,,,,0,0.00784663336554559,0,,,0.306256890473792,,,,,0,,,,0,0,,,0,0,0.405990118550176
0,0,2009,2009-09-27,037,Harburg,03,Niedersachsen,zweitstimme,191159,148918,147366,1552,0.779026883379804,cdu,,,0,,,,,,,,,0,,,,,0,,,0.339997014236662,0,0,,,,,,,,,0,,,,0.00120109116078336,0,0.169421711928125,,0,,0,,,,0.122158435460011,,,,,,,,0.0734565639292646,,,,,,0.000223932250315541,,,,0.0111016109550371,0.00161502653257875,,,0,,,0.0201064017480287,,,,0,0.00780369963220824,0,,,0.245232957398586,,,,,0.00768155476839977,,,,0,0,,,0,0,0.339997014236662
0,0,2009,2009-09-27,038,Lüchow-Dannenberg - Lüneburg,03,Niedersachsen,erststimme,177098,131466,129771,1695,0.74233475250991,cdu,,,0,,,,,,,,,0,,,,,0,,,0.333117568640143,0,0,,,,,,,,,0,,,,0,0,0.0866295243159103,,0,,0,,,,0.151382049918703,,,,,,,,0.0919697004723706,,,,,,0,,,,0.0143329403333565,0,,,0,,,0,,,,0,0.0111658228725987,0,,,0.311402393446918,,,,,0,,,,0,0,,,0,0,0.333117568640143
0,0,2009,2009-09-27,038,Lüchow-Dannenberg - Lüneburg,03,Niedersachsen,zweitstimme,177098,131466,130100,1366,0.74233475250991,cdu,,,0,,,,,,,,,0,,,,,0,,,0.28663335895465,0,0,,,,,,,,,0,,,,0.00103766333589547,0,0.125465026902383,,0,,0,,,,0.180960799385088,,,,,,,,0.10119907763259,,,,,,0.000245964642582629,,,,0.0122521137586472,0.00149116064565719,,,0,,,0.0214834742505765,,,,0,0.013097617217525,0,,,0.248431975403536,,,,,0.00770176787086856,,,,0,0,,,0,0,0.28663335895465
0,0,2009,2009-09-27,039,Osnabrück-Land,03,Niedersachsen,erststimme,197143,144630,142924,1706,0.733629903166737,cdu,,,0,,,,,,,,,0,,,,,0,,,0.44201813551258,0,0,,,,,,,,,0,,,,0,0,0.0905376283899135,,0,,0,,,,0.0727169684587613,,,,,,,,0.063012510145252,,,,,,0,,,,0.00966947468584702,0,,,0,,,0,,,,0,0,0,,,0.322045282807646,,,,,0,,,,0,0,,,0,0,0.44201813551258
0,0,2009,2009-09-27,039,Osnabrück-Land,03,Niedersachsen,zweitstimme,197143,144630,143277,1353,0.733629903166737,cdu,,,0,,,,,,,,,0,,,,,0,,,0.388052513662346,0,0,,,,,,,,,0,,,,0.000837538474423669,0,0.147385833036705,,0,,0,,,,0.0923176783433489,,,,,,,,0.0712675446861674,,,,,,0.000181466669458462,,,,0.00867550269757184,0.00132610258450414,,,0,,,0.0158294771666073,,,,0,0.00339203082141586,0,,,0.264773829714469,,,,,0.00596048214298178,,,,0,0,,,0,0,0.388052513662346
0,0,2009,2009-09-27,040,Stadt Osnabrück,03,Niedersachsen,erststimme,192473,143711,142127,1584,0.746655375039616,cdu,,,0,,,,,,,,,0,,,,,0,,,0.383614654499145,0,0,,,,,,,,,0,,,,0,0,0.104294046873571,,0,,0,,,,0.100487592083137,,,,,,,,0.0697826591710231,,,,,,0,,,,0.00664898295186699,0,,,0,,,0,,,,0,0,0,,,0.330542402217735,,,,,0,,,,0,0,,,0,0.0046296622035222,0.383614654499145
0,0,2009,2009-09-27,040,Stadt Osnabrück,03,Niedersachsen,zweitstimme,192473,143711,142341,1370,0.746655375039616,cdu,,,0,,,,,,,,,0,,,,,0,,,0.340014472288378,0,0,,,,,,,,,0,,,,0.000618233678279624,0,0.140093156574704,,0,,0,,,,0.12970964093269,,,,,,,,0.0834474958023338,,,,,,0.000126456888739014,,,,0.00595752453614911,0.00151748266486817,,,0,,,0.0222564124180665,,,,0,0.00311224453952129,0,,,0.266964542893474,,,,,0.00618233678279624,,,,0,0,,,0,0,0.340014472288378
0,0,2009,2009-09-27,041,Nienburg II - Schaumburg,03,Niedersachsen,erststimme,198376,143398,141692,1706,0.722859620115337,spd,,,0,,,,,,,,,0,,,,,0,,,0.372032295401293,0,0,,,,,,,,,0,,,,0,0,0.061485475538492,,0,,0,,,,0.0721071055528894,,,,,,,,0.0620853682635576,,,,,,0,,,,0.0143691951556898,0,,,0,,,0,,,,0,0,0,,,0.413918922733817,,,,,0,,,,0,0,,,0,0.00400163735426136,0.372032295401293
0,0,2009,2009-09-27,041,Nienburg II - Schaumburg,03,Niedersachsen,zweitstimme,198376,143398,142022,1376,0.722859620115337,spd,,,0,,,,,,,,,0,,,,,0,,,0.322133190632437,0,0,,,,,,,,,0,,,,0.00103505090760586,0,0.124614496345637,,0,,0,,,,0.0972736618270409,,,,,,,,0.0763754911210939,,,,,,0.000295728830744533,,,,0.0130824801791272,0.00128853276252975,,,0,,,0.0172790131106448,,,,0,0.00951965188491924,0,,,0.32950528791314,,,,,0.00759741448507978,,,,0,0,,,0,0,0.322133190632437
0,0,2009,2009-09-27,042,Stadt Hannover I,03,Niedersachsen,erststimme,180088,131369,129813,1556,0.72947114743903,spd,,,0,,,,,,,,,0,,,,,0,,,0.32832613066488,0,0,,,,,,,,,0,,,,0,0,0.0747151672020522,,0,,0,,,,0.102948086863411,,,,,,,,0.0818408017686981,,,,,,0.00135579641484289,,,,0.0135502607597082,0,,,0,,,0,,,,0,0.00753391416884287,0,,,0.389729842157565,,,,,0,,,,0,0,,,0,0,0.32832613066488
0,0,2009,2009-09-27,042,Stadt Hannover I,03,Niedersachsen,zweitstimme,180088,131369,129988,1381,0.72947114743903,spd,,,0,,,,,,,,,0,,,,,0,,,0.265009077761024,0,0,,,,,,,,,0,,,,0.000907776102409453,0,0.128319537188048,,0,,0,,,,0.14631350586208,,,,,,,,0.0931701387820414,,,,,,0.000676985567898575,,,,0.0129319629504262,0.00146167338523556,,,0,,,0.0238637412684248,,,,0,0.00748530633596947,0,,,0.311544142536234,,,,,0.00831615226020863,,,,0,0,,,0,0,0.265009077761024
0,0,2009,2009-09-27,043,Stadt Hannover II,03,Niedersachsen,erststimme,190623,140587,138932,1655,0.737513311615073,spd,,,0,,,,,,,,,0,,,,,0,,,0.32054530273803,0,0,,,,,,,,,0,,,,0,0,0.0623110586473959,,0,,0,,,,0.113703106555725,,,,,,,,0.0927504102726514,,,,,,0,,,,0.0113220856246221,0,,,0,,,0,,,,0,0,0,,,0.39636656781735,,,,,0,,,,0,0,,,0,0.00300146834422595,0.32054530273803
0,0,2009,2009-09-27,043,Stadt Hannover II,03,Niedersachsen,zweitstimme,190623,140587,139195,1392,0.737513311615073,spd,,,0,,,,,,,,,0,,,,,0,,,0.243342074068752,0,0,,,,,,,,,0,,,,0.000876468263946262,0,0.115650705844319,,0,,0,,,,0.177484823449118,,,,,,,,0.106225079923848,,,,,,0.000984230755415065,,,,0.0101368583641654,0.00158770070764036,,,0,,,0.0313804375157154,,,,0,0.0063723553288552,0,,,0.298013578073925,,,,,0.00794568770429972,,,,0,0,,,0,0,0.243342074068752
0,0,2009,2009-09-27,044,Hannover-Land I,03,Niedersachsen,erststimme,232214,175757,173506,2251,0.756875123808212,spd,,,0,,,,,,,,,0,,,,,0,,,0.382182748723387,0,0,,,,,,,,,0,,,,0,0,0.08391640634906,,0,,0,,,,0.0670985441425657,,,,,,,,0.0643954675918988,,,,,,0,,,,0.0152271391191083,0,,,0,,,0,,,,0,0,0,,,0.38717969407398,,,,,0,,,,0,0,,,0,0,0.382182748723387
0,0,2009,2009-09-27,044,Hannover-Land I,03,Niedersachsen,zweitstimme,232214,175757,173993,1764,0.756875123808212,spd,,,0,,,,,,,,,0,,,,,0,,,0.33460541516038,0,0,,,,,,,,,0,,,,0.00102877701976516,0,0.140764283620605,,0,,0,,,,0.0976648485858627,,,,,,,,0.0724224537768761,,,,,,0.00026437845200669,,,,0.0131499543085067,0.00172995465334812,,,0,,,0.0180294609553258,,,,0,0.00654624036599174,0,,,0.305966331978873,,,,,0.00782790112245895,,,,0,0,,,0,0,0.33460541516038
0,0,2009,2009-09-27,045,Celle - Uelzen,03,Niedersachsen,erststimme,217316,157137,155146,1991,0.72308067514587,cdu,,,0,,,,,,,,,0,,,,,0,,,0.441983679888621,0,0,,,,,,,,,0,,,,0,0,0.0731633429157052,,0,,0,,,,0.069618295025331,,,,,,,,0.0652933365990744,,,,,,0,,,,0.0161202995887744,0,,,0,,,0,,,,0,0.010854292086164,0,,,0.32296675389633,,,,,0,,,,0,0,,,0,0,0.441983679888621
0,0,2009,2009-09-27,045,Celle - Uelzen,03,Niedersachsen,zweitstimme,217316,157137,155436,1701,0.72308067514587,cdu,,,0,,,,,,,,,0,,,,,0,,,0.356371754291155,0,0,,,,,,,,,0,,,,0.00115803288813402,0,0.143435240227489,,0,,0,,,,0.0950230319874418,,,,,,,,0.0756903162716488,,,,,,0.000257340641807561,,,,0.014739185259528,0.00122236804858591,,,0,,,0.0190239069456239,,,,0,0.0130150029594174,0,,,0.272793947348105,,,,,0.00726987313106359,,,,0,0,,,0,0,0.356371754291155
0,0,2009,2009-09-27,046,Gifhorn - Peine,03,Niedersachsen,erststimme,216957,161017,159005,2012,0.742160889024092,spd,,,0,,,,,,,,,0,,,,,0,,,0.369969497814534,0,0,,,,,,,,,0,,,,0,0,0.063350209112921,,0,,0,,,,0.0595956102009371,,,,,,,,0.0733498946574007,,,,,,0,,,,0.012760605012421,0,,,0.00527027451966919,,,0,,,,0,0.00846514260557844,0,,,0.404798591239269,,,,,0,,,,0,0,,,0,0.00244017483726927,0.369969497814534
0,0,2009,2009-09-27,046,Gifhorn - Peine,03,Niedersachsen,zweitstimme,216957,161017,159195,1822,0.742160889024092,spd,,,0,,,,,,,,,0,,,,,0,,,0.333458965419768,0,0,,,,,,,,,0,,,,0.000973648669870285,0,0.11228367725117,,0,,0,,,,0.0893055686422312,,,,,,,,0.0836332799396966,,,,,,0.000257545777191495,,,,0.0118219793335218,0.00113697038223562,,,0,,,0.0210999089167373,,,,0,0.00940356166965043,0,,,0.328477653192625,,,,,0.00814724080530167,,,,0,0,,,0,0,0.333458965419768
0,0,2009,2009-09-27,047,Hameln-Pyrmont - Holzminden,03,Niedersachsen,erststimme,197394,143185,140982,2203,0.725376657851809,spd,,,0,,,,,,,,,0,,,,,0,,,0.35314437304053,0,0,,,,,,,,,0,,,,0,0,0.0737753755798613,,0,,0,,,,0.0769530862095871,,,,,,,,0.0838404902753543,,,,,,0,,,,0.0161935566242499,0,,,0,,,0,,,,0,0,0,,,0.396093118270418,,,,,0,,,,0,0,,,0,0,0.35314437304053
0,0,2009,2009-09-27,047,Hameln-Pyrmont - Holzminden,03,Niedersachsen,zweitstimme,197394,143185,141237,1948,0.725376657851809,spd,,,0,,,,,,,,,0,,,,,0,,,0.2914675332951,0,0,,,,,,,,,0,,,,0.00103372345773416,0,0.139736754533161,,0,,0,,,,0.0943237253694145,,,,,,,,0.0914137230329163,,,,,,0.000375255775752813,,,,0.0140331499536241,0.000920438695242748,,,0,,,0.0182034452728393,,,,0,0.00580584407768503,0,,,0.333588224048939,,,,,0.00909818248759178,,,,0,0,,,0,0,0.2914675332951
0,0,2009,2009-09-27,048,Hannover-Land II,03,Niedersachsen,erststimme,239450,183314,181056,2258,0.765562747964084,spd,,,0,,,,,,,,,0,,,,,0,,,0.362169715447155,0,0,,,,,,,,,0,,,,0,0,0.0717015729939908,,0,,0,,,,0.0692216772711205,,,,,,,,0.0661452810180276,,,,,,0,,,,0.0157575556733828,0,,,0,,,0,,,,0,0.00785392364793213,0,,,0.404377651113468,,,,,0,,,,0,0,,,0,0.002772622834924,0.362169715447155
0,0,2009,2009-09-27,048,Hannover-Land II,03,Niedersachsen,zweitstimme,239450,183314,181309,2005,0.765562747964084,spd,,,0,,,,,,,,,0,,,,,0,,,0.315174646597797,0,0,,,,,,,,,0,,,,0.000998295727183979,0,0.121361873927935,,0,,0,,,,0.104440485579866,,,,,,,,0.0767088230589767,,,,,,0.00029231863834669,,,,0.0139761401805757,0.00136783060962225,,,0,,,0.0194584935110778,,,,0,0.00974579309355851,0,,,0.328130429267163,,,,,0.00834486980789702,,,,0,0,,,0,0,0.315174646597797
0,0,2009,2009-09-27,049,Hildesheim,03,Niedersachsen,erststimme,222804,167520,165319,2201,0.751871600150805,spd,,,0,,,,,,,,,0,,,,,0,,,0.365209080625941,0,0,,,,,,,,,0,,,,0,0,0.0618864135398835,,0,,0,,,,0.0898626292198719,,,,,,,,0.0689696889044816,,,,,,0,,,,0.0157634633647675,0,,,0,,,0,,,,0,0.0078212425674,0,,,0.390487481777654,,,,,0,,,,0,0,,,0,0,0.365209080625941
0,0,2009,2009-09-27,049,Hildesheim,03,Niedersachsen,zweitstimme,222804,167520,165718,1802,0.751871600150805,spd,,,0,,,,,,,,,0,,,,,0,,,0.318293727899202,0,0,,,,,,,,,0,,,,0.000917220820912635,0,0.11315608443259,,0,,0,,,,0.104756272704232,,,,,,,,0.0810352526581301,,,,,,0.000313786070312217,,,,0.0147962200847222,0.00103187342352671,,,0,,,0.0192556028916593,,,,0,0.00917220820912635,0,,,0.32879349255965,,,,,0.00847825824593587,,,,0,0,,,0,0,0.318293727899202
0,0,2009,2009-09-27,050,Salzgitter - Wolfenbüttel,03,Niedersachsen,erststimme,213208,157578,155110,2468,0.739081085137518,spd,,,0,,,,,,,,,0,,,,,0,,,0.325697891818709,0,0,,,,,,,,,0,,,,0,0,0.060834246663658,,0,,0,,,,0.0582296434788215,,,,,,,,0.0808329572561408,,,,,,0,,,,0.0179936819031655,0,,,0,,,0,,,,0,0.00749790471278448,0,,,0.44891367416672,,,,,0,,,,0,0,,,0,0,0.325697891818709
0,0,2009,2009-09-27,050,Salzgitter - Wolfenbüttel,03,Niedersachsen,zweitstimme,213208,157578,155411,2167,0.739081085137518,spd,,,0,,,,,,,,,0,,,,,0,,,0.307050337492198,0,0,,,,,,,,,0,,,,0.00119682647946413,0,0.106034965349943,,0,,0,,,,0.0884364684610485,,,,,,,,0.10017952397192,,,,,,0.000218774732805271,,,,0.0160220319025037,0.000830057074467058,,,0,,,0.0180939573131889,,,,0,0.0113955897587687,0,,,0.341957776476569,,,,,0.00858369098712446,,,,0,0,,,0,0,0.307050337492198
0,0,2009,2009-09-27,051,Braunschweig,03,Niedersachsen,erststimme,189975,139948,138212,1736,0.73666535070404,spd,,,0,,,,,,,,,0,,,,,0,,,0.344282696147947,0,0,,,,,,,,,0,,,,0,0,0.0543151101206842,,0,,0,,,,0.0869099644025121,,,,,,,,0.0781480623968975,,,,,,0.000853760889068967,,,,0.00947819292101988,0,,,0,,,0.0304893931062426,,,,0,0,0,,,0.387607443637311,,,,,0,,,,0,0,,,0,0.00791537637831737,0.344282696147947
0,0,2009,2009-09-27,051,Braunschweig,03,Niedersachsen,zweitstimme,189975,139948,138413,1535,0.73666535070404,spd,,,0,,,,,,,,,0,,,,,0,,,0.289965537919126,0,0,,,,,,,,,0,,,,0.000968117156625462,0,0.114476241393511,,0,,0,,,,0.143274114425668,,,,,,,,0.0994343016913151,,,,,,0.000556306127314631,,,,0.00956557548785158,0.00132935490163496,,,0,,,0.0358492338147428,,,,0,0.00917543872324131,0,,,0.287357401400157,,,,,0.00804837695881167,,,,0,0,,,0,0,0.289965537919126
0,0,2009,2009-09-27,052,Helmstedt - Wolfsburg,03,Niedersachsen,erststimme,187831,135261,133065,2196,0.720120746841576,cdu,,,0,,,,,,,,,0,,,,,0,,,0.393995415774246,0,0,,,,,,,,,0,,,,0,0,0.0637282531093826,,0,,0,,,,0.0803517078119716,,,,,,,,0.0767745086987563,,,,,,0,,,,0.0227182204185924,0,,,0.00311877653778229,,,0,,,,0,0.0131364370796227,0,,,0.346176680569646,,,,,0,,,,0,0,,,0,0,0.393995415774246
0,0,2009,2009-09-27,052,Helmstedt - Wolfsburg,03,Niedersachsen,zweitstimme,187831,135261,133471,1790,0.720120746841576,cdu,,,0,,,,,,,,,0,,,,,0,,,0.339541922964539,0,0,,,,,,,,,0,,,,0.000756718687954687,0,0.10574581744349,,0,,0,,,,0.0884162102629036,,,,,,,,0.0847300162582134,,,,,,0.000344644154910055,,,,0.0195248406020784,0.000839133594563613,,,0,,,0.0217650276089937,,,,0,0.0119201924013456,0,,,0.31760457327809,,,,,0.00881090274291794,,,,0,0,,,0,0,0.339541922964539
0,0,2009,2009-09-27,053,Goslar - Northeim - Osterode,03,Niedersachsen,erststimme,214330,156221,153583,2638,0.728880697989082,spd,,,0,,,,,,,,,0,,,,,0,,,0.354537937141481,0,0,,,,,,,,,0,,,,0,0,0.0828151553231803,,0,,0,,,,0.0626631853785901,,,,,,,,0.0916963466008608,,,,,,0,,,,0.0169224458436155,0,,,0,,,0,,,,0,0,0,,,0.391364929712273,,,,,0,,,,0,0,,,0,0,0.354537937141481
0,0,2009,2009-09-27,053,Goslar - Northeim - Osterode,03,Niedersachsen,zweitstimme,214330,156221,154174,2047,0.728880697989082,spd,,,0,,,,,,,,,0,,,,,0,,,0.300024647476228,0,0,,,,,,,,,0,,,,0.000849689312075966,0,0.139329588646594,,0,,0,,,,0.0842100483868875,,,,,,,,0.0972148351862182,,,,,,0.000175126804779016,,,,0.0152554905496387,0.000934009625488085,,,0,,,0.0180769779599673,,,,0,0.00561703010883807,0,,,0.330224292033676,,,,,0.00808826390960862,,,,0,0,,,0,0,0.300024647476228
0,0,2009,2009-09-27,054,Göttingen,03,Niedersachsen,erststimme,224468,166515,164288,2227,0.741820660405938,spd,,,0,,,,,,,,,0,,,,,0,,,0.34392651928321,0,0,,,,,,,,,0,,,,0,0,0.0655251753019088,,0,,0,,,,0.130015582391897,,,,,,,,0.0760432898324893,,,,,,0,,,,0.0141398032723023,0,,,0,,,0,,,,0,0,0,,,0.36815226918582,,,,,0,,,,0,0,,,0,0.00219736073237242,0.34392651928321
0,0,2009,2009-09-27,054,Göttingen,03,Niedersachsen,zweitstimme,224468,166515,164607,1908,0.741820660405938,spd,,,0,,,,,,,,,0,,,,,0,,,0.287612312963604,0,0,,,,,,,,,0,,,,0.0006986337154556,0,0.134174123822195,,0,,0,,,,0.144027896748012,,,,,,,,0.0889087341364584,,,,,,0.000352354395621085,,,,0.0125875570297739,0.00118463977838124,,,0,,,0.0225203059408166,,,,0,0.004398354869477,0,,,0.296390797475199,,,,,0.00714428912500684,,,,0,0,,,0,0,0.287612312963604
0,0,2009,2009-09-27,055,Bremen I,04,Bremen,erststimme,256131,188189,185632,2557,0.73473730239604,spd,,,0,,,,,,,,,0,,,,,0,,,0.286884804344079,0,0,,,,,,,,,0,,,,0,0,0.073193199448371,,0,,0,,,,0.170035338734701,,,,,,,,0.114344509567316,,,,,,0.00184774176866058,,,,0.0108386485088778,0,,,0,,,0,,,,0,0,0,,,0.337161696259266,,,,,0,,,,0,0,,,0,0.00569406136872953,0.286884804344079
0,0,2009,2009-09-27,055,Bremen I,04,Bremen,zweitstimme,256131,188189,186090,2099,0.73473730239604,spd,,,0,,,,,,,,,0,,,,,0,,,0.248718362082863,0,0,,,,,,,,,0,,,,0.00200440646998764,0,0.112961470256328,,0,,0,,,,0.174947605997098,,,,,,,,0.133714869149336,,,,,,0.000714707937019722,,,,0.00842065667150304,0,,,0.00246117470041378,,,0.0245257671019399,,,,0,0.00868934386587135,0.00132731474017948,,,0.28151432102746,,,,,0,,,,0,0,,,0,0,0.248718362082863
0,0,2009,2009-09-27,056,Bremen II - Bremerhaven,04,Bremen,erststimme,231847,154838,152147,2691,0.667845605075761,spd,,,0,,,,,,,,,0,,,,,0,,,0.257553550185018,0,0,,,,,,,,,0,,,,0,0,0.0713126121448336,,0,,0,,,,0.111635457813825,,,,,,,,0.142276876967669,,,,,,0,,,,0.017180752824571,0,,,0,,,0,,,,0,0.0102729597034447,0,,,0.386987584375637,,,,,0,,,,0,0,,,0,0.00278020598500135,0.257553550185018
0,0,2009,2009-09-27,056,Bremen II - Bremerhaven,04,Bremen,zweitstimme,231847,154838,152521,2317,0.667845605075761,spd,,,0,,,,,,,,,0,,,,,0,,,0.227378524924437,0,0,,,,,,,,,0,,,,0.00430760354311865,0,0.097999619724497,,0,,0,,,,0.129339566354797,,,,,,,,0.153985352836659,,,,,,0.000544187357806466,,,,0.0134079897194485,0,,,0.00260292025360442,,,0.0236688718274861,,,,0,0.0165682102792402,0.00216363648284499,,,0.328033516696062,,,,,0,,,,0,0,,,0,0,0.227378524924437
0,0,2009,2009-09-27,057,Prignitz - Ostprignitz-Ruppin - Havelland I,12,Brandenburg,erststimme,171705,108017,104540,3477,0.629084767479107,spd,,,0,,,,,,,,,0,,,,,0,,,0.218586187105414,0,0,,,,,,,,,0,,,,0,0,0.0780753778458007,,0,,0,,,,0.0428831069447102,,,,,,,,0.307996938970729,,,,,,0,,,,0.0317007843887507,0,,,0,,,0,,,,0,0,0,,,0.320757604744595,,,,,0,,,,0,0,,,0,0,0.218586187105414
0,0,2009,2009-09-27,057,Prignitz - Ostprignitz-Ruppin - Havelland I,12,Brandenburg,zweitstimme,171705,108017,104997,3020,0.629084767479107,spd,,,0,,,,,,,,,0,,,,,0.00145718449098546,,,0.237273445907978,0,0,,,,,,,,,0,,,,0.00833357143537434,0,0.0863643723153995,,0,,0.00788593959827424,,,,0.0436869624846424,,,,,,,,0.29096069411507,,,,,,0.000800022857795937,,,,0.023753059611227,0,,,0,,,0.0174195453203425,,,,0,0,0.00161909387887273,,,0.280446107984038,,,,,0,,,,0,0,,,0,0,0.237273445907978
0,0,2009,2009-09-27,058,Uckermark - Barnim I,12,Brandenburg,erststimme,169284,105814,102484,3330,0.625067933177382,linke_pds,,,0,,,,,,,,,0,,,,,0,,,0.258694040045275,0,0,,,,,,,,,0,,,,0,0,0.0624097420085086,,0,,0,,,,0.042787166777253,,,,,,,,0.319962140431677,,,,,,0,,,,0.0384938136684751,0,,,0,,,0,,,,0,0,0,,,0.27003239530073,,,,,0,,,,0,0,,,0,0.00762070176808087,0.258694040045275
0,0,2009,2009-09-27,058,Uckermark - Barnim I,12,Brandenburg,zweitstimme,169284,105814,102804,3010,0.625067933177382,linke_pds,,,0,,,,,,,,,0,,,,,0.00183844986576398,,,0.238551029142835,0,0,,,,,,,,,0,,,,0.00724679973541886,0,0.0769133496751099,,0,,0.00668261935333256,,,,0.0463211548188786,,,,,,,,0.309647484533676,,,,,,0.00103108828450255,,,,0.0305338313684292,0,,,0,,,0.0190654060153301,,,,0,0,0.00185790436169799,,,0.260310882845026,,,,,0,,,,0,0,,,0,0,0.238551029142835
0,0,2009,2009-09-27,059,Oberhavel - Havelland II,12,Brandenburg,erststimme,249983,171514,166607,4907,0.686102654980539,spd,,,0,,,,,,,,,0,,,,,0,,,0.276627032477627,0,0,,,,,,,,,0,,,,0,0,0.0778058544959095,,0,,0,,,,0.0731841999435798,,,,,,,,0.242090668459308,,,,,,0,,,,0.0324116033540007,0,,,0,,,0,,,,0,0,0,,,0.291830475310161,,,,,0,,,,0,0,,,0,0.00605016595941347,0.276627032477627
0,0,2009,2009-09-27,059,Oberhavel - Havelland II,12,Brandenburg,zweitstimme,249983,171514,167335,4179,0.686102654980539,spd,,,0,,,,,,,,,0,,,,,0.00225296560791227,,,0.248453700660352,0,0,,,,,,,,,0,,,,0.00779872710431171,0,0.114518779693429,,0,,0.00776287088774016,,,,0.0775330922998775,,,,,,,,0.232945886993157,,,,,,0.0010816625332417,,,,0.0248184779036065,0,,,0,,,0.0232527564466489,,,,0,0,0.00285654525353333,,,0.256724534616189,,,,,0,,,,0,0,,,0,0,0.248453700660352
0,0,2009,2009-09-27,060,Märkisch-Oderland - Barnim II,12,Brandenburg,erststimme,255165,173707,169038,4669,0.680763427586072,linke_pds,,,0,,,,,,,,,0,,,,,0,,,0.235822714419243,0,0,,,,,,,,,0,,,,0,0,0.065754445745927,,0,,0,,,,0.0483974017676499,,,,,,,,0.369875412629113,,,,,,0,,,,0.0359031697014872,0,,,0,,,0,,,,0,0,0,,,0.22741040476106,,,,,0,,,,0,0,,,0,0.0168364509755203,0.235822714419243
0,0,2009,2009-09-27,060,Märkisch-Oderland - Barnim II,12,Brandenburg,zweitstimme,255165,173707,169292,4415,0.680763427586072,linke_pds,,,0,,,,,,,,,0,,,,,0.00193157384873473,,,0.21609408595799,0,0,,,,,,,,,0,,,,0.0126408808449307,0,0.0904413675779127,,0,,0.0102190298419299,,,,0.06031590388205,,,,,,,,0.336330127826477,,,,,,0.00123455331616379,,,,0.025783852751459,0,,,0,,,0.0266698958013373,,,,0,0,0.00247501358599343,,,0.215863714765021,,,,,0,,,,0,0,,,0,0,0.21609408595799
0,0,2009,2009-09-27,061,Brandenburg an der Havel - Potsdam-Mittelmark I - Havelland III - Teltow-Fläming I,12,Brandenburg,erststimme,199083,128273,124675,3598,0.644319203548269,spd,,,0,,,,,,,,,0,,,,,0,,,0.24650491277321,0,0,,,,,,,,,0,,,,0,0,0.0587768197313014,,0,,0,,,,0.0382674954882695,,,,,,,,0.28461199117706,,,,,,0,,,,0.0301904952877481,0,,,0,,,0,,,,0,0,0,,,0.328510126328454,,,,,0,,,,0,0,,,0,0.0131381592139563,0.24650491277321
0,0,2009,2009-09-27,061,Brandenburg an der Havel - Potsdam-Mittelmark I - Havelland III - Teltow-Fläming I,12,Brandenburg,zweitstimme,199083,128273,124565,3708,0.644319203548269,spd,,,0,,,,,,,,,0,,,,,0.00159755950708465,,,0.239505479067154,0,0,,,,,,,,,0,,,,0.00933649098864047,0,0.080215148717537,,0,,0.00647854533777546,,,,0.0485449363785975,,,,,,,,0.286139766387027,,,,,,0.00121221852045117,,,,0.0241881748484727,0,,,0,,,0.0248304098261952,,,,0,0,0.00138080520210332,,,0.276570465218962,,,,,0,,,,0,0,,,0,0,0.239505479067154
0,0,2009,2009-09-27,062,Potsdam - Potsdam-Mittelmark II - Teltow-Fläming II,12,Brandenburg,erststimme,239221,174226,169839,4387,0.728305625342257,spd,,,0,,,,,,,,,0,,,,,0,,,0.239685820100213,0,0,,,,,,,,,0,,,,0,0,0.072751252656928,,0,,0,,,,0.0970271845689153,,,,,,,,0.285652883024512,,,,,,0,,,,0.0180229511478518,0,,,0,,,0,,,,0,0,0,,,0.286859908501581,,,,,0,,,,0,0,,,0,0,0.239685820100213
0,0,2009,2009-09-27,062,Potsdam - Potsdam-Mittelmark II - Teltow-Fläming II,12,Brandenburg,zweitstimme,239221,174226,170666,3560,0.728305625342257,spd,,,0,,,,,,,,,0,,,,,0.00202149227145419,,,0.214453962710792,0,0,,,,,,,,,0,,,,0.00550197461708835,0,0.105387130418478,,0,,0.00551955281075317,,,,0.107103933999742,,,,,,,,0.254028336048188,,,,,,0.00118359837343115,,,,0.0124746581041332,0,,,0,,,0.0302989464802597,,,,0,0,0.00157617803194544,,,0.260450236133735,,,,,0,,,,0,0,,,0,0,0.214453962710792
0,0,2009,2009-09-27,063,Dahme-Spreewald - Teltow-Fläming III - Oberspreewald-Lausitz I,12,Brandenburg,erststimme,246651,170204,164606,5598,0.690060044354168,spd,,,0,,,,,,,,,0,,,,,0,,,0.248362757129145,0,0,,,,,,,,,0,,,,0,0,0.0726522726996586,,0,,0,,,,0.0549250938604911,,,,,,,,0.263343985030922,,,,,,0,,,,0.036402075258496,0,,,0,,,0,,,,0,0,0,,,0.324313816021287,,,,,0,,,,0,0,,,0,0,0.248362757129145
0,0,2009,2009-09-27,063,Dahme-Spreewald - Teltow-Fläming III - Oberspreewald-Lausitz I,12,Brandenburg,zweitstimme,246651,170204,165465,4739,0.690060044354168,spd,,,0,,,,,,,,,0,,,,,0.00239929894539631,,,0.236255401444414,0,0,,,,,,,,,0,,,,0.00758468558305382,0,0.0973136312815399,,0,,0.00817091227752093,,,,0.0599039071707008,,,,,,,,0.271495482428308,,,,,,0.000979059015501768,,,,0.0284712779137582,0,,,0,,,0.0263318526576617,,,,0,0,0.00222403529447315,,,0.258870455987671,,,,,0,,,,0,0,,,0,0,0.236255401444414
0,0,2009,2009-09-27,064,Frankfurt (Oder) - Oder-Spree,12,Brandenburg,erststimme,208525,139228,134767,4461,0.667680134276466,linke_pds,,,0,,,,,,,,,0,,,,,0,,,0.223741717185958,0,0,,,,,,,,,0,,,,0,0,0.0751296682422255,,0,,0,,,,0.055666446533647,,,,,,,,0.32343971447016,,,,,,0,,,,0.0365668153182901,0,,,0,,,0,,,,0,0,0,,,0.28545563824972,,,,,0,,,,0,0,,,0,0,0.223741717185958
0,0,2009,2009-09-27,064,Frankfurt (Oder) - Oder-Spree,12,Brandenburg,zweitstimme,208525,139228,135631,3597,0.667680134276466,linke_pds,,,0,,,,,,,,,0,,,,,0.00275748169666227,,,0.2249190819208,0,0,,,,,,,,,0,,,,0.00775633889007675,0,0.0886080615788426,,0,,0.00816922385000479,,,,0.0550316668018373,,,,,,,,0.313947401405283,,,,,,0.00154831859973015,,,,0.0279287183608467,0,,,0,,,0.0249574212385074,,,,0,0,0.00291231355663528,,,0.241463972100773,,,,,0,,,,0,0,,,0,0,0.2249190819208
0,0,2009,2009-09-27,065,Cottbus - Spree-Neiße,12,Brandenburg,erststimme,196389,128179,123961,4218,0.652679121539394,linke_pds,,,0,,,,,,,,,0,,,,,0,,,0.240632134300304,0,0,,,,,,,,,0,,,,0,0,0.087753406313276,,0,,0,,,,0.0455788514129444,,,,,,,,0.300287993804503,,,,,,0,,,,0.0387702583877187,0,,,0,,,0,,,,0,0,0,,,0.278547285033196,,,,,0,,,,0,0,,,0,0.00843007074805786,0.240632134300304
0,0,2009,2009-09-27,065,Cottbus - Spree-Neiße,12,Brandenburg,zweitstimme,196389,128179,124649,3530,0.652679121539394,linke_pds,,,0,,,,,,,,,0,,,,,0.00206981203218638,,,0.243563927508444,0,0,,,,,,,,,0,,,,0.009378334362891,0,0.0900929810909033,,0,,0.00846376625564585,,,,0.048881258574076,,,,,,,,0.293311619026226,,,,,,0.00143603237892001,,,,0.0302048151208594,0,,,0,,,0.0291699091047662,,,,0,0,0.00275974937624851,,,0.240667795168834,,,,,0,,,,0,0,,,0,0,0.243563927508444
0,0,2009,2009-09-27,066,Elbe-Elster - Oberspreewald-Lausitz II,12,Brandenburg,erststimme,192709,126140,121448,4692,0.654562059893414,cdu,,,0,,,,,,,,,0,,,,,0,,,0.288790264145972,0,0,,,,,,,,,0,,,,0,0,0.0698817600948554,,0.00753408866346091,,0,,,,0.0317913839668006,,,,,,,,0.28262301561162,,,,,,0,,,,0.0453939134444371,0,,,0,,,0,,,,0,0,0,,,0.269152229760885,,,,,0,,,,0,0,,,0,0.00483334431196891,0.288790264145972
0,0,2009,2009-09-27,066,Elbe-Elster - Oberspreewald-Lausitz II,12,Brandenburg,zweitstimme,192709,126140,122148,3992,0.654562059893414,cdu,,,0,,,,,,,,,0,,,,,0.002210433244916,,,0.273987294102237,0,0,,,,,,,,,0,,,,0.0196401087205685,0,0.0889494711333792,,0,,0.0117480433572388,,,,0.0346956151553853,,,,,,,,0.280012771392082,,,,,,0.00112159020204997,,,,0.0314290860267872,0,,,0,,,0.0245194354389757,,,,0,0,0.00227592756328389,,,0.229410223663097,,,,,0,,,,0,0,,,0,0,0.273987294102237
0,0,2009,2009-09-27,067,Altmark,15,Sachsen-Anhalt,erststimme,182677,112980,110428,2552,0.618468663269049,linke_pds,,,0,,,,,,,,,0,,,,,0,,,0.312429818524287,0,0,,,,,,,,,0,,,,0,0,0.0593871119643569,,0,,0,,,,0.0337323867135147,,,,,,,,0.334244937878074,,,,,,0,,,,0.0222860144166335,0,,,0,,,0,,,,0,0,0,,,0.199858731481146,,,,,0,,,,0,0,,,0,0.0380609990219872,0.312429818524287
0,0,2009,2009-09-27,067,Altmark,15,Sachsen-Anhalt,zweitstimme,182677,112980,110238,2742,0.618468663269049,linke_pds,,,0,,,,,,,,,0,,,,,0,,,0.302345833560115,0,0,,,,,,,,,0,,,,0.00407300567862262,0,0.08821821876304,,0,,0,,,,0.0472795224877084,,,,,,,,0.335945862588218,,,,,,0.00210453745532394,,,,0.0210272319889693,0,,,0,,,0.0219706453310111,,,,0,0,0,,,0.177035142146991,,,,,0,,,,0,0,,,0,0,0.302345833560115
0,0,2009,2009-09-27,068,Börde - Jerichower Land,15,Sachsen-Anhalt,erststimme,239481,146265,142854,3411,0.610758264747517,cdu,,,0,,,,,,,,,0,,,,,0,,,0.326809189802176,0,0,,,,,,,,,0,,,,0,0,0.0974001428031417,,0,,0,,,,0.0352877763310793,,,,,,,,0.287286320299047,,,,,,0,,,,0.0241225306956753,0,,,0,,,0,,,,0,0,0,,,0.223962927184398,,,,,0,,,,0,0,,,0,0.00513111288448346,0.326809189802176
0,0,2009,2009-09-27,068,Börde - Jerichower Land,15,Sachsen-Anhalt,zweitstimme,239481,146265,143041,3224,0.610758264747517,cdu,,,0,,,,,,,,,0,,,,,0,,,0.315014576240379,0,0,,,,,,,,,0,,,,0.00322285218923246,0,0.107437727644521,,0,,0,,,,0.0425122866870338,,,,,,,,0.306073083940968,,,,,,0.00231402185387406,,,,0.0212037108241693,0,,,0,,,0.0232101285645374,,,,0,0,0,,,0.179011612055285,,,,,0,,,,0,0,,,0,0,0.315014576240379
0,0,2009,2009-09-27,069,Harz,15,Sachsen-Anhalt,erststimme,236946,144340,141205,3135,0.609168333713167,cdu,,,0,,,,,,,,,0,,,,,0,,,0.330243263340533,0,0,,,,,,,,,0,,,,0,0,0.072490350908254,,0,,0,,,,0.0551751000318686,,,,,,,,0.311263765447399,,,,,,0,,,,0.0273503062922701,0,,,0,,,0,,,,0,0,0,,,0.203477213979675,,,,,0,,,,0,0,,,0,0,0.330243263340533
0,0,2009,2009-09-27,069,Harz,15,Sachsen-Anhalt,zweitstimme,236946,144340,141641,2699,0.609168333713167,cdu,,,0,,,,,,,,,0,,,,,0,,,0.313482678038139,0,0,,,,,,,,,0,,,,0.00243573541559294,0,0.0937158026277702,,0,,0,,,,0.050416193051447,,,,,,,,0.322477248819198,,,,,,0.00218157172005281,,,,0.023135956396806,0,,,0,,,0.0204531173883268,,,,0,0,0,,,0.171701696542668,,,,,0,,,,0,0,,,0,0,0.313482678038139
0,0,2009,2009-09-27,070,Magdeburg,15,Sachsen-Anhalt,erststimme,254287,152948,150016,2932,0.601477857696225,linke_pds,,,0,,,,,,,,,0,,,,,0,,,0.309840283703072,0,0,,,,,,,,,0,,,,0,0,0.0659263011945393,,0,,0,,,,0.0575738587883959,,,,,,,,0.320425821245734,,,,,,0.00417288822525597,,,,0.0174514718430034,0,,,0,,,0,,,,0,0,0,,,0.218936646757679,,,,,0,,,,0,0,,,0,0.00567272824232082,0.309840283703072
0,0,2009,2009-09-27,070,Magdeburg,15,Sachsen-Anhalt,zweitstimme,254287,152948,150366,2582,0.601477857696225,linke_pds,,,0,,,,,,,,,0,,,,,0,,,0.28031602888951,0,0,,,,,,,,,0,,,,0.00195522924065281,0,0.091782716837583,,0,,0,,,,0.0683731694665017,,,,,,,,0.321435696899565,,,,,,0.00272668023356344,,,,0.0151297500764801,0,,,0,,,0.0306252743306333,,,,0,0,0,,,0.187655454025511,,,,,0,,,,0,0,,,0,0,0.28031602888951
0,0,2009,2009-09-27,071,Dessau - Wittenberg,15,Sachsen-Anhalt,erststimme,197289,122932,120584,2348,0.623106204603399,cdu,,,0,,,,,,,,,0,,,,,0,,,0.360114111324886,0,0,,,,,,,,,0,,,,0,0,0.0730611026338486,,0,,0,,,,0.0414980428580906,,,,,,,,0.305256087043057,,,,,,0.00451137796059179,,,,0.0242818284349499,0,,,0,,,0,,,,0,0,0,,,0.183996218403768,,,,,0,,,,0,0,,,0,0.00728123134080807,0.360114111324886
0,0,2009,2009-09-27,071,Dessau - Wittenberg,15,Sachsen-Anhalt,zweitstimme,197289,122932,120812,2120,0.623106204603399,cdu,,,0,,,,,,,,,0,,,,,0,,,0.316582789789094,0,0,,,,,,,,,0,,,,0.00354269443432772,0,0.104410157931331,,0,,0,,,,0.0507482700394001,,,,,,,,0.31212958977585,,,,,,0.00262391153196702,,,,0.0217445286892031,0,,,0,,,0.0248319703340728,,,,0,0,0,,,0.163386087474754,,,,,0,,,,0,0,,,0,0,0.316582789789094
0,0,2009,2009-09-27,072,Anhalt,15,Sachsen-Anhalt,erststimme,248457,143128,139686,3442,0.576067488539264,linke_pds,,,0,,,,,,,,,0,,,,,0,,,0.313002018813625,0,0,,,,,,,,,0,,,,0,0,0.0782397663330613,,0,,0,,,,0.0349211803616683,,,,,,,,0.315615022264221,,,,,,0.00635711524419054,,,,0.0261228755924001,0,,,0,,,0,,,,0,0,0,,,0.217638131237203,,,,,0,,,,0,0,,,0,0.00810389015363029,0.313002018813625
0,0,2009,2009-09-27,072,Anhalt,15,Sachsen-Anhalt,zweitstimme,248457,143128,139843,3285,0.576067488539264,linke_pds,,,0,,,,,,,,,0,,,,,0,,,0.305313816208176,0,0,,,,,,,,,0,,,,0.00318213997125348,0,0.105575538282216,,0,,0,,,,0.0373347253705942,,,,,,,,0.333431061976645,,,,,,0.0034538732721695,,,,0.0237051550667534,0,,,0,,,0.0219245868581195,,,,0,0,0,,,0.166079102994072,,,,,0,,,,0,0,,,0,0,0.305313816208176
0,0,2009,2009-09-27,073,Halle,15,Sachsen-Anhalt,erststimme,223268,139785,137323,2462,0.6260861386316,linke_pds,,,0,,,,,,,,,0,,,,,0,,,0.308979559141586,0,0,,,,,,,,,0,,,,0,0,0.0856375115603358,,0,,0,,,,0.0805109122288327,,,,,,,,0.336957392425158,,,,,,0.00714374139801781,,,,0.0180814575854008,0,,,0,,,0,,,,0,0,0,,,0.162689425660669,,,,,0,,,,0,0,,,0,0,0.308979559141586
0,0,2009,2009-09-27,073,Halle,15,Sachsen-Anhalt,zweitstimme,223268,139785,137600,2185,0.6260861386316,linke_pds,,,0,,,,,,,,,0,,,,,0,,,0.268924418604651,0,0,,,,,,,,,0,,,,0.00232558139534884,0,0.11609011627907,,0,,0,,,,0.0868459302325582,,,,,,,,0.316984011627907,,,,,,0.00371366279069767,,,,0.0162354651162791,0,,,0,,,0.0312936046511628,,,,0,0,0,,,0.157587209302326,,,,,0,,,,0,0,,,0,0,0.268924418604651
0,0,2009,2009-09-27,074,Burgenland - Saalekreis,15,Sachsen-Anhalt,erststimme,214081,127503,124968,2535,0.595582980273822,cdu,,,0,,,,,,,,,0,,,,,0,,,0.330332565136675,0,0,,,,,,,,,0,,,,0,0,0.0898149926381154,,0,,0,,,,0.0316080916714679,,,,,,,,0.316961142052365,,,,,,0,,,,0.0352010114589335,0,,,0,,,0,,,,0,0,0,,,0.18878432878817,,,,,0,,,,0,0,,,0,0.00729786825427309,0.330332565136675
0,0,2009,2009-09-27,074,Burgenland - Saalekreis,15,Sachsen-Anhalt,zweitstimme,214081,127503,125029,2474,0.595582980273822,cdu,,,0,,,,,,,,,0,,,,,0,,,0.318142191011685,0,0,,,,,,,,,0,,,,0.00303929488358701,0,0.113197738124755,,0,,0,,,,0.0379112046005327,,,,,,,,0.318934007310304,,,,,,0.00205552311863648,,,,0.0303289636804261,0,,,0,,,0.0203232849978805,,,,0,0,0,,,0.156067792272193,,,,,0,,,,0,0,,,0,0,0.318142191011685
0,0,2009,2009-09-27,075,Mansfeld,15,Sachsen-Anhalt,erststimme,232086,136840,133713,3127,0.589609024241014,linke_pds,,,0,,,,,,,,,0,,,,,0,,,0.321688990599269,0,0,,,,,,,,,0,,,,0,0,0.0809046240829239,,0,,0,,,,0.04087111948726,,,,,,,,0.351880520218677,,,,,,0,,,,0.0324351409361842,0,,,0,,,0,,,,0,0,0,,,0.172219604675686,,,,,0,,,,0,0,,,0,0,0.321688990599269
0,0,2009,2009-09-27,075,Mansfeld,15,Sachsen-Anhalt,zweitstimme,232086,136840,134102,2738,0.589609024241014,linke_pds,,,0,,,,,,,,,0,,,,,0,,,0.29563317474758,0,0,,,,,,,,,0,,,,0.00303500320651444,0,0.108678468628358,,0,,0,,,,0.0371135404393671,,,,,,,,0.349002997718155,,,,,,0.0024682704210228,,,,0.0276878793754008,0,,,0,,,0.019559738109797,,,,0,0,0,,,0.156820927353805,,,,,0,,,,0,0,,,0,0,0.29563317474758
0,0,2009,2009-09-27,076,Berlin-Mitte,11,Berlin,erststimme,197252,133355,130606,2749,0.676064121022854,spd,,,0,,,,,,,,,0,,,,,0.00728144189394055,,,0.220204278517067,0,0,,,,,,,,,0,,,,0,0,0.0679065280308715,,0,,0,,,,0.215212164831631,,,,,,,,0.190427698574338,,,,,,0,,,,0.016155459932928,0,,,0,,,0,,,,0,0,0,,,0.259888519669847,,,,,0,,,,0,0,,,0,0.0229239085493775,0.220204278517067
0,0,2009,2009-09-27,076,Berlin-Mitte,11,Berlin,zweitstimme,197252,133355,131015,2340,0.676064121022854,spd,,,0,,,,,,,,,0,,,,,0.00251116284394917,,,0.189703469068427,0,0,,,,,,,,,0.00127466320650307,,,,0.000984620081670038,0,0.103728580696867,,0,,0,,,,0.220432774873106,,,,,,,,0.192466511468153,,,,,,0.000816700377819334,,,,0.0116780521314353,0.00187001488379193,,,0,,,0.0415982902721063,,,,0.000885394802121894,0,0.00396137846811434,,,0.212036789680571,,,,,0.0120291569667595,,,,0.0040224401786055,0,,,0,0,0.189703469068427
0,0,2009,2009-09-27,077,Berlin-Pankow,11,Berlin,erststimme,232250,166099,163263,2836,0.715173304628633,linke_pds,,,0,,,,,,,,,0,,,,,0.00667634430336329,,,0.173793204829018,0,0,,,,,,,,,0,,,,0,0,0.0588253309077991,,0,,0,,,,0.163380557750378,,,,,,,,0.288307822347991,,,,,,0,,,,0.0226750702853678,0,,,0,,,0,,,,0,0,0,,,0.274213998272726,,,,,0,,,,0,0,,,0,0.0121276713033572,0.173793204829018
0,0,2009,2009-09-27,077,Berlin-Pankow,11,Berlin,zweitstimme,232250,166099,163749,2350,0.715173304628633,linke_pds,,,0,,,,,,,,,0,,,,,0.00279085673805642,,,0.171988836573048,0,0,,,,,,,,,0.00143512326792835,,,,0.00147176471306695,0,0.0832127219097521,,0,,0,,,,0.197869910655943,,,,,,,,0.275415422384259,,,,,,0.000635118382402335,,,,0.0183634709219598,0.00214352454060788,,,0,,,0.0413254432088135,,,,0.00108702953911169,0,0.0029679570562263,,,0.182291189564516,,,,,0.0135878692388961,,,,0.00341376130541255,0,,,0,0,0.171988836573048
0,0,2009,2009-09-27,078,Berlin-Reinickendorf,11,Berlin,erststimme,183112,132532,129493,3039,0.723775612739744,cdu,,,0,,,,,,,,,0,,,,,0.00678801170719653,,,0.39039948105303,0,0,,,,,,,,,0,,,,0,0,0.105882171237055,,0,,0,,,,0.10714864896172,,,,,,,,0.0812785247078993,,,,,,0,,,,0.0201786969179801,0,,,0,,,0,,,,0,0,0,,,0.274454989845011,,,,,0,,,,0,0,,,0,0.013869475570108,0.39039948105303
0,0,2009,2009-09-27,078,Berlin-Reinickendorf,11,Berlin,zweitstimme,183112,132532,129866,2666,0.723775612739744,cdu,,,0,,,,,,,,,0,,,,,0.00286449109081669,,,0.329347173240109,0,0,,,,,,,,,0.000277208815240325,,,,0.00127054040318482,0,0.158471039379052,,0,,0,,,,0.135347204041089,,,,,,,,0.0928649531055088,,,,,,0.000231007346033604,,,,0.0159703078557898,0.00189426023747555,,,0,,,0.0229390294611369,,,,0.000585218609951797,0,0.00594458903793141,,,0.21439021760892,,,,,0.0149846765127131,,,,0.00261808325504751,0,,,0,0,0.329347173240109
0,0,2009,2009-09-27,079,Berlin-Spandau - Charlottenburg Nord,11,Berlin,erststimme,184436,126799,123701,3098,0.687495933548765,cdu,,,0,,,,,,,,,0,,,,,0.0100645912320838,,,0.363731901924803,0,0,,,,,,,,,0,,,,0,0,0.0857875037388542,,0,,0,,,,0.0877357499130969,,,,,,,,0.0925295672629971,,,,,,0.00230394257119991,,,,0.0199109142205803,0,,,0,,,0,,,,0,0,0,,,0.331856654352026,,,,,0,,,,0,0,,,0,0.00607917478435906,0.363731901924803
0,0,2009,2009-09-27,079,Berlin-Spandau - Charlottenburg Nord,11,Berlin,zweitstimme,184436,126799,123978,2821,0.687495933548765,cdu,,,0,,,,,,,,,0,,,,,0.00451693042313959,,,0.29981125683589,0,0,,,,,,,,,0.000354901676103825,,,,0.00148413428188872,0,0.147421316685218,,0,,0,,,,0.13269289712691,,,,,,,,0.109785607123845,,,,,,0.000774330929681072,,,,0.0159867073190405,0.00182290406362419,,,0,,,0.0255932504153963,,,,0.000701737405023472,0,0.0049847553598219,,,0.234791656584233,,,,,0.0162851473648551,,,,0.00299246640532998,0,,,0,0,0.29981125683589
0,0,2009,2009-09-27,080,Berlin-Steglitz - Zehlendorf,11,Berlin,erststimme,217335,172795,170185,2610,0.795062921296616,cdu,,,0,,,,,,,,,0,,,,,0.00271469283426859,,,0.38825395892705,0,0,,,,,,,,,0,,,,0,0.00832035725827776,0.0889502600111643,,0,,0,,,,0.160954255662955,,,,,,,,0.0547933131592091,,,,,,0,,,,0.00907247994829156,0,,,0,,,0,,,,0,0,0,,,0.268478420542351,,,,,0,,,,0.00514146370126627,0,,,0,0.0133207979551664,0.38825395892705
0,0,2009,2009-09-27,080,Berlin-Steglitz - Zehlendorf,11,Berlin,zweitstimme,217335,172795,170607,2188,0.795062921296616,cdu,,,0,,,,,,,,,0,,,,,0.00165878305110576,,,0.311153704127029,0,0,,,,,,,,,0.000211011271518754,,,,0.000803015116613035,0,0.169254485454876,,0,,0,,,,0.193450444589026,,,,,,,,0.0719196750426419,,,,,,0.000199288423101045,,,,0.00767260428939024,0.00182876435316253,,,0,,,0.0219158651169061,,,,0.000463052512499487,0,0.00276659222657921,,,0.202148798114966,,,,,0.0109022490284689,,,,0.00365166728211621,0,,,0,0,0.311153704127029
0,0,2009,2009-09-27,081,Berlin-Charlottenburg - Wilmersdorf,11,Berlin,erststimme,195857,150356,147733,2623,0.767682543896823,spd,,,0,,,,,,,,,0,,,,,0.00617329912747998,,,0.301550770647046,0,0,,,,,,,,,0,,,,0,0,0.11099077389615,,0,,0,,,,0.181259434249626,,,,,,,,0.0675407661118369,,,,,,0,,,,0.00803476542140212,0,,,0,,,0,,,,0,0,0,,,0.32044296128827,,,,,0,,,,0,0,,,0,0.00400722925818876,0.301550770647046
0,0,2009,2009-09-27,081,Berlin-Charlottenburg - Wilmersdorf,11,Berlin,zweitstimme,195857,150356,148385,1971,0.767682543896823,spd,,,0,,,,,,,,,0,,,,,0.0017858948006874,,,0.265060484550325,0,0,,,,,,,,,0.00030326515483371,,,,0.000593051858341477,0,0.163850793543822,,0,,0,,,,0.220534420595074,,,,,,,,0.086720355831115,,,,,,0.000229133672541025,,,,0.00601812851703339,0.00163763183610203,,,0,,,0.0240186002628298,,,,0.00035717896013748,0,0.00176567712369849,,,0.213761498803787,,,,,0.0102301445563905,,,,0.00313373993328167,0,,,0,0,0.265060484550325
0,0,2009,2009-09-27,082,Berlin-Tempelhof - Schöneberg,11,Berlin,erststimme,232759,172928,169395,3533,0.742948715194686,cdu,,,0,,,,,,,,,0,,,,,0.00783966468904041,,,0.324513710558163,0,0,,,,,,,,,0,,,,0,0,0.0784674872339798,,0,,0,,,,0.262735027598217,,,,,,,,0.081389651406476,,,,,,0,,,,0.0142448124206736,0,,,0,,,0,,,,0,0,0,,,0.225768174975649,,,,,0,,,,0,0,,,0,0.00504147111780159,0.324513710558163
0,0,2009,2009-09-27,082,Berlin-Tempelhof - Schöneberg,11,Berlin,zweitstimme,232759,172928,169927,3001,0.742948715194686,cdu,,,0,,,,,,,,,0,,,,,0.00272469942975513,,,0.267008774356047,0,0,,,,,,,,,0.000594372877765158,,,,0.00112989695575159,0,0.13774738564207,,0,,0,,,,0.215563153589483,,,,,,,,0.100013535223949,,,,,,0.000423711358406845,,,,0.0111283080381576,0.00197143479258741,,,0,,,0.0271822606177947,,,,0.000506099678097065,0,0.0032072595879407,,,0.213921272075656,,,,,0.0133586775497714,,,,0.00351915822676797,0,,,0,0,0.267008774356047
0,0,2009,2009-09-27,083,Berlin-Neukölln,11,Berlin,erststimme,197444,132613,128698,3915,0.671648670002634,cdu,,,0,,,,,,,,,0,,,,,0,,,0.30783695162318,0,0,,,,,,,,,0.00217563598501919,,,,0,0,0.0891078338435718,,0,,0,,,,0.146117266779593,,,,,,,,0.123172077266158,,,,,,0.0016938880169078,,,,0.0260765513061586,0,,,0,,,0,,,,0,0,0,,,0.273259879718411,,,,,0,,,,0,0,,,0,0.0305599154610017,0.30783695162318
0,0,2009,2009-09-27,083,Berlin-Neukölln,11,Berlin,zweitstimme,197444,132613,129256,3357,0.671648670002634,cdu,,,0,,,,,,,,,0,,,,,0.00161694621526273,,,0.258935755400136,0,0,,,,,,,,,0.0011604877143034,,,,0.00122238039239958,0,0.127545336386705,,0,,0,,,,0.17560500092839,,,,,,,,0.139150213529739,,,,,,0.000835551154298447,,,,0.0197592374822059,0.00201924862288791,,,0,,,0.0335690412824163,,,,0.0009902828495389,0,0.00472705328959584,,,0.213831466237544,,,,,0.0159837841183388,,,,0.00304821439623693,0,,,0,0,0.258935755400136
0,0,2009,2009-09-27,084,Berlin-Friedrichshain - Kreuzberg - Prenzlauer Berg Ost,11,Berlin,erststimme,222647,160861,158289,2572,0.722493453763132,gruene,,,0,,,,,,,,,0,,,,,0,,,0.116205169026275,0,0,,,,,,,,,0.00410009539513169,,,,0,0,0.0405903126559647,,0,,0,,,,0.4668486123483,,,,,,,,0.175602853009369,,,,,,0,,,,0.0113147470765499,0,,,0,,,0,,,,0,0,0,,,0.166878304872733,,,,,0,,,,0,0,,,0,0.0184599056156777,0.116205169026275
0,0,2009,2009-09-27,084,Berlin-Friedrichshain - Kreuzberg - Prenzlauer Berg Ost,11,Berlin,zweitstimme,222647,160861,158442,2419,0.722493453763132,gruene,,,0,,,,,,,,,0,,,,,0.00104770199820755,,,0.118579669532069,0,0,,,,,,,,,0.00223425606846669,,,,0.000744752022822232,0,0.061176960654372,,0,,0,,,,0.273582762146401,,,,,,,,0.250192499463526,,,,,,0.00082048951666856,,,,0.00906325343027733,0.00193130609308138,,,0,,,0.0597884399338559,,,,0.00107925928731018,0,0.00179245402102978,,,0.202061322124184,,,,,0.0113164438722056,,,,0.00458842983552341,0,,,0,0,0.118579669532069
0,0,2009,2009-09-27,085,Berlin-Treptow - Köpenick,11,Berlin,erststimme,200391,142838,140512,2326,0.712796482875977,linke_pds,,,0,,,,,,,,,0,,,,,0.00804913459348668,,,0.207270553404691,0,0,,,,,,,,,0,,,,0,0,0.0444588362559781,,0,,0,,,,0.0746911295832384,,,,,,,,0.447506262810294,,,,,,0.00283249829196083,,,,0.0291220678660897,0,,,0,,,0,,,,0,0,0,,,0.181621498519699,,,,,0,,,,0,0,,,0,0.0044480186745616,0.207270553404691
0,0,2009,2009-09-27,085,Berlin-Treptow - Köpenick,11,Berlin,zweitstimme,200391,142838,140755,2083,0.712796482875977,linke_pds,,,0,,,,,,,,,0,,,,,0.0036446307413591,,,0.184398422791375,0,0,,,,,,,,,0.00145643138787254,,,,0.00166246314518134,0,0.0800042627260133,,0,,0,,,,0.110020958402899,,,,,,,,0.337025327697062,,,,,,0.00119356328371994,,,,0.0262015558949949,0.00199637668288871,,,0,,,0.0334837128343576,,,,0.000937799722922809,0,0.00314731270647579,,,0.197257646264786,,,,,0.0149621683066321,,,,0.00260736741145963,0,,,0,0,0.184398422791375
0,0,2009,2009-09-27,086,Berlin-Marzahn - Hellersdorf,11,Berlin,erststimme,203416,128897,126401,2496,0.63366205214929,linke_pds,,,0,,,,,,,,,0,,,,,0.0123733198313305,,,0.194325994256375,0,0,,,,,,,,,0,,,,0,0,0.0551340574837224,,0,,0,,,,0.0572938505233345,,,,,,,,0.476546862762162,,,,,,0,,,,0.0373810333779005,0,,,0,,,0,,,,0,0,0,,,0.160884803126558,,,,,0,,,,0,0,,,0,0.00606007863861837,0.194325994256375
0,0,2009,2009-09-27,086,Berlin-Marzahn - Hellersdorf,11,Berlin,zweitstimme,203416,128897,126673,2224,0.63366205214929,linke_pds,,,0,,,,,,,,,0,,,,,0.00457082409037443,,,0.180583076109352,0,0,,,,,,,,,0.00185517039937477,,,,0.00281038579649965,0,0.0768987866396154,,0,,0,,,,0.0698412447798663,,,,,,,,0.407837502861699,,,,,,0.00100258144987487,,,,0.0302511190229962,0.00149203066162481,,,0,,,0.0337404182422458,,,,0.00123151737149985,0,0.00359982000899955,,,0.165039116465229,,,,,0.0172807149116228,,,,0.00196569118912475,0,,,0,0,0.180583076109352
0,0,2009,2009-09-27,087,Berlin-Lichtenberg,11,Berlin,erststimme,204766,132766,130483,2283,0.648379125440747,linke_pds,,,0,,,,,,,,,0,,,,,0.0106067457063372,,,0.172942069081796,0,0,,,,,,,,,0,,,,0,0,0.0386870320271606,,0,,0,,,,0.0739713219346582,,,,,,,,0.47419204034242,,,,,,0,,,,0.0344259405439789,0,,,0,,,0,,,,0,0,0,,,0.184146593809155,,,,,0,,,,0,0,,,0,0.0110282565544937,0.172942069081796
0,0,2009,2009-09-27,087,Berlin-Lichtenberg,11,Berlin,zweitstimme,204766,132766,130752,2014,0.648379125440747,linke_pds,,,0,,,,,,,,,0,,,,,0.00392345814977974,,,0.163263277043563,0,0,,,,,,,,,0.00218734703866862,,,,0.0020879221732746,0,0.0662781448849731,,0,,0,,,,0.0878762848751835,,,,,,,,0.411580702398434,,,,,,0.000772454723445913,,,,0.0275559838472834,0.00172081497797357,,,0,,,0.0380261869799315,,,,0.00120839451786588,0,0.00346457415565345,,,0.172983969652472,,,,,0.014990210474792,,,,0.00208027410670582,0,,,0,0,0.163263277043563
0,0,2009,2009-09-27,088,Aachen,05,Nordrhein-Westfalen,erststimme,176885,130211,128629,1582,0.736133646154281,cdu,,,0,,,,,,,,,0,,,,,0,,,0.394180161549884,0,0,,,,,,,,,0,,,,0,0,0.0898242231534102,,0,,0,,,,0.134036648034269,,,,,,,,0.0740113038272862,,,,,,0,,,,0.00845843472311843,0,,,0,,,0,,,,0,0,0,,,0.299489228712032,,,,,0,,,,0,0,,,0,0,0.394180161549884
0,0,2009,2009-09-27,088,Aachen,05,Nordrhein-Westfalen,zweitstimme,176885,130211,129017,1194,0.736133646154281,cdu,,,0,,,,,,,,,0,,,,,0.00024802932946821,,,0.318919212196842,0,0,,,,,,,,,0,,,,0.000418549493477604,0.0029841028701644,0.150863839649039,,0,,0,,,,0.16094778207523,,,,,,,,0.0845702504321136,,,,,,0.000263531162559973,,,,0.00611547315470054,0.00115488656533635,,,0,,,0.0374911833324291,,,,6.9758248912934e-05,0.00358867436074316,0.00171295255663982,,,0.224288272088174,,,,,0.0052086159188324,,,,0,0.000674329739491695,,,0.000480556825844656,0,0.318919212196842
0,0,2009,2009-09-27,089,Kreis Aachen,05,Nordrhein-Westfalen,erststimme,228546,160816,158050,2766,0.703648280871247,cdu,,,0,,,,,,,,,0,,,,,0,,,0.401841189496995,0,0,,,,,,,,,0,,,,0,0,0.0839924074659918,,0,,0,,,,0.0699525466624486,,,,,,,,0.0854286618158811,,,,,,0,,,,0.0158241062954761,0,,,0,,,0,,,,0,0,0,,,0.342961088263208,,,,,0,,,,0,0,,,0,0,0.401841189496995
0,0,2009,2009-09-27,089,Kreis Aachen,05,Nordrhein-Westfalen,zweitstimme,228546,160816,158520,2296,0.703648280871247,cdu,,,0,,,,,,,,,0,,,,,0.000182942215493313,,,0.334733787534696,0,0,,,,,,,,,0,,,,0.000719152157456472,0.00499621498864497,0.148359828412819,,0,,0,,,,0.0787976280595508,,,,,,,,0.0941584658087308,,,,,,0.000119858692909412,,,,0.0111468584405753,0.000510976532929599,,,0,,,0.0174362856421903,,,,0.000113550340651022,0.00527378248801413,0.00517284885187989,,,0.290064345193036,,,,,0.00698334595003785,,,,0,0.000788544032298764,,,0.000441584658087308,0,0.334733787534696
0,0,2009,2009-09-27,090,Heinsberg,05,Nordrhein-Westfalen,erststimme,187605,131761,129352,2409,0.702332027397991,cdu,,,0,,,,,,,,,0,,,,,0,,,0.503610303667512,0,0,,,,,,,,,0,,,,0,0,0.0954140639495331,,0,,0,,,,0.0690596202609933,,,,,,,,0.0762183808522481,,,,,,0,,,,0.0151833755952749,0,,,0,,,0,,,,0,0,0,,,0.240514255674439,,,,,0,,,,0,0,,,0,0,0.503610303667512
0,0,2009,2009-09-27,090,Heinsberg,05,Nordrhein-Westfalen,zweitstimme,187605,131761,129838,1923,0.702332027397991,cdu,,,0,,,,,,,,,0,,,,,0.000184845730833808,,,0.415040280965511,0,0,,,,,,,,,0,,,,0.000562239097952834,0.0060382938739044,0.164166114696776,,0,,0,,,,0.0716816340362606,,,,,,,,0.0819328701920855,,,,,,0.000130932392673948,,,,0.0117993191515581,0.000723979112432416,,,0,,,0.0152189651719835,,,,0.000154038109028174,0.00476747947442197,0.00318088695143178,,,0.21470601826892,,,,,0.00806389500762489,,,,0,0.00111677629045426,,,0.000531431476147199,0,0.415040280965511
0,0,2009,2009-09-27,091,Düren,05,Nordrhein-Westfalen,erststimme,199907,144058,141611,2447,0.72062509066716,cdu,,,0,,,,,,,,,0,,,,,0,,,0.463678669029948,0,0,,,,,,,,,0,,,,0,0,0.0758768739716547,,0,,0,,,,0.0632436745733029,,,,,,,,0.0711738494890934,,,,,,0,,,,0.0177528581819209,0,,,0,,,0,,,,0,0,0,,,0.30827407475408,,,,,0,,,,0,0,,,0,0,0.463678669029948
0,0,2009,2009-09-27,091,Düren,05,Nordrhein-Westfalen,zweitstimme,199907,144058,142079,1979,0.72062509066716,cdu,,,0,,,,,,,,,0,,,,,0.000197073459131891,,,0.377233792467571,0,0,,,,,,,,,0,,,,0.000520836999134285,0.00627115900308983,0.15050077773633,,0,,0,,,,0.0781396265457949,,,,,,,,0.0839251402388812,,,,,,0.00014076675652278,,,,0.0145412059488031,0.000436376945220617,,,0,,,0.0159981418788139,,,,0.000133728418696641,0.00562363192308504,0.00182292949697,,,0.254851174346666,,,,,0.00774217160875288,,,,0,0.00141470590305393,,,0.000506760323482007,0,0.377233792467571
0,0,2009,2009-09-27,092,Erftkreis I,05,Nordrhein-Westfalen,erststimme,245417,180037,177440,2597,0.733596287135773,cdu,,,0,,,,,,,,,0,,,,,0,,,0.393626014427412,0,0,,,,,,,,,0,,,,0,0,0.104936880072137,,0,,0,,,,0.0630917493237151,,,,,,,,0.0632044634806132,,,,,,0,,,,0.0147655545536519,0,,,0,,,0,,,,0,0,0,,,0.357794183949504,,,,,0,,,,0,0,,,0,0.00258115419296664,0.393626014427412
0,0,2009,2009-09-27,092,Erftkreis I,05,Nordrhein-Westfalen,zweitstimme,245417,180037,177778,2259,0.733596287135773,cdu,,,0,,,,,,,,,0,,,,,0.000236249704687869,,,0.341988322514597,0,0,,,,,,,,,0,,,,0.000551249310938361,0.00446061942422572,0.16590916761354,,0,,0,,,,0.0907648865438918,,,,,,,,0.0743286570891786,,,,,,0.00018562476796904,,,,0.0109799862750172,0.000849373938282577,,,0,,,0.0151199811000236,,,,0.000163124796094005,0.00634499206875992,0.00281249648437939,,,0.276029654962931,,,,,0.00749811562735547,,,,0,0.00132749834062707,,,0.000449999437500703,0,0.341988322514597
0,0,2009,2009-09-27,093,Euskirchen - Erftkreis II,05,Nordrhein-Westfalen,erststimme,245382,176069,172648,3421,0.717530218190413,cdu,,,0,,,,,,,,,0,,,,,0,,,0.436089615865808,0,0,,,,,,,,,0,,,,0,0,0.119433761178815,,0,,0,,,,0.0708899031555535,,,,,,,,0.06764630925351,,,,,,0,,,,0.0134435382975766,0,,,0,,,0,,,,0,0,0,,,0.289809323015616,,,,,0,,,,0,0,,,0,0.00268754923312173,0.436089615865808
0,0,2009,2009-09-27,093,Euskirchen - Erftkreis II,05,Nordrhein-Westfalen,zweitstimme,245382,176069,173493,2576,0.717530218190413,cdu,,,0,,,,,,,,,0,,,,,0.000230556852437851,,,0.366890883205663,0,0,,,,,,,,,0,,,,0.000841532511398154,0.00536621074049097,0.184508885084701,,0,,0,,,,0.0871850737493732,,,,,,,,0.075732162104523,,,,,,0.000247848616370689,,,,0.0104326975728127,0.000922227409751402,,,0,,,0.0145423734675174,,,,0.00013833411146271,0.00674378793380713,0.00242084695059743,,,0.234643472647311,,,,,0.00735476359276743,,,,0,0.00120465955398777,,,0.000593683895027465,0,0.366890883205663
0,0,2009,2009-09-27,094,Köln I,05,Nordrhein-Westfalen,erststimme,186798,127011,125293,1718,0.679937686699001,spd,,,0,,,,,,,,,0,,,,,0,,,0.335964499213843,0,0,,,,,,,,,0,,,,0,0,0.0870120437694045,,0,,0,,,,0.124164957339995,,,,,,,,0.0847134317160576,,,,,,0,,,,0.0157311262400932,0,,,0,,,0,,,,0,0,0,,,0.349875890911703,,,,,0,,,,0,0,,,0,0.00253805080890393,0.335964499213843
0,0,2009,2009-09-27,094,Köln I,05,Nordrhein-Westfalen,zweitstimme,186798,127011,125833,1178,0.679937686699001,spd,,,0,,,,,,,,,0,,,,,0.000198676022982842,,,0.271749064235932,0,0,,,,,,,,,0,,,,0.000421193168723626,0.00344106871806283,0.150842783689493,,0,,0,,,,0.159091812163741,,,,,,,,0.0960956187963412,,,,,,0.000556292864351959,,,,0.0111099632052005,0.0011602679742198,,,0,,,0.0200424371985091,,,,0.000158940818386274,0.00530862333410155,0.00292451105830744,,,0.268403360008901,,,,,0.00648478539015997,,,,0,0.00142252032455715,,,0.000588081028029213,0,0.271749064235932
0,0,2009,2009-09-27,095,Köln II,05,Nordrhein-Westfalen,erststimme,224430,172562,171212,1350,0.768890077084169,cdu,,,0,,,,,,,,,0,,,,,0,,,0.348748919468262,0,0,,,,,,,,,0,,,,0,0,0.107790341798472,,0,,0,,,,0.155444711819265,,,,,,,,0.0557788005513632,,,,,,0.00164124009999299,,,,0.0066058453846693,0,,,0,,,0,,,,0,0,0,,,0.323990140877976,,,,,0,,,,0,0,,,0,0,0.348748919468262
0,0,2009,2009-09-27,095,Köln II,05,Nordrhein-Westfalen,zweitstimme,224430,172562,171556,1006,0.768890077084169,cdu,,,0,,,,,,,,,0,,,,,0.000157383011961109,,,0.282968826505631,0,0,,,,,,,,,0,,,,0.000279792021264194,0.00196437314929236,0.190392641469841,,0,,0,,,,0.198419175079857,,,,,,,,0.070752407377183,,,,,,0.000238989018163165,,,,0.00471566135839026,0.00146890811163702,,,0,,,0.0188684744340041,,,,0.000163212012404113,0.00319429224276621,0.00132318310056192,,,0.219549301685747,,,,,0.00440089533446805,,,,0,0.00075194105714752,,,0.00039054302968127,0,0.282968826505631
0,0,2009,2009-09-27,096,Köln III,05,Nordrhein-Westfalen,erststimme,197023,134252,132633,1619,0.681402678875055,spd,,,0,,,,,,,,,0,,,,,0,,,0.287206049776451,0,0,,,,,,,,,0,,,,0,0,0.0843455248693764,,0,,0,,,,0.170018019648202,,,,,,,,0.0858760640262981,,,,,,0,,,,0.0134808079437244,0,,,0,,,0,,,,0,0,0,,,0.359073533735948,,,,,0,,,,0,0,,,0,0,0.287206049776451
0,0,2009,2009-09-27,096,Köln III,05,Nordrhein-Westfalen,zweitstimme,197023,134252,132956,1296,0.681402678875055,spd,,,0,,,,,,,,,0,,,,,0.000285808839014411,,,0.250962724510364,0,0,,,,,,,,,0,,,,0.000428713258521616,0.00355756791720569,0.129554138211138,,0,,0,,,,0.186505310027377,,,,,,,,0.101838202111977,,,,,,0.000398628117572731,,,,0.00925870212701946,0.00151177833268149,,,0,,,0.0209919070970848,,,,0.000195553416167755,0.00536267637413881,0.00276031168206023,,,0.278430458196697,,,,,0.00637052859592647,,,,0,0.00115075664129486,,,0.000436234543758838,0,0.250962724510364
0,0,2009,2009-09-27,097,Bonn,05,Nordrhein-Westfalen,erststimme,219218,167574,165676,1898,0.76441715552555,spd,,,0,,,,,,,,,0,,,,,0.00151500519085444,,,0.311897921243874,0,0,,,,,,,,,0,,,,0,0,0.190769936502571,,0,,0,,,,0.101740747000169,,,,,,,,0.0505866872691277,,,,,,0,,,,0.00730944735507859,0,,,0,,,0,,,,0,0,0,,,0.333488254182863,,,,,0,,,,0.00269200125546247,0,,,0,0,0.311897921243874
0,0,2009,2009-09-27,097,Bonn,05,Nordrhein-Westfalen,zweitstimme,219218,167574,165919,1655,0.76441715552555,spd,,,0,,,,,,,,,0,,,,,0.000524352244167335,,,0.311320584140454,0,0,,,,,,,,,0,,,,0.000313405939042545,0.00266997751915091,0.189749214978393,,0,,0,,,,0.16015646188803,,,,,,,,0.0700582814505873,,,,,,0.000241081491571188,,,,0.00632236211645441,0.00125362375617018,,,0,,,0.0222096324109957,,,,0.000156702969521272,0.00213357120040502,0.00147059709858425,,,0.2253328431343,,,,,0.00473725130937385,,,,0,0.00082570410863132,,,0.000524352244167335,0,0.311320584140454
0,0,2009,2009-09-27,098,Rhein-Sieg-Kreis I,05,Nordrhein-Westfalen,erststimme,231404,167034,164831,2203,0.721828490432318,cdu,,,0,,,,,,,,,0,,,,,0,,,0.448695937050676,0,0,,,,,,,,,0,,,,0,0,0.113613337296989,,0,,0,,,,0.0933622922872518,,,,,,,,0.0638411463862987,,,,,,0,,,,0.0107079372205471,0,,,0,,,0,,,,0,0,0,,,0.258252391843767,,,,,0,,,,0,0.00959164234883001,,,0,0.00193531556563996,0.448695937050676
0,0,2009,2009-09-27,098,Rhein-Sieg-Kreis I,05,Nordrhein-Westfalen,zweitstimme,231404,167034,165178,1856,0.721828490432318,cdu,,,0,,,,,,,,,0,,,,,0.000127135574955503,,,0.354260252576009,0,0,,,,,,,,,0,,,,0.00056302897480294,0.00410466284856337,0.190630713533279,,0,,0,,,,0.105092687888218,,,,,,,,0.0705299737253145,,,,,,0.00011502742495974,,,,0.00885105764690213,0.000926273474675804,,,0,,,0.0174781145188827,,,,9.08111249682161e-05,0.00378985094867355,0.00164065432442577,,,0.229970092869511,,,,,0.00673818547264164,,,,0,0.00448606957342988,,,0.000605407499788107,0,0.354260252576009
0,0,2009,2009-09-27,099,Rhein-Sieg-Kreis II,05,Nordrhein-Westfalen,erststimme,211859,161746,159752,1994,0.763460603514602,cdu,,,0,,,,,,,,,0,,,,,0,,,0.503048475136462,0,0,,,,,,,,,0,,,,0,0,0.100230357053433,,0,,0,,,,0.0879237818618859,,,,,,,,0.0465095898642897,,,,,,0,,,,0.00903275076368371,0,,,0,,,0,,,,0,0,0,,,0.247189393560018,,,,,0,,,,0,0.00606565176022835,,,0,0,0.503048475136462
0,0,2009,2009-09-27,099,Rhein-Sieg-Kreis II,05,Nordrhein-Westfalen,zweitstimme,211859,161746,160031,1715,0.763460603514602,cdu,,,0,,,,,,,,,0,,,,,9.37318394561054e-05,,,0.371721728915023,0,0,,,,,,,,,0,,,,0.000431166461498085,0.00378051752472958,0.217820297317395,,0,,0,,,,0.105592041541951,,,,,,,,0.0549893458142485,,,,,,0.00016871731102099,,,,0.00742356168492355,0.00093106960526398,,,0,,,0.0152782898313452,,,,9.37318394561054e-05,0.0030869019127544,0.00139972880254451,,,0.207678512288244,,,,,0.00608632077534978,,,,0,0.00282445276227731,,,0.000599883772519075,0,0.371721728915023
0,0,2009,2009-09-27,100,Oberbergischer Kreis,05,Nordrhein-Westfalen,erststimme,211963,150609,148220,2389,0.710543821327307,cdu,,,0,,,,,,,,,0,,,,,0,,,0.484138442855215,0,0,,,,,,,,,0,,,,0,0,0.0876399946026177,,0,,0,,,,0.0679125624072325,,,,,,,,0.0647618405073539,,,,,,0,,,,0.0116988260693564,0.00309000134934557,,,0,,,0,,,,0,0,0,,,0.277729051410066,,,,,0,,,,0,0,,,0,0.00302928079881258,0.484138442855215
0,0,2009,2009-09-27,100,Oberbergischer Kreis,05,Nordrhein-Westfalen,zweitstimme,211963,150609,148436,2173,0.710543821327307,cdu,,,0,,,,,,,,,0,,,,,0.000242528766606484,,,0.382703656794848,0,0,,,,,,,,,0,,,,0.000801692311838099,0.00609690371607966,0.16846991295912,,0,,0,,,,0.0864076100137433,,,,,,,,0.0745775957314937,,,,,,0.000107790562936215,,,,0.00887251071168719,0.00177854428844755,,,0,,,0.0137096122234498,,,,0.000148212024037296,0.00524805303295696,0.00256002586973511,,,0.239860950173812,,,,,0.00658196124929262,,,,0,0.00130022366541809,,,0.000532215904497561,0,0.382703656794848
0,0,2009,2009-09-27,101,Rheinisch-Bergischer Kreis,05,Nordrhein-Westfalen,erststimme,215582,166669,165071,1598,0.773111855349705,cdu,,,0,,,,,,,,,0,,,,,0,,,0.499924275008936,0,0,,,,,,,,,0,,,,0,0,0.0860114738506461,,0,,0,,,,0.0832672001744704,,,,,,,,0.0518625318802212,,,,,,0,,,,0.00995329282551145,0,,,0,,,0,,,,0,0,0,,,0.266503504552587,,,,,0,,,,0,0,,,0,0.00247772170762884,0.499924275008936
0,0,2009,2009-09-27,101,Rheinisch-Bergischer Kreis,05,Nordrhein-Westfalen,zweitstimme,215582,166669,165128,1541,0.773111855349705,cdu,,,0,,,,,,,,,0,,,,,0.000284627682767308,,,0.354706651809505,0,0,,,,,,,,,0,,,,0.000569255365534616,0.00439053340438932,0.190639988372656,,0,,0,,,,0.112530885131534,,,,,,,,0.0655975970156485,,,,,,0.000181677244319558,,,,0.00743059929266993,0.00107189574148539,,,0,,,0.0142071605057894,,,,0.000109006346591735,0.0050566833002277,0.0021377355748268,,,0.232637711351194,,,,,0.00672811394796764,,,,0,0.0011930139043651,,,0.000526864008526719,0,0.354706651809505
0,0,2009,2009-09-27,102,Leverkusen - Köln IV,05,Nordrhein-Westfalen,erststimme,213303,146460,144416,2044,0.686628880043881,spd,,,0,,,,,,,,,0,,,,,0,,,0.354822180367826,0,0,,,,,,,,,0,,,,0,0,0.0784677598050078,,0,,0,,,,0.0926905606027033,,,,,,,,0.0811752160425438,,,,,,0.00223659428318192,,,,0.0163693773543098,0,,,0,,,0,,,,0,0,0,,,0.370575282517173,,,,,0,,,,0,0,,,0,0.0036630290272546,0.354822180367826
0,0,2009,2009-09-27,102,Leverkusen - Köln IV,05,Nordrhein-Westfalen,zweitstimme,213303,146460,144855,1605,0.686628880043881,spd,,,0,,,,,,,,,0,,,,,0.000289945117531324,,,0.298146422284353,0,0,,,,,,,,,0,,,,0.000635117876497187,0.00491526008767388,0.142694418556488,,0,,0,,,,0.124704014359187,,,,,,,,0.0946808877843361,,,,,,0.0012426219322771,,,,0.0125297711504608,0.00110455282869076,,,0,,,0.0177971074522799,,,,0.0002002002002002,0.00629595112353733,0.00309274792033413,,,0.28291740015878,,,,,0.00717268993131062,,,,0,0.00105622864243554,,,0.000524662593628111,0,0.298146422284353
0,0,2009,2009-09-27,103,Wuppertal I,05,Nordrhein-Westfalen,erststimme,216614,145089,142988,2101,0.669804352442594,spd,,,0,,,,,,,,,0,,,,,0,,,0.342832965004056,0,0,,,,,,,,,0,,,,0,0,0.0828880745237363,,0,,0,,,,0.0930707471955689,,,,,,,,0.104924888801858,,,,,,0.00200716144012085,,,,0.0163440288695555,0,,,0,,,0,,,,0,0,0,,,0.357932134165105,,,,,0,,,,0,0,,,0,0,0.342832965004056
0,0,2009,2009-09-27,103,Wuppertal I,05,Nordrhein-Westfalen,zweitstimme,216614,145089,143174,1915,0.669804352442594,spd,,,0,,,,,,,,,0,,,,,0.000174612709011413,,,0.286169276544624,0,0,,,,,,,,,0,,,,0.000544791652115608,0.00439325575872714,0.135904563677763,,0,,0,,,,0.127711735370947,,,,,,,,0.116941623479123,,,,,,0.000796233953092042,,,,0.0107351893500217,0.000894017070138433,,,0,,,0.0201153840781147,,,,0.000188581725732326,0.0050428150362496,0.00766899017978125,,,0.274100046097755,,,,,0.00704736893570062,,,,0,0.00118038191291715,,,0.000391132468185564,0,0.286169276544624
0,0,2009,2009-09-27,104,Solingen - Remscheid - Wuppertal II,05,Nordrhein-Westfalen,erststimme,229927,162192,160035,2157,0.705406498584333,cdu,,,0,,,,,,,,,0,,,,,0,,,0.389696003999125,0,0,,,,,,,,,0,,,,0,0,0.0871059455744056,,0,,0,,,,0.0809572905926829,,,,,,,,0.083844159090199,,,,,,0,,,,0.0152841565907458,0,,,0,,,0,,,,0,0,0,,,0.343112444152842,,,,,0,,,,0,0,,,0,0,0.389696003999125
0,0,2009,2009-09-27,104,Solingen - Remscheid - Wuppertal II,05,Nordrhein-Westfalen,zweitstimme,229927,162192,160398,1794,0.705406498584333,cdu,,,0,,,,,,,,,0,,,,,0.000274317634883228,,,0.319505230738538,0,0,,,,,,,,,0,,,,0.000866594346562925,0.00510604870384918,0.16258930909363,,0,,0,,,,0.10197758076784,,,,,,,,0.093872741555381,,,,,,0.000567338744872131,,,,0.0103991321587551,0.000978815197196973,,,0,,,0.0180239155101685,,,,0.00016209678424918,0.00555493210638537,0.00413970249005599,,,0.267266424768389,,,,,0.00687664434718637,,,,0,0.00120325689846507,,,0.000635918153592938,0,0.319505230738538
0,0,2009,2009-09-27,105,Mettmann I,05,Nordrhein-Westfalen,erststimme,204450,150715,149006,1709,0.737172902910247,cdu,,,0,,,,,,,,,0,,,,,0,,,0.444948525562729,0,0,,,,,,,,,0,,,,0,0,0.0783458384226138,,0,,0,,,,0.0712118975074829,,,,,,,,0.0564541025193616,,,,,,0,,,,0.0113418251614029,0,,,0,,,0,,,,0,0,0,,,0.33769781082641,,,,,0,,,,0,0,,,0,0,0.444948525562729
0,0,2009,2009-09-27,105,Mettmann I,05,Nordrhein-Westfalen,zweitstimme,204450,150715,149102,1613,0.737172902910247,cdu,,,0,,,,,,,,,0,,,,,0.000321927271263967,,,0.349110005231318,0,0,,,,,,,,,0,,,,0.000462770452441953,0.00526485224879613,0.181627342356239,,0,,0,,,,0.103311826803128,,,,,,,,0.0698246837735242,,,,,,0.000214618180842645,,,,0.00816890450832316,0.000824938632613915,,,0,,,0.0161030703813497,,,,0.000140843181177986,0.00572091588308675,0.0042118817990369,,,0.246589582970047,,,,,0.00643854542527934,,,,0,0.00109991817681855,,,0.000563372724711942,0,0.349110005231318
0,0,2009,2009-09-27,106,Mettmann II,05,Nordrhein-Westfalen,erststimme,168402,122690,121149,1541,0.728554292704362,cdu,,,0,,,,,,,,,0,,,,,0,,,0.398484510809004,0,0,,,,,,,,,0,,,,0,0,0.0935377097623587,,0,,0,,,,0.069724058803622,,,,,,,,0.0694846841492707,,,,,,0,,,,0.0124062105341357,0,,,0,,,0,,,,0,0,0,,,0.356362825941609,,,,,0,,,,0,0,,,0,0,0.398484510809004
0,0,2009,2009-09-27,106,Mettmann II,05,Nordrhein-Westfalen,zweitstimme,168402,122690,121429,1261,0.728554292704362,cdu,,,0,,,,,,,,,0,,,,,0.00023058742145616,,,0.337637631867182,0,0,,,,,,,,,0,,,,0.000691762264368479,0.0049082179709954,0.169432343179965,,0,,0,,,,0.0934702583402647,,,,,,,,0.0810267728466841,,,,,,0.00023058742145616,,,,0.00873761622017805,0.000782350179940541,,,0,,,0.0160999431766711,,,,0.000164705301040114,0.00511409959729554,0.00384586877928666,,,0.269622577802667,,,,,0.00622586037931631,,,,0,0.0010047023363447,,,0.000774114914888536,0,0.337637631867182
0,0,2009,2009-09-27,107,Düsseldorf I,05,Nordrhein-Westfalen,erststimme,218215,159600,158014,1586,0.731388767958206,cdu,,,0,,,,,,,,,0,,,,,0,,,0.435081701621375,0,0,,,,,,,,,0,,,,0,0,0.104243927753237,,0,,0,,,,0.100586024023188,,,,,,,,0.0649689268039541,,,,,,0.00129102484589973,,,,0.00825243332869239,0,,,0,,,0,,,,0,0,0,,,0.285575961623654,,,,,0,,,,0,0,,,0,0,0.435081701621375
0,0,2009,2009-09-27,107,Düsseldorf I,05,Nordrhein-Westfalen,zweitstimme,218215,159600,158386,1214,0.731388767958206,cdu,,,0,,,,,,,,,0,,,,,0.000239920194966727,,,0.333028171681841,0,0,,,,,,,,,0,,,,0.000296743399037794,0.00255704418319801,0.199676739105729,,0,,0,,,,0.126065435076333,,,,,,,,0.0755243518997891,,,,,,0.000448271943227305,,,,0.00507620623034864,0.000656623691487884,,,0,,,0.0161251625775005,,,,0.00017678330155443,0.00375033146869041,0.00463424797646257,,,0.224925182781306,,,,,0.00553079186291718,,,,0,0.000719760584900181,,,0.000568232040710669,0,0.333028171681841
0,0,2009,2009-09-27,108,Düsseldorf II,05,Nordrhein-Westfalen,erststimme,195910,134823,133133,1690,0.688188453881885,cdu,,,0,,,,,,,,,0,,,,,0,,,0.3773144149084,0,0,,,,,,,,,0,,,,0,0,0.0808064116334793,,0,,0,,,,0.0986757603298957,,,,,,,,0.0972561273313153,,,,,,0.00151727971276843,,,,0.0117176057025681,0,,,0,,,0,,,,0,0,0,,,0.332712400381573,,,,,0,,,,0,0,,,0,0,0.3773144149084
0,0,2009,2009-09-27,108,Düsseldorf II,05,Nordrhein-Westfalen,zweitstimme,195910,134823,133495,1328,0.688188453881885,cdu,,,0,,,,,,,,,0,,,,,0.000209745683358927,,,0.306423461552867,0,0,,,,,,,,,0,,,,0.000471927787557586,0.00382785872130042,0.154500168545638,,0,,0,,,,0.12657402898985,,,,,,,,0.0992097082287726,,,,,,0.000479418704820405,,,,0.00674182553653695,0.000809019064384434,,,0,,,0.0187198022397843,,,,0.000172291097044833,0.00526611483576164,0.00750589909734447,,,0.261230757706281,,,,,0.00629986141803064,,,,0,0.000891419154275441,,,0.000666691636390876,0,0.306423461552867
0,0,2009,2009-09-27,109,Neuss I,05,Nordrhein-Westfalen,erststimme,213950,149942,147976,1966,0.700827296097219,cdu,,,0,,,,,,,,,0,,,,,0,,,0.478368113748175,0,0,,,,,,,,,0,,,,0,0,0.0862504730496837,,0,,0,,,,0.0671392658268909,,,,,,,,0.0588541385089474,,,,,,0,,,,0.0146510244904579,0,,,0,,,0,,,,0,0,0,,,0.294736984375845,,,,,0,,,,0,0,,,0,0,0.478368113748175
0,0,2009,2009-09-27,109,Neuss I,05,Nordrhein-Westfalen,zweitstimme,213950,149942,148247,1695,0.700827296097219,cdu,,,0,,,,,,,,,0,,,,,0.000148400979446464,,,0.373828812724709,0,0,,,,,,,,,0,,,,0.000573367420588612,0.00548409074045343,0.175005227761776,,0,,0,,,,0.0818431401647251,,,,,,,,0.0658023433863755,,,,,,0.000202364971972451,,,,0.0104083050584498,0.000721768400035077,,,0,,,0.0172414956120529,,,,0.000148400979446464,0.00569994671055738,0.00357511450484664,,,0.248315311608329,,,,,0.00667129857602515,,,,0,0.000897151375744534,,,0.00343345902446593,0,0.373828812724709
0,0,2009,2009-09-27,110,Mönchengladbach,05,Nordrhein-Westfalen,erststimme,194294,124190,122416,1774,0.639185975892205,cdu,,,0,,,,,,,,,0,,,,,0,,,0.45569206639655,0,0,,,,,,,,,0,,,,0,0,0.0945382956476278,,0,,0,,,,0.0830120245719514,,,,,,,,0.0754231473010064,,,,,,0,,,,0.0128169520324141,0,,,0,,,0,,,,0,0,0,,,0.276532479414456,,,,,0,,,,0,0,,,0,0.00198503463599529,0.45569206639655
0,0,2009,2009-09-27,110,Mönchengladbach,05,Nordrhein-Westfalen,zweitstimme,194294,124190,122746,1444,0.639185975892205,cdu,,,0,,,,,,,,,0,,,,,0.00016293809981588,,,0.350479852703958,0,0,,,,,,,,,0,,,,0.000399198344548906,0.00428527202515764,0.180437651736105,,0,,0,,,,0.0886057386798755,,,,,,,,0.0834324540107213,,,,,,0.000252554054714614,,,,0.0100288400436674,0.000684340019226696,,,0,,,0.0178498688348296,,,,0.000154791194825086,0.00588206540335327,0.00245221840222899,,,0.244553794013654,,,,,0.00738109592165936,,,,0,0.000847278119042576,,,0.00211004839261565,0,0.350479852703958
0,0,2009,2009-09-27,111,Krefeld I - Neuss II,05,Nordrhein-Westfalen,erststimme,204291,149731,148036,1695,0.732929987126207,cdu,,,0,,,,,,,,,0,,,,,0,,,0.423133562106515,0,0,,,,,,,,,0,,,,0,0.0141857386041233,0.12272690426653,,0,,0,,,,0.0813518333378367,,,,,,,,0.058370936799157,,,,,,0,,,,0.00917344429733308,0,,,0,,,0,,,,0,0,0,,,0.291057580588506,,,,,0,,,,0,0,,,0,0,0.423133562106515
0,0,2009,2009-09-27,111,Krefeld I - Neuss II,05,Nordrhein-Westfalen,zweitstimme,204291,149731,148258,1473,0.732929987126207,cdu,,,0,,,,,,,,,0,,,,,0.00021583995467361,,,0.35918466457122,0,0,,,,,,,,,0,,,,0.000404699915013018,0.00693385854388971,0.193075584454127,,0,,0,,,,0.093532895358092,,,,,,,,0.0675579058128398,,,,,,0.000296779937676213,,,,0.0068259385665529,0.000607049872519527,,,0,,,0.0152909117889085,,,,0.000134899971671006,0.00483616398440556,0.00232702451132485,,,0.239791444643797,,,,,0.00624586868836758,,,,0,0.000816144828609586,,,0.00192232459631183,0,0.35918466457122
0,0,2009,2009-09-27,112,Viersen,05,Nordrhein-Westfalen,erststimme,227805,164366,162376,1990,0.72152059875771,cdu,,,0,,,,,,,,,0,,,,,0,,,0.488736020101493,0,0,,,,,,,,,0,,,,0,0,0.0970278858944672,,0,,0,,,,0.077800906537912,,,,,,,,0.0683721732275706,,,,,,0,,,,0.0113070897176923,0,,,0,,,0,,,,0,0,0,,,0.256755924520865,,,,,0,,,,0,0,,,0,0,0.488736020101493
0,0,2009,2009-09-27,112,Viersen,05,Nordrhein-Westfalen,zweitstimme,227805,164366,162708,1658,0.72152059875771,cdu,,,0,,,,,,,,,0,,,,,0.000135211544607518,,,0.379348280354992,0,0,,,,,,,,,0,,,,0.000479386385426654,0.00516262261228704,0.184815743540576,,0,,0,,,,0.088704919241832,,,,,,,,0.0733522629495784,,,,,,0.000135211544607518,,,,0.00877645844088797,0.000798977309044423,,,0,,,0.0156968311330727,,,,0.000153649482508543,0.0054945054945055,0.0018560857487032,,,0.225821717432456,,,,,0.00779924773213364,,,,0,0.000817415246945448,,,0.000651473805836222,0,0.379348280354992
0,0,2009,2009-09-27,113,Kleve,05,Nordrhein-Westfalen,erststimme,226029,158453,156325,2128,0.701029513911932,cdu,,,0,,,,,,,,,0,,,,,0,,,0.489237166160243,0,0,,,,,,,,,0,,,,0,0,0.0935231089077243,,0,,0,,,,0.0649160403006557,,,,,,,,0.0562098192867424,,,,,,0,,,,0,0,,,0,,,0,,,,0,0,0,,,0.296113865344635,,,,,0,,,,0,0,,,0,0,0.489237166160243
0,0,2009,2009-09-27,113,Kleve,05,Nordrhein-Westfalen,zweitstimme,226029,158453,156739,1714,0.701029513911932,cdu,,,0,,,,,,,,,0,,,,,0.000185020958408565,,,0.422109366526519,0,0,,,,,,,,,0,,,,0.000606103139614263,0.00522524706677981,0.161089454443374,,0,,0,,,,0.0788253083150971,,,,,,,,0.061031396142632,,,,,,0.00015950082621428,,,,0.0066671345357569,0.000880444560702824,,,0,,,0.0145273352515966,,,,9.57004957285679e-05,0.0043192823738827,0.00190762988152279,,,0.234849016517906,,,,,0.00621415218930834,,,,0,0.000733703800585687,,,0.000574202974371407,0,0.422109366526519
0,0,2009,2009-09-27,114,Wesel I,05,Nordrhein-Westfalen,erststimme,207451,151261,149521,1740,0.729140857359087,cdu,,,0,,,,,,,,,0,,,,,0,,,0.385069655767417,0,0,,,,,,,,,0,,,,0,0.010587141605527,0.0710535643822607,,0,,0,,,,0.0660308585416096,,,,,,,,0.0740431110011303,,,,,,0,,,,0.0104935092729449,0,,,0,,,0,,,,0,0,0,,,0.38272215942911,,,,,0,,,,0,0,,,0,0,0.385069655767417
0,0,2009,2009-09-27,114,Wesel I,05,Nordrhein-Westfalen,zweitstimme,207451,151261,149708,1553,0.729140857359087,cdu,,,0,,,,,,,,,0,,,,,0.000187030753199562,,,0.331071151842253,0,0,,,,,,,,,0,,,,0.000581131268870067,0.00616533518582841,0.12985945974831,,0,,0,,,,0.085853795388356,,,,,,,,0.0846714938413445,,,,,,0.000200390092713816,,,,0.0088372030886793,0.000761482352312502,,,0,,,0.015597028882892,,,,0.000100195046356908,0.00422823095626152,0.00263846955406525,,,0.321552622438347,,,,,0.00647259999465627,,,,0,0.000647927966441339,,,0.00057445159911294,0,0.331071151842253
0,0,2009,2009-09-27,115,Krefeld II - Wesel II,05,Nordrhein-Westfalen,erststimme,182878,129601,127920,1681,0.708674635549383,spd,,,0,,,,,,,,,0,,,,,0,,,0.351047529706066,0,0,,,,,,,,,0,,,,0,0,0.0867573483427142,,0,,0,,,,0.073968105065666,,,,,,,,0.079135397123202,,,,,,0.00211069418386492,,,,0.0111397748592871,0,,,0,,,0,,,,0,0,0,,,0.3958411507192,,,,,0,,,,0,0,,,0,0,0.351047529706066
0,0,2009,2009-09-27,115,Krefeld II - Wesel II,05,Nordrhein-Westfalen,zweitstimme,182878,129601,128189,1412,0.708674635549383,spd,,,0,,,,,,,,,0,,,,,0.000163820608632566,,,0.302771688678436,0,0,,,,,,,,,0,,,,0.00059287458362262,0.0041735250294487,0.14172822941126,,0,,0,,,,0.0992830898126984,,,,,,,,0.0892276248352043,,,,,,0.000842505987253196,,,,0.00851087066752998,0.00059287458362262,,,0,,,0.0162104392732606,,,,0.00015601962726911,0.00566351246986871,0.0024027022599443,,,0.319762226088042,,,,,0.0065606253266661,,,,0,0.000795700099072463,,,0.000561670658168798,0,0.302771688678436
0,0,2009,2009-09-27,116,Duisburg I,05,Nordrhein-Westfalen,erststimme,185802,128326,126489,1837,0.690659949839076,spd,,,0,,,,,,,,,0,,,,,0,,,0.316240937947173,0,0,,,,,,,,,0,,,,0,0,0.05930159934856,,0,,0,,,,0.0774059404375084,,,,,,,,0.104649416154764,,,,,,0,,,,0.0173216643344481,0,,,0,,,0,,,,0,0,0,,,0.421878582327317,,,,,0,,,,0,0,,,0,0.00320185945022887,0.316240937947173
0,0,2009,2009-09-27,116,Duisburg I,05,Nordrhein-Westfalen,zweitstimme,185802,128326,126692,1634,0.690659949839076,spd,,,0,,,,,,,,,0,,,,,0.000284153695576674,,,0.26551005588356,0,0,,,,,,,,,0,,,,0.000868247403150949,0.00522527073532662,0.100314147696776,,0,,0,,,,0.0956492911943927,,,,,,,,0.115855776213178,,,,,,0.00127079847188457,,,,0.0120686389037982,0.000844567928519559,,,0,,,0.0181937296751176,,,,0.000252581062734821,0.00606194550563571,0.00468853597701512,,,0.362737978720046,,,,,0.00819309822246077,,,,0,0.00094717898525558,,,0.00103400372557068,0,0.26551005588356
0,0,2009,2009-09-27,117,Duisburg II,05,Nordrhein-Westfalen,erststimme,159541,95554,93845,1709,0.598930682395121,spd,,,0,,,,,,,,,0,,,,,0,,,0.264041771005381,0,0,,,,,,,,,0,,,,0,0,0.0552933027865097,,0,,0,,,,0.0578613671479567,,,,,,,,0.112089083062497,,,,,,0.00293036389791678,,,,0.0314667803292663,0,,,0,,,0,,,,0,0,0,,,0.473504182428473,,,,,0,,,,0,0,,,0,0.00281314934200011,0.264041771005381
0,0,2009,2009-09-27,117,Duisburg II,05,Nordrhein-Westfalen,zweitstimme,159541,95554,94087,1467,0.598930682395121,spd,,,0,,,,,,,,,0,,,,,0.000340110748562501,,,0.231785475145344,0,0,,,,,,,,,0,,,,0.00121164454175391,0.00533548736807423,0.0836672441463752,,0,,0,,,,0.0699565295949494,,,,,,,,0.137532283949961,,,,,,0.00178558142995313,,,,0.0208317833494532,0.000542051505521486,,,0,,,0.015974576721545,,,,0.000297596904992188,0.00667467344053908,0.00551617120324806,,,0.407123194490206,,,,,0.00869408101012892,,,,0,0.000850276871406252,,,0.00188123757798633,0,0.231785475145344
0,0,2009,2009-09-27,118,Oberhausen - Wesel III,05,Nordrhein-Westfalen,erststimme,212283,148108,146126,1982,0.697691289457941,spd,,,0,,,,,,,,,0,,,,,0,,,0.273743207916456,0,0,,,,,,,,,0,,,,0,0,0.0631715095191821,,0,,0,,,,0.101090839412562,,,,,,,,0.0958624748504715,,,,,,0.00192984136977677,,,,0.0180871302848227,0,,,0,,,0,,,,0,0,0,,,0.44611499664673,,,,,0,,,,0,0,,,0,0,0.273743207916456
0,0,2009,2009-09-27,118,Oberhausen - Wesel III,05,Nordrhein-Westfalen,zweitstimme,212283,148108,146305,1803,0.697691289457941,spd,,,0,,,,,,,,,0,,,,,0.000293906565052459,,,0.244092819794265,0,0,,,,,,,,,0,,,,0.00092272991353679,0.00505792693346092,0.102860462731964,,0,,0,,,,0.0912614059669868,,,,,,,,0.111486278664434,,,,,,0.00080653429479512,,,,0.0137452581934999,0.000724513858036294,,,0,,,0.0158914596220225,,,,0.000239226273879908,0.00600116195618742,0.00328081747035303,,,0.394306414681658,,,,,0.00758005536379481,,,,0,0.000813369331191689,,,0.0006356583848809,0,0.244092819794265
0,0,2009,2009-09-27,119,Mülheim - Essen I,05,Nordrhein-Westfalen,erststimme,194638,140658,138936,1722,0.722664638970807,spd,,,0,,,,,,,,,0,,,,,0,,,0.321392583635631,0,0,,,,,,,,,0,,,,0,0,0.0853054643864801,,0,,0,,,,0.0777408303103587,,,,,,,,0.087399953935625,,,,,,0,,,,0.0139632636609662,0,,,0,,,0,,,,0,0,0,,,0.414197904070939,,,,,0,,,,0,0,,,0,0,0.321392583635631
0,0,2009,2009-09-27,119,Mülheim - Essen I,05,Nordrhein-Westfalen,zweitstimme,194638,140658,139251,1407,0.722664638970807,spd,,,0,,,,,,,,,0,,,,,0.000430876618480298,,,0.27117938111755,0,0,,,,,,,,,0,,,,0.000596045988897746,0.0050125313283208,0.132250396765553,,0,,0,,,,0.0951734637453232,,,,,,,,0.0949795692670071,,,,,,0.000998197499479357,,,,0.0104703018290712,0.000696583866543149,,,0,,,0.0147503429059755,,,,0.000229800863189492,0.00535005134613037,0.00386352701237334,,,0.355458847692297,,,,,0.00731053996021573,,,,0,0.000775577913264537,,,0.000473964280328328,0,0.27117938111755
0,0,2009,2009-09-27,120,Essen II,05,Nordrhein-Westfalen,erststimme,171457,107997,106416,1581,0.629878045224167,spd,,,0,,,,,,,,,0,,,,,0.00547849947376334,,,0.272214704555706,0,0,,,,,,,,,0,,,,0,0,0.0654694782739438,,0,,0,,,,0.0690873552849196,,,,,,,,0.103978725003759,,,,,,0.002255299954894,,,,0.0208427304164787,0,,,0,,,0,,,,0,0,0,,,0.460673207036536,,,,,0,,,,0,0,,,0,0,0.272214704555706
0,0,2009,2009-09-27,120,Essen II,05,Nordrhein-Westfalen,zweitstimme,171457,107997,106689,1308,0.629878045224167,spd,,,0,,,,,,,,,0,,,,,0.00144344777812146,,,0.234953931520588,0,0,,,,,,,,,0,,,,0.00058112832625669,0.00529576619895209,0.102606641734387,,0,,0,,,,0.088996991254956,,,,,,,,0.116516229414466,,,,,,0.00132159829035796,,,,0.0151749477453158,0.000609247438817498,,,0,,,0.0173588654875385,,,,0.000290564163128345,0.00541761568671559,0.00917620373234354,,,0.390265163231448,,,,,0.00819203479271527,,,,0,0.00110601842739176,,,0.00069360477649992,0,0.234953931520588
0,0,2009,2009-09-27,121,Essen III,05,Nordrhein-Westfalen,erststimme,197729,149281,147690,1591,0.754977772607963,spd,,,0,,,,,,,,,0,,,,,0.00343963707766267,,,0.360681156476403,0,0,,,,,,,,,0,,,,0,0,0.0747173132913535,,0,,0,,,,0.0945832486965942,,,,,,,,0.069334416683594,,,,,,0,,,,0.0109282957546212,0,,,0,,,0,,,,0,0,0,,,0.386315932019771,,,,,0,,,,0,0,,,0,0,0.360681156476403
0,0,2009,2009-09-27,121,Essen III,05,Nordrhein-Westfalen,zweitstimme,197729,149281,148083,1198,0.754977772607963,spd,,,0,,,,,,,,,0,,,,,0.000999439503521674,,,0.300203264385514,0,0,,,,,,,,,0,,,,0.000506472721379227,0.00354530904965459,0.140657604181439,,0,,0,,,,0.120250129994665,,,,,,,,0.0826495951594714,,,,,,0.000614520235273462,,,,0.00828589372176415,0.000736073688404476,,,0,,,0.0158087018766503,,,,0.000263365815117198,0.00389646346981085,0.00403827583179703,,,0.309880269848666,,,,,0.00617896720082656,,,,0,0.000958921685811336,,,0.000526731630234396,0,0.300203264385514
0,0,2009,2009-09-27,122,Recklinghausen I,05,Nordrhein-Westfalen,erststimme,174767,124037,122190,1847,0.709727809025731,spd,,,0,,,,,,,,,0,,,,,0,,,0.306931827481791,0,0,,,,,,,,,0,,,,0,0,0.0743923397986742,,0,,0,,,,0.0642114739340372,,,,,,,,0.104599394385793,,,,,,0,,,,0.0170063016613471,0,,,0,,,0,,,,0,0,0,,,0.430698093133644,,,,,0,,,,0,0,,,0,0.00216056960471397,0.306931827481791
0,0,2009,2009-09-27,122,Recklinghausen I,05,Nordrhein-Westfalen,zweitstimme,174767,124037,122658,1379,0.709727809025731,spd,,,0,,,,,,,,,0,,,,,0.000244582497676466,,,0.283161310309968,0,0,,,,,,,,,0,,,,0.0014838004859039,0.00488349720360678,0.109752319457353,,0,,0,,,,0.081397055226728,,,,,,,,0.115785354400039,,,,,,0.00065221999380391,,,,0.0119845423861468,0.000668525493649008,,,0,,,0.0176262453325507,,,,0.000138596748683331,0.005421578698495,0.00334262746824504,,,0.355223466875377,,,,,0.00694614293401164,,,,0,0.000831580492099985,,,0.000456553995662737,0,0.283161310309968
0,0,2009,2009-09-27,123,Recklinghausen II,05,Nordrhein-Westfalen,erststimme,194999,140361,138551,1810,0.719803691300981,spd,,,0,,,,,,,,,0,,,,,0,,,0.31772415933483,0,0,,,,,,,,,0,,,,0,0,0.0770690936911318,,0,,0,,,,0.062092659020866,,,,,,,,0.0996384003002504,,,,,,0.00137855374555218,,,,0.0163766410924497,0,,,0,,,0,,,,0,0,0,,,0.42572049281492,,,,,0,,,,0,0,,,0,0,0.31772415933483
0,0,2009,2009-09-27,123,Recklinghausen II,05,Nordrhein-Westfalen,zweitstimme,194999,140361,138933,1428,0.719803691300981,spd,,,0,,,,,,,,,0,,,,,0.000201535992168887,,,0.290917204695789,0,0,,,,,,,,,0,,,,0.000971691390814278,0.00499521352018599,0.109542009457796,,0,,0,,,,0.0741292565481203,,,,,,,,0.105187392484147,,,,,,0.000690980544579042,,,,0.0111852475653732,0.00059741026250063,,,0,,,0.0164467765037824,,,,0.000208733706174919,0.00488005009608948,0.0034764958649133,,,0.367875162848279,,,,,0.007269691146092,,,,0,0.000964493676808246,,,0.000460653696386028,0,0.290917204695789
0,0,2009,2009-09-27,124,Gelsenkirchen,05,Nordrhein-Westfalen,erststimme,187486,121673,119021,2652,0.648971123177197,spd,,,0,,,,,,,,,0,,,,,0,,,0.260550659127381,0,0,,,,,,,,,0,,,,0,0,0.0701052755396107,,0,,0,,,,0.0757261323631964,,,,,,,,0,,,,,,0.0153838398265852,,,,0.0352794884936272,0,,,0,,,0,,,,0,0,0,,,0.5429546046496,,,,,0,,,,0,0,,,0,0,0.260550659127381
0,0,2009,2009-09-27,124,Gelsenkirchen,05,Nordrhein-Westfalen,zweitstimme,187486,121673,120201,1472,0.648971123177197,spd,,,0,,,,,,,,,0,,,,,0.000274540145256695,,,0.232360795667257,0,0,,,,,,,,,0,,,,0.000898495020840093,0.00476701524945716,0.0902321944077004,,0,,0,,,,0.0692756299864394,,,,,,,,0.1206063177511,,,,,,0.00377700684686484,,,,0.016788545852364,0.000432608713737822,,,0,,,0.0178700676367085,,,,0.000174707365163351,0.0055573580918628,0.0091014217851765,,,0.419588855333982,,,,,0.00680526784302959,,,,0,0.000931772614204541,,,0.000557399688854502,0,0.232360795667257
0,0,2009,2009-09-27,125,Steinfurt I - Borken I,05,Nordrhein-Westfalen,erststimme,200304,143677,141698,1979,0.717294712037703,cdu,,,0,,,,,,,,,0,,,,,0,,,0.445475588928566,0,0,,,,,,,,,0,,,,0,0,0.123734985673757,,0,,0,,,,0.0619204223065957,,,,,,,,0.0586176233962371,,,,,,0,,,,0.00865220398311903,0,,,0,,,0,,,,0,0,0,,,0.301599175711725,,,,,0,,,,0,0,,,0,0,0.445475588928566
0,0,2009,2009-09-27,125,Steinfurt I - Borken I,05,Nordrhein-Westfalen,zweitstimme,200304,143677,142266,1411,0.717294712037703,cdu,,,0,,,,,,,,,0,,,,,0.0001405817271871,,,0.416339814150957,0,0,,,,,,,,,0,,,,0.000435803354280011,0.00454781887450269,0.156586956827352,,0,,0,,,,0.0773129208665458,,,,,,,,0.064646507246988,,,,,,0.00011246538174968,,,,0.00697988275483953,0.000794286758607116,,,0,,,0.0158084152221894,,,,0.0001405817271871,0.00411201552022268,0.00141284635823036,,,0.245265910336974,,,,,0.00399252105211365,,,,0,0.000470948786076786,,,0.000899723053997441,0,0.416339814150957
0,0,2009,2009-09-27,126,Bottrop - Recklinghausen III,05,Nordrhein-Westfalen,erststimme,208655,148523,146719,1804,0.711811363255134,spd,,,0,,,,,,,,,0,,,,,0,,,0.329132559518535,0,0,,,,,,,,,0,,,,0,0,0.0661809308951124,,0,,0,,,,0.0570614576162597,,,,,,,,0.0938187964748942,,,,,,0.00165622720983649,,,,0.0162964578548109,0.00775632331190916,,,0,,,0,,,,0,0,0,,,0.428097247118642,,,,,0,,,,0,0,,,0,0,0.329132559518535
0,0,2009,2009-09-27,126,Bottrop - Recklinghausen III,05,Nordrhein-Westfalen,zweitstimme,208655,148523,146927,1596,0.711811363255134,spd,,,0,,,,,,,,,0,,,,,0.0002314074336235,,,0.286897574986218,0,0,,,,,,,,,0,,,,0.000775895512737618,0.00547210519509688,0.11006145909193,,0,,0,,,,0.0698782388533081,,,,,,,,0.106338521850987,,,,,,0.000871180926582589,,,,0.0118290035187542,0.00304232714205013,,,0,,,0.0153885943359628,,,,0.000156540322745309,0.00517263675158412,0.00437632293587972,,,0.371150299128138,,,,,0.00716001824035065,,,,0,0.0006942223008705,,,0.000503651473180559,0,0.286897574986218
0,0,2009,2009-09-27,127,Borken II,05,Nordrhein-Westfalen,erststimme,196659,147728,146234,1494,0.751188605657509,cdu,,,0,,,,,,,,,0,,,,,0,,,0.541966984422227,0,0,,,,,,,,,0,,,,0,0,0.0856230425208912,,0,,0,,,,0.0663730732934885,,,,,,,,0.0436628964536291,,,,,,0,,,,0.00713924258380404,0,,,0,,,0,,,,0,0,0,,,0.25523476072596,,,,,0,,,,0,0,,,0,0,0.541966984422227
0,0,2009,2009-09-27,127,Borken II,05,Nordrhein-Westfalen,zweitstimme,196659,147728,146497,1231,0.751188605657509,cdu,,,0,,,,,,,,,0,,,,,8.19129401967276e-05,,,0.457729509819314,0,0,,,,,,,,,0,,,,0.000382260387584729,0.00426629896857956,0.165395878413892,,0,,0,,,,0.0736738636286067,,,,,,,,0.0492979378417306,,,,,,0.000116043331945364,,,,0.00549499307153048,0.000641651364874366,,,0,,,0.0124439408315529,,,,8.87390185464549e-05,0.00303077878727892,0.00128330272974873,,,0.22078267814358,,,,,0.00408882093148665,,,,0,0.000498303719530093,,,0.000703086070021912,0,0.457729509819314
0,0,2009,2009-09-27,128,Coesfeld - Steinfurt II,05,Nordrhein-Westfalen,erststimme,189353,146369,144997,1372,0.772995410687974,cdu,,,0,,,,,,,,,0,,,,,0,,,0.507844989896343,0,0,,,,,,,,,0,,,,0,0,0.0981330648220308,,0,,0,,,,0.0736153161789554,,,,,,,,0.0526493651592792,,,,,,0,,,,0.00671048366517928,0,,,0,,,0,,,,0,0,0,,,0.261046780278213,,,,,0,,,,0,0,,,0,0,0.507844989896343
0,0,2009,2009-09-27,128,Coesfeld - Steinfurt II,05,Nordrhein-Westfalen,zweitstimme,189353,146369,145269,1100,0.772995410687974,cdu,,,0,,,,,,,,,0,,,,,0.000110140497972726,,,0.426112935313109,0,0,,,,,,,,,0,,,,0.000461213335260792,0.00483929812967667,0.165492981985145,,0,,0,,,,0.0936676097446806,,,,,,,,0.0585396746725041,,,,,,8.94891546028403e-05,,,,0.00517660340471814,0.00112205632309715,,,0,,,0.0138226324955772,,,,0.000137675622465908,0.00408208220611417,0.00146624537926192,,,0.218835401909561,,,,,0.00485306569192326,,,,0,0.000550702489863632,,,0.000640191644466473,0,0.426112935313109
0,0,2009,2009-09-27,129,Steinfurt III,05,Nordrhein-Westfalen,erststimme,192966,143782,141940,1842,0.745115719867749,cdu,,,0,,,,,,,,,0,,,,,0,,,0.432887135409328,0,0,,,,,,,,,0,,,,0,0,0.0818162603917148,,0,,0,,,,0,,,,,,,,0.0639354656897281,,,,,,0,,,,0.0079540650979287,0,,,0,,,0,,,,0,0,0,,,0.413407073411301,,,,,0,,,,0,0,,,0,0,0.432887135409328
0,0,2009,2009-09-27,129,Steinfurt III,05,Nordrhein-Westfalen,zweitstimme,192966,143782,142411,1371,0.745115719867749,cdu,,,0,,,,,,,,,0,,,,,0.000168526307658818,,,0.358588873050537,0,0,,,,,,,,,0,,,,0.000498556993490671,0.0048170436272479,0.140445611645168,,0,,0,,,,0.0938551095069903,,,,,,,,0.064952847743503,,,,,,9.83070128009775e-05,,,,0.00652337249229343,0.000596864006291649,,,0,,,0.0143738896574001,,,,0.000105328942286762,0.00319497791603177,0.00143247361509996,,,0.305615437009782,,,,,0.00389717086461018,,,,0,0.00039322805120391,,,0.000442381557604399,0,0.358588873050537
0,0,2009,2009-09-27,130,Münster,05,Nordrhein-Westfalen,erststimme,210934,163921,162559,1362,0.777119857396152,cdu,,,0,,,,,,,,,0,,,,,0,,,0.392589767407526,0,0,,,,,,,,,0,,,,0,0,0.0992316635806077,,0,,0,,,,0.128088878499499,,,,,,,,0.0480133366962149,,,,,,0,,,,0.00441685787929306,0,,,0,,,0,,,,0,0,0,,,0.326213866965225,,,,,0,,,,0,0,,,0,0.00144562897163491,0.392589767407526
0,0,2009,2009-09-27,130,Münster,05,Nordrhein-Westfalen,zweitstimme,210934,163921,162731,1190,0.777119857396152,cdu,,,0,,,,,,,,,0,,,,,0.000104466880926191,,,0.337378864506455,0,0,,,,,,,,,0,,,,0.000233514204423251,0.00255636602737032,0.147181545003718,,0,,0,,,,0.171970921336439,,,,,,,,0.0674118637506068,,,,,,0.000239659315065968,,,,0.00352729350891963,0.00256251113801304,,,0,,,0.02144029103244,,,,0.000116757102211625,0.00246418936772957,0.0010753943624755,,,0.237225851251452,,,,,0.00348427773442061,,,,0,0.000546914847201824,,,0.000479318630131936,0,0.337378864506455
0,0,2009,2009-09-27,131,Warendorf,05,Nordrhein-Westfalen,erststimme,211287,156217,153521,2696,0.739359260153251,cdu,,,0,,,,,,,,,0,,,,,0,,,0.489750587867458,0,0,,,,,,,,,0,,,,0,0,0.106389353899467,,0,,0,,,,0,,,,,,,,0.0781977709889852,,,,,,0,,,,0,0,,,0,,,0,,,,0,0,0,,,0.32566228724409,,,,,0,,,,0,0,,,0,0,0.489750587867458
0,0,2009,2009-09-27,131,Warendorf,05,Nordrhein-Westfalen,zweitstimme,211287,156217,154408,1809,0.739359260153251,cdu,,,0,,,,,,,,,0,,,,,9.06688772602456e-05,,,0.40610590124864,0,0,,,,,,,,,0,,,,0.00053106056681001,0.0044362986373763,0.153282213356821,,0,,0,,,,0.0946129734210663,,,,,,,,0.0636236464431895,,,,,,5.18107870058546e-05,,,,0.00632739236309,0.000770685456712088,,,0,,,0.0149474120511891,,,,0.000103621574011709,0.0037239003160458,0.00195585720947101,,,0.243562509714523,,,,,0.0044557276825035,,,,0,0.000725351018081965,,,0.000692969276203306,0,0.40610590124864
0,0,2009,2009-09-27,132,Gütersloh,05,Nordrhein-Westfalen,erststimme,232944,168245,165709,2536,0.722255134281201,cdu,,,0,,,,,,,,,0,,,,,0,,,0.447465134663778,0,0,,,,,,,,,0,,,,0,0,0.0913529138429415,,0,,0,,,,0.0719574676088806,,,,,,,,0.0597975969923179,,,,,,0,,,,0,0.00377167202746984,,,0,,,0,,,,0,0,0,,,0.322909437628614,,,,,0,,,,0,0,,,0,0.00274577723599805,0.447465134663778
0,0,2009,2009-09-27,132,Gütersloh,05,Nordrhein-Westfalen,zweitstimme,232944,168245,166320,1925,0.722255134281201,cdu,,,0,,,,,,,,,0,,,,,0.000144300144300144,,,0.38965848965849,0,0,,,,,,,,,0,,,,0.00070947570947571,0.00495430495430495,0.148496873496873,,0,,0,,,,0.0964105339105339,,,,,,,,0.0652657527657528,,,,,,0.00015031265031265,,,,0.00722703222703223,0.00227873977873978,,,0,,,0.0158670033670034,,,,0.000144300144300144,0.00434704184704185,0.00217051467051467,,,0.255603655603656,,,,,0.00514069264069264,,,,0,0.000913900913900914,,,0.000517075517075517,0,0.38965848965849
0,0,2009,2009-09-27,133,Bielefeld,05,Nordrhein-Westfalen,erststimme,247085,180441,178093,2348,0.730279053766922,cdu,,,0,,,,,,,,,0,,,,,0.00221232726721432,,,0.362849747042276,0,0,,,,,,,,,0,,,,0,0,0.0609344555934259,,0,,0,,,,0.140269409802744,,,,,,,,0.0789250560100622,,,,,,0,,,,0.010017238184544,0,,,0,,,0,,,,0,0,0,,,0.344791766099734,,,,,0,,,,0,0,,,0,0,0.362849747042276
0,0,2009,2009-09-27,133,Bielefeld,05,Nordrhein-Westfalen,zweitstimme,247085,180441,178350,2091,0.730279053766922,cdu,,,0,,,,,,,,,0,,,,,0.000560695262125035,,,0.304328567423605,0,0,,,,,,,,,0,,,,0.000672834314550042,0.00423324922904401,0.111483038968321,,0,,0,,,,0.14049341183067,,,,,,,,0.0960246705915335,,,,,,0.000381272778245024,,,,0.00814690215867676,0.00100364451920381,,,0,,,0.0196075133165125,,,,0.000252312867956266,0.00415475189234651,0.00174376226520886,,,0.300437342304458,,,,,0.00536024670591534,,,,0,0.000740117746005046,,,0.000375665825623774,0,0.304328567423605
0,0,2009,2009-09-27,134,Herford - Minden-Lübbecke II,05,Nordrhein-Westfalen,erststimme,233781,165115,162618,2497,0.706280664382478,spd,,,0,,,,,,,,,0,,,,,0,,,0.376612675103617,0,0,,,,,,,,,0,,,,0,0,0.0956167213961554,,0,,0,,,,0.0682027819798546,,,,,,,,0.074346013356455,,,,,,0,,,,0,0,,,0,,,0,,,,0,0,0,,,0.385221808163918,,,,,0,,,,0,0,,,0,0,0.376612675103617
0,0,2009,2009-09-27,134,Herford - Minden-Lübbecke II,05,Nordrhein-Westfalen,zweitstimme,233781,165115,163036,2079,0.706280664382478,spd,,,0,,,,,,,,,0,,,,,0.000159473981206605,,,0.325234917441547,0,0,,,,,,,,,0,,,,0.000552025319561324,0.00525037415049437,0.135049927623347,,0,,0,,,,0.0866127726391717,,,,,,,,0.0790438921465198,,,,,,0.000190142054515567,,,,0.00835398316936137,0.000840305208665571,,,0,,,0.0145550675924336,,,,0.000141073137221227,0.00390097892490002,0.00369856964106087,,,0.329135896366447,,,,,0.00577786501140852,,,,0,0.00115925317107878,,,0.000343482421060379,0,0.325234917441547
0,0,2009,2009-09-27,135,Minden-Lübbecke I,05,Nordrhein-Westfalen,erststimme,209155,147381,145385,1996,0.704649661734121,cdu,,,0,,,,,,,,,0,,,,,0,,,0.424741204388348,0,0,,,,,,,,,0,,,,0,0,0.0662241634281391,,0,,0,,,,0.0525226123740413,,,,,,,,0.0605908449977646,,,,,,0,,,,0,0,,,0,,,0,,,,0,0,0,,,0.395921174811707,,,,,0,,,,0,0,,,0,0,0.424741204388348
0,0,2009,2009-09-27,135,Minden-Lübbecke I,05,Nordrhein-Westfalen,zweitstimme,209155,147381,145625,1756,0.704649661734121,cdu,,,0,,,,,,,,,0,,,,,0.000151072961373391,,,0.356181974248927,0,0,,,,,,,,,0,,,,0.000569957081545064,0.00563090128755365,0.124271244635193,,0,,0,,,,0.0788463519313305,,,,,,,,0.0714231759656652,,,,,,0.000144206008583691,,,,0.00629699570815451,0.000775965665236052,,,0,,,0.0156841201716738,,,,0.000199141630901288,0.00377682403433476,0.00529442060085837,,,0.3248,,,,,0.00489613733905579,,,,0,0.000672961373390558,,,0.000384549356223176,0,0.356181974248927
0,0,2009,2009-09-27,136,Lippe I,05,Nordrhein-Westfalen,erststimme,174517,127817,125937,1880,0.732404292991514,spd,,,0,,,,,,,,,0,,,,,0,,,0.368811389821895,0,0,,,,,,,,,0,,,,0,0,0.0943249402479017,,0,,0,,,,0.0669461714984476,,,,,,,,0.067430540667159,,,,,,0,,,,0,0,,,0,,,0,,,,0,0,0,,,0.402486957764597,,,,,0,,,,0,0,,,0,0,0.368811389821895
0,0,2009,2009-09-27,136,Lippe I,05,Nordrhein-Westfalen,zweitstimme,174517,127817,126295,1522,0.732404292991514,spd,,,0,,,,,,,,,0,,,,,0.000285046913971258,,,0.321034086860129,0,0,,,,,,,,,0,,,,0.000744289164258284,0.00616809849954472,0.131652084405558,,0,,0,,,,0.0813175501801338,,,,,,,,0.071728888712934,,,,,,0.000182113306148304,,,,0.0082267706560038,0.000942238410071658,,,0,,,0.0180767251276773,,,,7.91796983253494e-05,0.00424403183023873,0.00283463320004751,,,0.345445187853834,,,,,0.00576428203808544,,,,0,0.000752207134090819,,,0.000522586008947306,0,0.321034086860129
0,0,2009,2009-09-27,137,Höxter - Lippe II,05,Nordrhein-Westfalen,erststimme,216917,158321,155648,2673,0.729869028245827,cdu,,,0,,,,,,,,,0,,,,,0,,,0.461380807976974,0,0,,,,,,,,,0,,,,0,0.0101896587171053,0.0776495682565789,,0,,0,,,,0.0639712685032895,,,,,,,,0.0584652549342105,,,,,,0,,,,0.00964997944078947,0.00292326274671053,,,0,,,0,,,,0,0,0,,,0.315770199424342,,,,,0,,,,0,0,,,0,0,0.461380807976974
0,0,2009,2009-09-27,137,Höxter - Lippe II,05,Nordrhein-Westfalen,zweitstimme,216917,158321,155953,2368,0.729869028245827,cdu,,,0,,,,,,,,,0,,,,,0.000134655954037434,,,0.377126441940841,0,0,,,,,,,,,0,,,,0.000698928523337159,0.00664943925413426,0.148281854148365,,0,,0,,,,0.0750739004700134,,,,,,,,0.0658275249594429,,,,,,0.000134655954037434,,,,0.0073804287189089,0.00198136618083653,,,0,,,0.0158637538232673,,,,0.000198777836912403,0.00324456727347342,0.00162869582502421,,,0.289728315582259,,,,,0.00466166088501023,,,,0,0.000801523535937109,,,0.000583509134162216,0,0.377126441940841
0,0,2009,2009-09-27,138,Paderborn,05,Nordrhein-Westfalen,erststimme,243442,172558,170350,2208,0.708825921574749,cdu,,,0,,,,,,,,,0,,,,,0,,,0.52100968594071,0,0,,,,,,,,,0,,,,0,0,0.0897094217786909,,0,,0,,,,0.0704490754329322,,,,,,,,0.055391840328735,,,,,,0,,,,0.0103140592896977,0,,,0,,,0,,,,0,0,0,,,0.253125917229234,,,,,0,,,,0,0,,,0,0,0.52100968594071
0,0,2009,2009-09-27,138,Paderborn,05,Nordrhein-Westfalen,zweitstimme,243442,172558,170451,2107,0.708825921574749,cdu,,,0,,,,,,,,,0,,,,,0.00015253650609266,,,0.430352417996961,0,0,,,,,,,,,0,,,,0.000680547488721099,0.00651800224111328,0.16899284838458,,0,,0,,,,0.0857665839449461,,,,,,,,0.0608972666631466,,,,,,0.000140802928700917,,,,0.00786149685246786,0.00107948912004036,,,0,,,0.0204046910842412,,,,0.000164270083484403,0.00359047468187338,0.00221177933834357,,,0.204897595203314,,,,,0.00475209884365595,,,,0,0.00087415151568486,,,0.000662947122633484,0,0.430352417996961
0,0,2009,2009-09-27,139,Hagen - Ennepe-Ruhr-Kreis I,05,Nordrhein-Westfalen,erststimme,217768,150712,148827,1885,0.692075970757871,spd,,,0,,,,,,,,,0,,,,,0,,,0.335241589227761,0,0,,,,,,,,,0,,,,0,0,0.0755978417894603,,0,,0,,,,0.0593709474759284,,,,,,,,0.0818937423988927,,,,,,0,,,,0.0180007659900421,0,,,0,,,0,,,,0,0,0,,,0.429895113117915,,,,,0,,,,0,0,,,0,0,0.335241589227761
0,0,2009,2009-09-27,139,Hagen - Ennepe-Ruhr-Kreis I,05,Nordrhein-Westfalen,zweitstimme,217768,150712,149062,1650,0.692075970757871,spd,,,0,,,,,,,,,0,,,,,0.000241510244059519,,,0.303397244099771,0,0,,,,,,,,,0,,,,0.00064402731749205,0.00451489984033489,0.122405442030833,,0,,0,,,,0.0909487327420805,,,,,,,,0.0969261112825536,,,,,,0.000583649756477171,,,,0.0119010881378218,0.000529980813352833,,,0,,,0.0161476432625351,,,,8.05034146865063e-05,0.00660128000429352,0.00628597496343803,,,0.32913150232789,,,,,0.00825830862325744,,,,0,0.00091908065100428,,,0.000483020488119038,0,0.303397244099771
0,0,2009,2009-09-27,140,Ennepe-Ruhr-Kreis II,05,Nordrhein-Westfalen,erststimme,183435,135860,134133,1727,0.740643824788072,spd,,,0,,,,,,,,,0,,,,,0,,,0.303899860586135,0,0,,,,,,,,,0,,,,0,0,0.0998412023886739,,0,,0,,,,0.0866378892591681,,,,,,,,0.083350107728896,,,,,,0.00212475677126434,,,,0.0131362155472553,0,,,0,,,0,,,,0,0,0,,,0.408885210947343,,,,,0,,,,0,0,,,0,0.00212475677126434,0.303899860586135
0,0,2009,2009-09-27,140,Ennepe-Ruhr-Kreis II,05,Nordrhein-Westfalen,zweitstimme,183435,135860,134430,1430,0.740643824788072,spd,,,0,,,,,,,,,0,,,,,0.000215725656475489,,,0.267254333110169,0,0,,,,,,,,,0,,,,0.000803392099977684,0.00500632299337945,0.124808450494681,,0,,0,,,,0.113427062411664,,,,,,,,0.0936993230677676,,,,,,0.00113813880830172,,,,0.0102804433534181,0.000862902625901957,,,0,,,0.0162166183143644,,,,0.000312430261102432,0.00560142825262218,0.00228371643234397,,,0.348493639812542,,,,,0.00820501376180912,,,,0,0.000937290783307298,,,0.000453767760172581,0,0.267254333110169
0,0,2009,2009-09-27,141,Bochum I,05,Nordrhein-Westfalen,erststimme,214358,153800,151947,1853,0.717491299601601,spd,,,0,,,,,,,,,0,,,,,0.00319848368181011,,,0.309515818015492,0,0,,,,,,,,,0,,,,0,0,0.0564538951081627,,0,,0,,,,0.084075368385029,,,,,,,,0.0970140904394295,,,,,,0.00170454171520333,,,,0.0149262571817805,0,,,0,,,0,,,,0,0,0,,,0.433111545473093,,,,,0,,,,0,0,,,0,0,0.309515818015492
0,0,2009,2009-09-27,141,Bochum I,05,Nordrhein-Westfalen,zweitstimme,214358,153800,152221,1579,0.717491299601601,spd,,,0,,,,,,,,,0,,,,,0.000656939581266711,,,0.248080094073748,0,0,,,,,,,,,0,,,,0.000663508977079378,0.0039941926541016,0.107672397369614,,0,,0,,,,0.118866647834399,,,,,,,,0.108014005951873,,,,,,0.000827743872396056,,,,0.0117986348795501,0.000781758101707386,,,0,,,0.0193337318766793,,,,0.000321900394820688,0.00494018565112567,0.00236498249256016,,,0.362788314358728,,,,,0.00769276249663318,,,,0,0.000827743872396056,,,0.000374455561322025,0,0.248080094073748
0,0,2009,2009-09-27,142,Herne - Bochum II,05,Nordrhein-Westfalen,erststimme,188777,128511,125475,3036,0.680755600523369,spd,,,0,,,,,,,,,0,,,,,0,,,0.268523610280933,0,0,,,,,,,,,0,,,,0,0,0.0681012153815501,,0,,0,,,,0.098768679019725,,,,,,,,0,,,,,,0.00936441522215581,,,,0.0204821677625025,0,,,0,,,0,,,,0,0,0.0220601713488743,,,0.51269974098426,,,,,0,,,,0,0,,,0,0,0.268523610280933
0,0,2009,2009-09-27,142,Herne - Bochum II,05,Nordrhein-Westfalen,zweitstimme,188777,128511,126563,1948,0.680755600523369,spd,,,0,,,,,,,,,0,,,,,0.000158024067065414,,,0.226614413375157,0,0,,,,,,,,,0,,,,0.0012957973499364,0.0047723268253755,0.0915828480677607,,0,,0,,,,0.0874979259341198,,,,,,,,0.128481467727535,,,,,,0.00138271058682237,,,,0.0123495808411621,0.000639997471614927,,,0,,,0.0163870957546834,,,,0.000268640914011204,0.00635256749602965,0.0112039063549379,,,0.402345077155251,,,,,0.00745873596548754,,,,0,0.000734811911854176,,,0.000474072201196242,0,0.226614413375157
0,0,2009,2009-09-27,143,Dortmund I,05,Nordrhein-Westfalen,erststimme,214213,149331,147775,1556,0.697114554205394,spd,,,0,,,,,,,,,0,,,,,0.00297749957705972,,,0.274897648452039,0,0,,,,,,,,,0,,,,0,0,0.0872272035188631,,0,,0,,,,0.109226865166638,,,,,,,,0.0965860260531213,,,,,,0.00194890881407545,,,,0.0154356284892573,0,,,0,,,0,,,,0,0,0,,,0.411700219928946,,,,,0,,,,0,0,,,0,0,0.274897648452039
0,0,2009,2009-09-27,143,Dortmund I,05,Nordrhein-Westfalen,zweitstimme,214213,149331,148073,1258,0.697114554205394,spd,,,0,,,,,,,,,0,,,,,0.000695602844542894,,,0.244723886191271,0,0,,,,,,,,,0,,,,0.00565937071579559,0.00351853477676551,0.12029877155187,,0,,0,,,,0.135966719118273,,,,,,,,0.109891742586427,,,,,,0.000986000148575365,,,,0.00992078231683021,0.000709109695893242,,,0,,,0.0223605924105002,,,,0.000148575364853822,0.00566612414147076,0.00156004133096513,,,0.330120953853842,,,,,0.00648328864816678,,,,0,0.000864438486422238,,,0.000425465817535945,0,0.244723886191271
0,0,2009,2009-09-27,144,Dortmund II,05,Nordrhein-Westfalen,erststimme,208840,141167,139562,1605,0.675957670944264,spd,,,0,,,,,,,,,0,,,,,0,,,0.291067769163526,0,0,,,,,,,,,0,,,,0,0,0.06726042905662,,0,,0,,,,0.0880755506513234,,,,,,,,0.10618219859274,,,,,,0,,,,0.0170461873575902,0,,,0,,,0,,,,0,0,0,,,0.42376148235193,,,,,0,,,,0,0,,,0,0.00660638282627076,0.291067769163526
0,0,2009,2009-09-27,144,Dortmund II,05,Nordrhein-Westfalen,zweitstimme,208840,141167,139755,1412,0.675957670944264,spd,,,0,,,,,,,,,0,,,,,0.000300525920360631,,,0.243325820185324,0,0,,,,,,,,,0,,,,0.00474401631426425,0.00484419162105113,0.114435977245895,,0,,0,,,,0.111287610461164,,,,,,,,0.115230224321133,,,,,,0.000722693284676756,,,,0.0118349969589639,0.000500876533934385,,,0,,,0.0170512682909377,,,,0.000178884476405138,0.00862938714178384,0.00188186469178205,,,0.356430896926765,,,,,0.0071553790562055,,,,0,0.00106615147937462,,,0.000379235089978892,0,0.243325820185324
0,0,2009,2009-09-27,145,Unna I,05,Nordrhein-Westfalen,erststimme,202933,148909,147152,1757,0.733784056806926,spd,,,0,,,,,,,,,0,,,,,0,,,0.32416820702403,0,0,,,,,,,,,0,,,,0,0,0.0640018484288355,,0,,0,,,,0.0865567576383603,,,,,,,,0.0846131890833968,,,,,,0,,,,0.0149913015113624,0,,,0,,,0,,,,0,0,0,,,0.425668696314015,,,,,0,,,,0,0,,,0,0,0.32416820702403
0,0,2009,2009-09-27,145,Unna I,05,Nordrhein-Westfalen,zweitstimme,202933,148909,147357,1552,0.733784056806926,spd,,,0,,,,,,,,,0,,,,,0.000162869765263951,,,0.262261039516277,0,0,,,,,,,,,0,,,,0.00140475172540158,0.00493359663945384,0.120611847418175,,0,,0,,,,0.0933515204571211,,,,,,,,0.0939351371159836,,,,,,0.000298594569650577,,,,0.0112990899651866,0.000597189139301153,,,0,,,0.016551639894949,,,,0.000122152323947963,0.007743100090257,0.0020833757473347,,,0.376222371519507,,,,,0.00709162102920119,,,,0,0.000977218591583705,,,0.000352884491405227,0,0.262261039516277
0,0,2009,2009-09-27,146,Hamm - Unna II,05,Nordrhein-Westfalen,erststimme,239907,167422,165098,2324,0.697862088225854,spd,,,0,,,,,,,,,0,,,,,0,,,0.327611479242632,0,0,,,,,,,,,0,,,,0,0,0.0905643920580504,,0,,0,,,,0.0544706780215387,,,,,,,,0.0704914656749325,,,,,,0,,,,0.0180559425311027,0,,,0,,,0,,,,0,0,0,,,0.438806042471744,,,,,0,,,,0,0,,,0,0,0.327611479242632
0,0,2009,2009-09-27,146,Hamm - Unna II,05,Nordrhein-Westfalen,zweitstimme,239907,167422,165490,1932,0.697862088225854,spd,,,0,,,,,,,,,0,,,,,0.000157109190887667,,,0.31798295969545,0,0,,,,,,,,,0,,,,0.00124478820472536,0.00489455556226962,0.120841138437368,,0,,0,,,,0.0773339778838601,,,,,,,,0.0961810381291921,,,,,,0.000362559671279231,,,,0.0127681430902169,0.000531754184542873,,,0,,,0.017457248172095,,,,0.000157109190887667,0.00553507764819627,0.00323886639676113,,,0.333850987975104,,,,,0.00633875158619856,,,,0,0.000725119342558463,,,0.000398815638407155,0,0.31798295969545
0,0,2009,2009-09-27,147,Soest,05,Nordrhein-Westfalen,erststimme,232781,165293,163089,2204,0.710079430881386,cdu,,,0,,,,,,,,,0,,,,,0,,,0.458185407967429,0,0,,,,,,,,,0,,,,0,0,0.0958065841350428,,0,,0,,,,0.0731134533904801,,,,,,,,0.0700966956692358,,,,,,0,,,,0.0110369184923569,0,,,0,,,0,,,,0,0,0,,,0.291760940345456,,,,,0,,,,0,0,,,0,0,0.458185407967429
0,0,2009,2009-09-27,147,Soest,05,Nordrhein-Westfalen,zweitstimme,232781,165293,163372,1921,0.710079430881386,cdu,,,0,,,,,,,,,0,,,,,0.000293807996474304,,,0.366066400607203,0,0,,,,,,,,,0,,,,0.000722277991332664,0.00634747692383028,0.169398672967216,,0,,0,,,,0.0861897999657224,,,,,,,,0.0762676590847881,,,,,,7.9572999045124e-05,,,,0.00810420390274955,0.000648825992214088,,,0,,,0.0159880518081434,,,,0.000134661998384056,0.00591900692897192,0.00237494797150062,,,0.254156158950126,,,,,0.00564356193227726,,,,0,0.000912028989055652,,,0.000752882990965404,0,0.366066400607203
0,0,2009,2009-09-27,148,Hochsauerlandkreis,05,Nordrhein-Westfalen,erststimme,209440,152242,150315,1927,0.726900305576776,cdu,,,0,,,,,,,,,0,,,,,0,,,0.516827994544789,0,0,,,,,,,,,0,,,,0,0,0.0914945281575358,,0,,0,,,,0.0529953763762765,,,,,,,,0.0622825399993347,,,,,,0,,,,0.0102251937597711,0,,,0,,,0,,,,0,0,0,,,0.266174367162293,,,,,0,,,,0,0,,,0,0,0.516827994544789
0,0,2009,2009-09-27,148,Hochsauerlandkreis,05,Nordrhein-Westfalen,zweitstimme,209440,152242,150540,1702,0.726900305576776,cdu,,,0,,,,,,,,,0,,,,,0.000152783313405075,,,0.419376909791418,0,0,,,,,,,,,0,,,,0.00063770426464727,0.00604490500863558,0.162946725122891,,0,,0,,,,0.062840441078783,,,,,,,,0.0668526637438555,,,,,,0.00016606881891856,,,,0.00812408662149595,0.000743988308755148,,,0,,,0.0133386475355387,,,,0.000172711571675302,0.00536070147469111,0.00203268234356317,,,0.244061379035472,,,,,0.0053739869802046,,,,0,0.00096984190248439,,,0.00080377308356583,0,0.419376909791418
0,0,2009,2009-09-27,149,Siegen-Wittgenstein,05,Nordrhein-Westfalen,erststimme,218411,156878,154607,2271,0.718269684219202,cdu,,,0,,,,,,,,,0,,,,,0,,,0.415356355145627,0,0,,,,,,,,,0,,,,0,0,0.100137768665067,,0,,0,,,,0,,,,,,,,0.0776743614454714,,,,,,0,,,,0.0155167618542498,0,,,0,,,0,,,,0,0,0,,,0.391314752889585,,,,,0,,,,0,0,,,0,0,0.415356355145627
0,0,2009,2009-09-27,149,Siegen-Wittgenstein,05,Nordrhein-Westfalen,zweitstimme,218411,156878,155196,1682,0.718269684219202,cdu,,,0,,,,,,,,,0,,,,,0.000167530090981726,,,0.347940668573932,0,0,,,,,,,,,0,,,,0.000431712157529833,0.00486481610350782,0.148579860305678,,0,,0,,,,0.0862457795304003,,,,,,,,0.0796541147967731,,,,,,0.000141756230830692,,,,0.0123070182221191,0.0014046753782314,,,0,,,0.0131704425371788,,,,0.000141756230830692,0.00441377355086471,0.00425268692492075,,,0.288808989922421,,,,,0.00592798783473801,,,,0,0.000979406685739323,,,0.000567024923322766,0,0.347940668573932
0,0,2009,2009-09-27,150,Olpe - Märkischer Kreis I,05,Nordrhein-Westfalen,erststimme,214196,151127,149186,1941,0.705554725578442,cdu,,,0,,,,,,,,,0,,,,,0,,,0.473938573324575,0,0,,,,,,,,,0,,,,0,0,0.104352955371147,,0,,0,,,,0.0568149826391216,,,,,,,,0.0677007225879104,,,,,,0,,,,0.0138350783585591,0,,,0,,,0,,,,0,0,0,,,0.283357687718687,,,,,0,,,,0,0,,,0,0,0.473938573324575
0,0,2009,2009-09-27,150,Olpe - Märkischer Kreis I,05,Nordrhein-Westfalen,zweitstimme,214196,151127,149394,1733,0.705554725578442,cdu,,,0,,,,,,,,,0,,,,,0.000133874185040899,,,0.397325193782883,0,0,,,,,,,,,0,,,,0.000796551400993346,0.00588377043254749,0.167483299195416,,0,,0,,,,0.0694740083269743,,,,,,,,0.0722719787943291,,,,,,0.000267748370081797,,,,0.0104689612701983,0.000722920599220852,,,0,,,0.0127247412881374,,,,0.000247667242325662,0.00638579862645086,0.0033669357537786,,,0.244119576422079,,,,,0.00654644764849994,,,,0,0.00101075009705878,,,0.000769776563985167,0,0.397325193782883
0,0,2009,2009-09-27,151,Märkischer Kreis II,05,Nordrhein-Westfalen,erststimme,210993,146986,145198,1788,0.696639224997986,spd,,,0,,,,,,,,,0,,,,,0,,,0.363303902257607,0,0,,,,,,,,,0,,,,0,0,0.0808551081970826,,0,,0,,,,0.0427485227069243,,,,,,,,0.07183983250458,,,,,,0,,,,0.0160539401369165,0,,,0,,,0,,,,0,0,0,,,0.409929888841444,,,,,0.0152688053554457,,,,0,0,,,0,0,0.363303902257607
0,0,2009,2009-09-27,151,Märkischer Kreis II,05,Nordrhein-Westfalen,zweitstimme,210993,146986,145325,1661,0.696639224997986,spd,,,0,,,,,,,,,0,,,,,0.000172028212626871,,,0.354336831240323,0,0,,,,,,,,,0,,,,0.000722518493032857,0.00557371408911062,0.141861345260623,,0,,0,,,,0.0728642697402374,,,,,,,,0.0856700498881817,,,,,,0.000330294168243592,,,,0.0130879064166523,0.000722518493032857,,,0,,,0.0150077412695682,,,,0.000158265955616721,0.00771374505418889,0.00381902632031653,,,0.2873215207294,,,,,0.00901427834164803,,,,0,0.00116291071735765,,,0.000461035609840014,0,0.354336831240323
0,0,2009,2009-09-27,152,Nordsachsen,14,Sachsen,erststimme,178447,109628,107843,1785,0.614344875509255,cdu,,,0,,,,,,,,,0,,,,,0,,,0.409363611917324,0,0,,,,,,,,,0,,,,0,0,0.0983930343184073,,0,,0,,,,0.0404013241471398,,,,,,,,0.25741123670521,,,,,,0,,,,0.0473651511920106,0,,,0,,,0,,,,0,0,0,,,0.147065641719908,,,,,0,,,,0,0,,,0,0,0.409363611917324
0,0,2009,2009-09-27,152,Nordsachsen,14,Sachsen,zweitstimme,178447,109628,107956,1672,0.614344875509255,cdu,,,0,,,,,,,,,0,,,,,0.00540034829004409,,,0.356070991885583,0,0,,,,,,,,,0,,,,0,0,0.127338915854607,,0,,0,,,,0.0443050872577717,,,,,,,,0.257188113675942,,,,,,0.00241765163585164,,,,0.0469543147208122,0,,,0,,,0,,,,0,0,0.00352921560635815,,,0.15679536107303,,,,,0,,,,0,0,,,0,0,0.356070991885583
0,0,2009,2009-09-27,153,Leipzig I,14,Sachsen,erststimme,202455,129834,128115,1719,0.641298066236942,cdu,,,0,,,,,,,,,0,,,,,0.0131990789525036,,,0.333325527846076,0,0,,,,,,,,,0,,,,0,0,0.0919564453811029,,0,,0,,,,0.0691253951527924,,,,,,,,0.265503649065293,,,,,,0,,,,0.0327986574561917,0,,,0,,,0,,,,0,0,0,,,0.194091246146041,,,,,0,,,,0,0,,,0,0,0.333325527846076
0,0,2009,2009-09-27,153,Leipzig I,14,Sachsen,zweitstimme,202455,129834,128311,1523,0.641298066236942,cdu,,,0,,,,,,,,,0,,,,,0.00932889619752009,,,0.299826203521132,0,0,,,,,,,,,0,,,,0,0,0.128422348824341,,0,,0,,,,0.0894233541941065,,,,,,,,0.255332746218173,,,,,,0.00229130783798739,,,,0.0329278082159752,0,,,0,,,0,,,,0,0,0.00264981178542759,,,0.179797523205337,,,,,0,,,,0,0,,,0,0,0.299826203521132
0,0,2009,2009-09-27,154,Leipzig II,14,Sachsen,erststimme,212804,144581,142677,1904,0.679409221631172,cdu,,,0,,,,,,,,,0,,,,,0.0117327950545638,,,0.288070256593565,0,0,,,,,,,,,0,,,,0,0,0.0736278447121821,,0,,0,,,,0.121568297623303,,,,,,,,0.253138207279379,,,,,,0,,,,0.0216853452203228,0,,,0,,,0,,,,0,0,0,,,0.230177253516685,,,,,0,,,,0,0,,,0,0,0.288070256593565
0,0,2009,2009-09-27,154,Leipzig II,14,Sachsen,zweitstimme,212804,144581,142795,1786,0.679409221631172,cdu,,,0,,,,,,,,,0,,,,,0.00842466472915718,,,0.261241640113449,0,0,,,,,,,,,0,,,,0,0,0.118932735740047,,0,,0,,,,0.14704996673553,,,,,,,,0.255127980671592,,,,,,0.00263314541825694,,,,0.0218425014881473,0,,,0,,,0,,,,0,0,0.00173675548863756,,,0.183010609615183,,,,,0,,,,0,0,,,0,0,0.261241640113449
0,0,2009,2009-09-27,155,Leipzig-Land,14,Sachsen,erststimme,231084,148389,146106,2283,0.6421431167887,cdu,,,0,,,,,,,,,0,,,,,0,,,0.417292924315223,0,0,,,,,,,,,0,,,,0,0,0.101289474764897,,0,,0,,,,0.0461651130001506,,,,,,,,0.22616456545248,,,,,,0,,,,0.0409839431645518,0,,,0,,,0,,,,0,0,0,,,0.160643642287107,,,,,0,,,,0,0,,,0,0.00746033701559142,0.417292924315223
0,0,2009,2009-09-27,155,Leipzig-Land,14,Sachsen,zweitstimme,231084,148389,146308,2081,0.6421431167887,cdu,,,0,,,,,,,,,0,,,,,0.00705361292615578,,,0.367273149793586,0,0,,,,,,,,,0,,,,0,0,0.131503403778331,,0,,0,,,,0.0514872734231894,,,,,,,,0.238032096672773,,,,,,0.00256308609235312,,,,0.0393074883123274,0,,,0,,,0,,,,0,0,0.00315772206577904,,,0.159622166935506,,,,,0,,,,0,0,,,0,0,0.367273149793586
0,0,2009,2009-09-27,156,Meißen,14,Sachsen,erststimme,216629,140109,137820,2289,0.646769361442836,cdu,,,0,,,,,,,,,0,,,,,0,,,0.451966332897983,0,0,,,,,,,,,0,,,,0,0,0.0899941953272384,,0,,0,,,,0.0603323175156001,,,,,,,,0.213488608329705,,,,,,0,,,,0.0511536787113627,0,,,0,,,0,,,,0,0,0,,,0.125061674648092,,,,,0,,,,0,0,,,0,0.00800319257001886,0.451966332897983
0,0,2009,2009-09-27,156,Meißen,14,Sachsen,zweitstimme,216629,140109,137821,2288,0.646769361442836,cdu,,,0,,,,,,,,,0,,,,,0.00876499227258546,,,0.375146022739641,0,0,,,,,,,,,0,,,,0,0,0.145493067094274,,0,,0,,,,0.0578939348865557,,,,,,,,0.227004592913997,,,,,,0.00237264277577437,,,,0.0498835445977028,0,,,0,,,0,,,,0,0,0.00293133847526865,,,0.130509864244201,,,,,0,,,,0,0,,,0,0,0.375146022739641
0,0,2009,2009-09-27,157,Bautzen I,14,Sachsen,erststimme,237786,154966,152059,2907,0.651703632678122,cdu,,,0,,,,,,,,,0,,,,,0,,,0.423026588363727,0,0,,,,,,,,,0,,,,0,0,0.116763887701484,,0,,0,,,,0.0427794474513182,,,,,,,,0.251487909298364,,,,,,0,,,,0.0549983887833012,0,,,0,,,0,,,,0,0,0,,,0.110943778401805,,,,,0,,,,0,0,,,0,0,0.423026588363727
0,0,2009,2009-09-27,157,Bautzen I,14,Sachsen,zweitstimme,237786,154966,152393,2573,0.651703632678122,cdu,,,0,,,,,,,,,0,,,,,0.00832059215318289,,,0.387832774471268,0,0,,,,,,,,,0,,,,0,0,0.137598183643606,,0,,0,,,,0.0422001010545104,,,,,,,,0.243738229446234,,,,,,0.00293976757462613,,,,0.0498513711259704,0,,,0,,,0,,,,0,0,0.00345816408890172,,,0.1240608164417,,,,,0,,,,0,0,,,0,0,0.387832774471268
0,0,2009,2009-09-27,158,Görlitz,14,Sachsen,erststimme,238958,149737,146987,2750,0.626624762510567,cdu,,,0,,,,,,,,,0,,,,,0.0183689714056345,,,0.424105533142387,0,0,,,,,,,,,0,,,,0,0,0.0948043024213026,,0,,0,,,,0.0502153251648105,,,,,,,,0.243463707674828,,,,,,0,,,,0.053351656949254,0,,,0,,,0,,,,0,0,0,,,0.115690503241783,,,,,0,,,,0,0,,,0,0,0.424105533142387
0,0,2009,2009-09-27,158,Görlitz,14,Sachsen,zweitstimme,238958,149737,147147,2590,0.626624762510567,cdu,,,0,,,,,,,,,0,,,,,0.014386973570647,,,0.373877822857415,0,0,,,,,,,,,0,,,,0,0,0.13063806941358,,0,,0,,,,0.0475986598435578,,,,,,,,0.246223164590512,,,,,,0.00280671709243138,,,,0.0546052586868913,0,,,0,,,0,,,,0,0,0.00366979958816694,,,0.1261935343568,,,,,0,,,,0,0,,,0,0,0.373877822857415
0,0,2009,2009-09-27,159,Sächsische Schweiz - Osterzgebirge,14,Sachsen,erststimme,215674,141214,138760,2454,0.654756716154938,cdu,,,0,,,,,,,,,0,,,,,0.0154943787835111,,,0.450634188526953,0,0,,,,,,,,,0,,,,0,0,0.110204669933698,,0,,0,,,,0.0459642548284808,,,,,,,,0.203466416834823,,,,,,0,,,,0.057530988757567,0,,,0,,,0,,,,0,0,0,,,0.116705102334967,,,,,0,,,,0,0,,,0,0,0.450634188526953
0,0,2009,2009-09-27,159,Sächsische Schweiz - Osterzgebirge,14,Sachsen,zweitstimme,215674,141214,138960,2254,0.654756716154938,cdu,,,0,,,,,,,,,0,,,,,0.0116652274035694,,,0.403000863557858,0,0,,,,,,,,,0,,,,0,0,0.143278641335636,,0,,0,,,,0.0528641335636154,,,,,,,,0.208477259643063,,,,,,0.0018566493955095,,,,0.0555339666090961,0,,,0,,,0,,,,0,0,0.00296488198042602,,,0.120358376511226,,,,,0,,,,0,0,,,0,0,0.403000863557858
0,0,2009,2009-09-27,160,Dresden I,14,Sachsen,erststimme,230676,157220,155213,2007,0.681562017721826,cdu,,,0,,,,,,,,,0,,,,,0.0101473459053043,,,0.365620147796898,0,0,,,,,,,,,0,,,,0,0,0.0954688073808251,,0,,0,,,,0.0880596341801267,,,,,,,,0.239541790958232,,,,,,0,,,,0.0248110660833822,0,,,0,,,0,,,,0,0,0,,,0.16724758879733,,,,,0,,,,0,0,,,0,0.00910361889790159,0.365620147796898
0,0,2009,2009-09-27,160,Dresden I,14,Sachsen,zweitstimme,230676,157220,155447,1773,0.681562017721826,cdu,,,0,,,,,,,,,0,,,,,0.0100548740085045,,,0.342541187671682,0,0,,,,,,,,,0,,,,0,0,0.132353792610986,,0,,0,,,,0.1091111439912,,,,,,,,0.219824120118111,,,,,,0.00191061905343944,,,,0.0256035819282456,0,,,0,,,0,,,,0,0,0.00180769008086357,,,0.156792990536968,,,,,0,,,,0,0,,,0,0,0.342541187671682
0,0,2009,2009-09-27,161,Dresden II - Bautzen II,14,Sachsen,erststimme,231247,154609,152281,2328,0.668588133035239,cdu,,,0,,,,,,,,,0,,,,,0.0104871914421366,,,0.363807697611652,0,0,,,,,,,,,0,,,,0,0,0.11954216218701,,0,,0,,,,0.123922222732974,,,,,,,,0.194896277276876,,,,,,0.00286312803304418,,,,0.0288217177454837,0,,,0,,,0,,,,0,0,0,,,0.146229667522541,,,,,0,,,,0,0,,,0,0.00942993544828311,0.363807697611652
0,0,2009,2009-09-27,161,Dresden II - Bautzen II,14,Sachsen,zweitstimme,231247,154609,152597,2012,0.668588133035239,cdu,,,0,,,,,,,,,0,,,,,0.0102819845737465,,,0.338283190364162,0,0,,,,,,,,,0,,,,0,0,0.142748546825953,,0,,0,,,,0.130920004980439,,,,,,,,0.202297554997805,,,,,,0.00256230463246329,,,,0.0294959927128318,0,,,0,,,0,,,,0,0,0.00239847441299632,,,0.141011946499604,,,,,0,,,,0,0,,,0,0,0.338283190364162
0,0,2009,2009-09-27,162,Mittelsachsen,14,Sachsen,erststimme,223149,143690,141396,2294,0.643919533585183,cdu,,,0,,,,,,,,,0,,,,,0,,,0.435507369373957,0,0,,,,,,,,,0,,,,0,0,0.0992390166624233,,0,,0,,,,0.0418753005742737,,,,,,,,0.231576565107924,,,,,,0,,,,0.0446971625788565,0,,,0,,,0,,,,0,0,0,,,0.147104585702566,,,,,0,,,,0,0,,,0,0,0.435507369373957
0,0,2009,2009-09-27,162,Mittelsachsen,14,Sachsen,zweitstimme,223149,143690,141567,2123,0.643919533585183,cdu,,,0,,,,,,,,,0,,,,,0.00567222587184867,,,0.385153319629575,0,0,,,,,,,,,0,,,,0,0,0.139340382998863,,0,,0,,,,0.0438520276618138,,,,,,,,0.244619155594171,,,,,,0.00222509483142258,,,,0.0437955173168888,0,,,0,,,0,,,,0,0,0.00341181207484795,,,0.13193046402057,,,,,0,,,,0,0,,,0,0,0.385153319629575
0,0,2009,2009-09-27,163,Chemnitz,14,Sachsen,erststimme,205652,136100,134384,1716,0.661797599828837,cdu,,,0,,,,,,,,,0,,,,,0,,,0.341379926181688,0,0,,,,,,,,,0,,,,0,0,0.0900851291820455,,0,,0,,,,0.0603420050005953,,,,,,,,0.278552506250744,,,,,,0,,,,0.0282771758542684,0,,,0,,,0,,,,0,0,0,,,0.201363257530658,,,,,0,,,,0,0,,,0,0,0.341379926181688
0,0,2009,2009-09-27,163,Chemnitz,14,Sachsen,zweitstimme,205652,136100,134497,1603,0.661797599828837,cdu,,,0,,,,,,,,,0,,,,,0.00604474449244221,,,0.305441757065213,0,0,,,,,,,,,0,,,,0,0,0.12748983248697,,0,,0,,,,0.0708119883714879,,,,,,,,0.285865112232987,,,,,,0.00226770857342543,,,,0.0271455868904139,0,,,0,,,0,,,,0,0,0.00399265411124412,,,0.170940615775817,,,,,0,,,,0,0,,,0,0,0.305441757065213
0,0,2009,2009-09-27,164,Chemnitzer Umland - Erzgebirgskreis II,14,Sachsen,erststimme,202743,133277,131126,2151,0.65736918167335,cdu,,,0,,,,,,,,,0,,,,,0,,,0.412313347467322,0,0,,,,,,,,,0,,,,0,0,0.107469151808185,,0,,0,,,,0.0408767140002746,,,,,,,,0.252680627793115,,,,,,0,,,,0.0398776749081037,0,,,0,,,0,,,,0,0,0,,,0.146782484023001,,,,,0,,,,0,0,,,0,0,0.412313347467322
0,0,2009,2009-09-27,164,Chemnitzer Umland - Erzgebirgskreis II,14,Sachsen,zweitstimme,202743,133277,131322,1955,0.65736918167335,cdu,,,0,,,,,,,,,0,,,,,0.00631272749425077,,,0.375093282161405,0,0,,,,,,,,,0,,,,0,0,0.129209119568694,,0,,0,,,,0.0452780189153379,,,,,,,,0.255006777234584,,,,,,0.00213977855957113,,,,0.0378839798358234,0,,,0,,,0,,,,0,0,0.00352568495758517,,,0.145550631272749,,,,,0,,,,0,0,,,0,0,0.375093282161405
0,0,2009,2009-09-27,165,Erzgebirgskreis I,14,Sachsen,erststimme,247624,159655,156771,2884,0.644747681969438,cdu,,,0,,,,,,,,,0,,,,,0,,,0.403205950080053,0,0,,,,,,,,,0,,,,0,0,0.151941366706853,,0,,0,,,,0.0376089965618641,,,,,,,,0.237071907431859,,,,,,0,,,,0.050583334928016,0,,,0,,,0,,,,0,0,0,,,0.109510049690313,,,,,0,,,,0,0,,,0,0.0100783946010423,0.403205950080053
0,0,2009,2009-09-27,165,Erzgebirgskreis I,14,Sachsen,zweitstimme,247624,159655,156798,2857,0.644747681969438,cdu,,,0,,,,,,,,,0,,,,,0.00737892064949808,,,0.385291904233472,0,0,,,,,,,,,0,,,,0,0,0.140633171341471,,0,,0,,,,0.0377492059847702,,,,,,,,0.252203471983061,,,,,,0.0023788568731744,,,,0.0502302325284761,0,,,0,,,0,,,,0,0,0.00394137680327555,,,0.120192859602801,,,,,0,,,,0,0,,,0,0,0.385291904233472
0,0,2009,2009-09-27,166,Zwickau,14,Sachsen,erststimme,229535,145614,143231,2383,0.63438691267127,cdu,,,0,,,,,,,,,0,,,,,0.00694682017161089,,,0.388219030796406,0,0,,,,,,,,,0,,,,0,0,0.0914397022990833,,0,,0,,,,0.0453184017426395,,,,,,,,0.281119310763731,,,,,,0,,,,0.0376594452318283,0,,,0,,,0,,,,0,0,0,,,0.145666790010542,,,,,0,,,,0,0,,,0,0.00363049898415846,0.388219030796406
0,0,2009,2009-09-27,166,Zwickau,14,Sachsen,zweitstimme,229535,145614,143386,2228,0.63438691267127,cdu,,,0,,,,,,,,,0,,,,,0.00705089757716932,,,0.358884409914497,0,0,,,,,,,,,0,,,,0,0,0.121364707851534,,0,,0,,,,0.0447602973791026,,,,,,,,0.276589067272956,,,,,,0.00220384137921415,,,,0.0367399885623422,0,,,0,,,0,,,,0,0,0.00360565187675226,,,0.148801138186434,,,,,0,,,,0,0,,,0,0,0.358884409914497
0,0,2009,2009-09-27,167,Vogtlandkreis,14,Sachsen,erststimme,213732,137330,134909,2421,0.642533640259765,cdu,,,0,,,,,,,,,0,,,,,0,,,0.408631003120622,0,0,,,,,,,,,0,,,,0,0,0.09454521195769,,0,,0,,,,0.0433551505088615,,,,,,,,0.248952997946764,,,,,,0,,,,0.0363800784232334,0,,,0.00956200105256136,,,0,,,,0,0,0,,,0.158573556990268,,,,,0,,,,0,0,,,0,0,0.408631003120622
0,0,2009,2009-09-27,167,Vogtlandkreis,14,Sachsen,zweitstimme,213732,137330,135054,2276,0.642533640259765,cdu,,,0,,,,,,,,,0,,,,,0.00603462318776193,,,0.366682956447051,0,0,,,,,,,,,0,,,,0,0,0.125001851111407,,0,,0,,,,0.0502095458113051,,,,,,,,0.260895641743303,,,,,,0.00185851585291809,,,,0.0353340145423312,0,,,0,,,0,,,,0,0,0.00421312956298962,,,0.149769721740933,,,,,0,,,,0,0,,,0,0,0.366682956447051
0,0,2009,2009-09-27,168,Waldeck,06,Hessen,erststimme,192360,140808,137007,3801,0.732002495321273,spd,,,0,,,,,,,,,0,,,,,0,,,0.353368805973417,0,0,,,,,,,,,0,,,,0,0,0.0961994642609502,,0,,0,,,,0.0818133380046275,,,,,,,,0.0759085302210836,,,,,,0,,,,0.0128168633719445,0,,,0,,,0,,,,0,0,0,,,0.377623041158481,,,,,0,,,,0,0,,,0,0.00226995700949587,0.353368805973417
0,0,2009,2009-09-27,168,Waldeck,06,Hessen,zweitstimme,192360,140808,137295,3513,0.732002495321273,spd,,,0,,,,,,,,,0,,,,,0.00088859754543137,,,0.299420954878182,0,0,,,,,,,,,0,,,,0.000837612440365636,0,0.147201281911213,,0,,0,,,,0.0983138497396118,,,,,,,,0.0849047671073237,,,,,,0.000349612149022179,,,,0.0101460359080811,0,,,0,,,0.0158418005025675,,,,0,0,0.00367092756473287,,,0.330259659856513,,,,,0.00816490039695546,,,,0,0,,,0,0,0.299420954878182
0,0,2009,2009-09-27,169,Kassel,06,Hessen,erststimme,222636,161033,156779,4254,0.723301712211861,spd,,,0,,,,,,,,,0,,,,,0,,,0.30388636233169,0,0,,,,,,,,,0,,,,0,0,0.0777400034443389,,0,,0,,,,0.122758787847862,,,,,,,,0.0985654966545264,,,,,,0.0020347112814854,,,,0.0101671780021559,0,,,0,,,0,,,,0,0,0,,,0.380286900669095,,,,,0,,,,0,0,,,0,0.00456055976884659,0.30388636233169
0,0,2009,2009-09-27,169,Kassel,06,Hessen,zweitstimme,222636,161033,157130,3903,0.723301712211861,spd,,,0,,,,,,,,,0,,,,,0.00101190097371603,,,0.255419079742888,0,0,,,,,,,,,0,,,,0.000712785591548399,0,0.126137593075797,,0,,0,,,,0.148412142811685,,,,,,,,0.112365557181951,,,,,,0.00110099917265958,,,,0.00811430026093044,0,,,0,,,0.0224209253484376,,,,0,0,0.00299115382167632,,,0.312569210208108,,,,,0.00874435181060269,,,,0,0,,,0,0,0.255419079742888
0,0,2009,2009-09-27,170,Werra-Meißner - Hersfeld-Rotenburg,06,Hessen,erststimme,184337,135727,132014,3713,0.736298192983503,spd,,,0,,,,,,,,,0,,,,,0,,,0.346258730134683,0,0,,,,,,,,,0,,,,0,0,0.0930961867680701,,0,,0,,,,0.0570394049116003,,,,,,,,0.0839304922205221,,,,,,0,,,,0.01611950247701,0,,,0,,,0,,,,0,0,0,,,0.403555683488115,,,,,0,,,,0,0,,,0,0,0.346258730134683
0,0,2009,2009-09-27,170,Werra-Meißner - Hersfeld-Rotenburg,06,Hessen,zweitstimme,184337,135727,132097,3630,0.736298192983503,spd,,,0,,,,,,,,,0,,,,,0.00117338016760411,,,0.302550398570747,0,0,,,,,,,,,0,,,,0.000719168489821873,0,0.132675231080191,,0,,0,,,,0.0808421084506083,,,,,,,,0.0978599059781827,,,,,,0.000264956812039638,,,,0.0146786073869959,0,,,0,,,0.0147467391386633,,,,0,0,0.00319462213373506,,,0.343694406383188,,,,,0.00760047540822275,,,,0,0,,,0,0,0.302550398570747
0,0,2009,2009-09-27,171,Schwalm-Eder,06,Hessen,erststimme,194732,144490,140099,4391,0.741994125259331,spd,,,0,,,,,,,,,0,,,,,0,,,0.335855359424407,0,0,,,,,,,,,0,,,,0,0,0.0962676393122007,,0,,0,,,,0.0668812768113977,,,,,,,,0.0813353414371266,,,,,,0,,,,0.0162385170486585,0,,,0,,,0,,,,0,0,0,,,0.40342186596621,,,,,0,,,,0,0,,,0,0,0.335855359424407
0,0,2009,2009-09-27,171,Schwalm-Eder,06,Hessen,zweitstimme,194732,144490,140215,4275,0.741994125259331,spd,,,0,,,,,,,,,0,,,,,0.000848696644438897,,,0.289498270513141,0,0,,,,,,,,,0,,,,0.000912883785614948,0,0.141596833434369,,0,,0,,,,0.0922511856791356,,,,,,,,0.0924152194843633,,,,,,0.000263880469279321,,,,0.0129301429946867,0,,,0,,,0.0169881966979282,,,,0,0,0.00396533894376493,,,0.339371679206932,,,,,0.00895767214634668,,,,0,0,,,0,0,0.289498270513141
0,0,2009,2009-09-27,172,Marburg,06,Hessen,erststimme,185071,135293,132911,2382,0.731032954920004,spd,,,0,,,,,,,,,0,,,,,0,,,0.356042765459593,0,0,,,,,,,,,0,,,,0,0,0.0824912911647644,,0,,0,,,,0.0779920397860222,,,,,,,,0.0816862411689025,,,,,,0,,,,0.0127152756355757,0,,,0,,,0,,,,0,0,0,,,0.389072386785142,,,,,0,,,,0,0,,,0,0,0.356042765459593
0,0,2009,2009-09-27,172,Marburg,06,Hessen,zweitstimme,185071,135293,133098,2195,0.731032954920004,spd,,,0,,,,,,,,,0,,,,,0.00113450239673023,,,0.310718418007784,0,0,,,,,,,,,0,,,,0.000571007828817864,0,0.130805872364724,,0,,0,,,,0.126853897128432,,,,,,,,0.0990322919953718,,,,,,0.000202858044448452,,,,0.00969210656809268,0,,,0,,,0.0197223098769328,,,,0,0,0.00633367894333499,,,0.286548257674796,,,,,0.008384799170536,,,,0,0,,,0,0,0.310718418007784
0,0,2009,2009-09-27,173,Lahn-Dill,06,Hessen,erststimme,212611,147952,144848,3104,0.695881210285451,cdu,,,0,,,,,,,,,0,,,,,0,,,0.415704738760632,0,0,,,,,,,,,0,,,,0,0,0.0895283331492323,,0,,0,,,,0.0761625980338009,,,,,,,,0.0677606870650613,,,,,,0,,,,0.0201728708715343,0,,,0,,,0,,,,0,0,0,,,0.330670772119739,,,,,0,,,,0,0,,,0,0,0.415704738760632
0,0,2009,2009-09-27,173,Lahn-Dill,06,Hessen,zweitstimme,212611,147952,145222,2730,0.695881210285451,cdu,,,0,,,,,,,,,0,,,,,0.00101224332401427,,,0.346992879866687,0,0,,,,,,,,,0,,,,0.000874523143876272,0,0.145549572378841,,0,,0,,,,0.0921485725303329,,,,,,,,0.0835479472807151,,,,,,0.000275440360275991,,,,0.0153971161394279,0,,,0,,,0.0204652187685061,,,,0,0,0.00510253267411274,,,0.278780074644338,,,,,0.00985387888887359,,,,0,0,,,0,0,0.346992879866687
0,0,2009,2009-09-27,174,Gießen,06,Hessen,erststimme,228413,165668,161820,3848,0.725300223717564,cdu,,,0,,,,,,,,,0,,,,,0,,,0.367327895192189,0,0,,,,,,,,,0,,,,0,0,0.110789766407119,,0,,0,,,,0.0873810406624645,,,,,,,,0.0704424669385737,,,,,,0,,,,0.014386355209492,0,,,0,,,0,,,,0,0,0,,,0.341929304165122,,,,,0,,,,0,0,,,0,0.00774317142504017,0.367327895192189
0,0,2009,2009-09-27,174,Gießen,06,Hessen,zweitstimme,228413,165668,162084,3584,0.725300223717564,cdu,,,0,,,,,,,,,0,,,,,0.00119074060363762,,,0.310184842427383,0,0,,,,,,,,,0,,,,0.000974803188470176,0,0.158479553811604,,0,,0,,,,0.116316231090052,,,,,,,,0.0901075985291577,,,,,,0.000283803459934355,,,,0.0114323437230078,0,,,0,,,0.0244441153969547,,,,0,0,0.00432491794378224,,,0.272833839243849,,,,,0.00942721058216727,,,,0,0,,,0,0,0.310184842427383
0,0,2009,2009-09-27,175,Fulda,06,Hessen,erststimme,239786,177038,172957,4081,0.738316665693577,cdu,,,0,,,,,,,,,0,,,,,0,,,0.497719086246871,0,0,,,,,,,,,0,,,,0,0,0.100689766820655,,0,,0,,,,0.0725960787941511,,,,,,,,0.0689362095781032,,,,,,0,,,,0.0207623860265846,0,,,0,,,0,,,,0,0,0,,,0.239296472533636,,,,,0,,,,0,0,,,0,0,0.497719086246871
0,0,2009,2009-09-27,175,Fulda,06,Hessen,zweitstimme,239786,177038,173378,3660,0.738316665693577,cdu,,,0,,,,,,,,,0,,,,,0.00127467152695267,,,0.408010243514171,0,0,,,,,,,,,0,,,,0.00107280047064795,0,0.17645837418819,,0,,0,,,,0.084941572748561,,,,,,,,0.0771551177196646,,,,,,0.000334529179019253,,,,0.0156998004360415,0,,,0,,,0.0174993367093864,,,,0,0,0.00771147435084036,,,0.200619455755632,,,,,0.00922262340089285,,,,0,0,,,0,0,0.408010243514171
0,0,2009,2009-09-27,176,Hochtaunus,06,Hessen,erststimme,182246,141075,138775,2300,0.77409106372705,cdu,,,0,,,,,,,,,0,,,,,0,,,0.452156368221942,0,0,,,,,,,,,0,,,,0,0,0.117132048279589,,0,,0,,,,0.0935038731760043,,,,,,,,0.0542028463339939,,,,,,0,,,,0.00778958746171861,0,,,0,,,0,,,,0,0,0.00621149342460818,,,0.254058728157089,,,,,0.0149450549450549,,,,0,0,,,0,0,0.452156368221942
0,0,2009,2009-09-27,176,Hochtaunus,06,Hessen,zweitstimme,182246,141075,138858,2217,0.77409106372705,cdu,,,0,,,,,,,,,0,,,,,0.000914603407797894,,,0.359374324849847,0,0,,,,,,,,,0,,,,0.000532918521079088,0,0.201493612179349,,0,,0,,,,0.114339829178009,,,,,,,,0.0664635815005257,,,,,,0.000187241642541301,,,,0.00759768972619511,0,,,0,,,0.0183784873755923,,,,0,0,0.00581169252041654,,,0.214305261490155,,,,,0.0106007576084921,,,,0,0,,,0,0,0.359374324849847
0,0,2009,2009-09-27,177,Wetterau,06,Hessen,erststimme,246697,183820,179698,4122,0.745124586030637,cdu,,,0,,,,,,,,,0,,,,,0,,,0.410143685516812,0,0,,,,,,,,,0,,,,0,0,0.0906187047156897,,0,,0,,,,0.0691437856848713,,,,,,,,0.0618593417845496,,,,,,0,,,,0.0211020712528798,0,,,0,,,0,,,,0,0,0,,,0.330665895001614,,,,,0.0146412313993478,,,,0,0,,,0,0.00182528464423644,0.410143685516812
0,0,2009,2009-09-27,177,Wetterau,06,Hessen,zweitstimme,246697,183820,179818,4002,0.745124586030637,cdu,,,0,,,,,,,,,0,,,,,0.00101213449154145,,,0.333882036281129,0,0,,,,,,,,,0,,,,0.000767442636443515,0,0.175799975530815,,0,,0,,,,0.107008197177146,,,,,,,,0.0760824833998821,,,,,,0.000250253033622885,,,,0.019052597626489,0,,,0,,,0.0201481497959047,,,,0,0,0.00376491786139319,,,0.250725733797506,,,,,0.0115060783681278,,,,0,0,,,0,0,0.333882036281129
0,0,2009,2009-09-27,178,Rheingau-Taunus - Limburg,06,Hessen,erststimme,221226,166456,163056,3400,0.752425121821124,cdu,,,0,,,,,,,,,0,,,,,0,,,0.461338435874792,0,0,,,,,,,,,0,,,,0,0,0.107098174860171,,0,,0,,,,0.080591943872044,,,,,,,,0.0556005298793053,,,,,,0,,,,0.0087822588558532,0,,,0,,,0,,,,0,0,0.0098309783141988,,,0.276757678343637,,,,,0,,,,0,0,,,0,0,0.461338435874792
0,0,2009,2009-09-27,178,Rheingau-Taunus - Limburg,06,Hessen,zweitstimme,221226,166456,163619,2837,0.752425121821124,cdu,,,0,,,,,,,,,0,,,,,0.00106344617678876,,,0.372053367885148,0,0,,,,,,,,,0,,,,0.000647846521492003,0,0.18659202170897,,0,,0,,,,0.1051833833479,,,,,,,,0.0663309273372897,,,,,,0.000195576308374944,,,,0.00910652185870834,0,,,0,,,0.0195515190778577,,,,0,0,0.00692462366840037,,,0.222174686313937,,,,,0.0101760797951338,,,,0,0,,,0,0,0.372053367885148
0,0,2009,2009-09-27,179,Wiesbaden,06,Hessen,erststimme,187479,133425,131051,2374,0.71167970812731,cdu,,,0,,,,,,,,,0,,,,,0.0044868028477463,,,0.407597042372817,0,0,,,,,,,,,0,,,,0,0,0.0942381210368483,,0,,0,,,,0.0837078694554029,,,,,,,,0.0687976436654432,,,,,,0,,,,0.0115680155054139,0,,,0,,,0,,,,0,0,0,,,0.326216511129255,,,,,0,,,,0,0,,,0,0.00338799398707373,0.407597042372817
0,0,2009,2009-09-27,179,Wiesbaden,06,Hessen,zweitstimme,187479,133425,131204,2221,0.71167970812731,cdu,,,0,,,,,,,,,0,,,,,0.00205024237065943,,,0.311202402365782,0,0,,,,,,,,,0,,,,0.000952714856254383,0,0.176778147007713,,0,,0,,,,0.141459101856651,,,,,,,,0.0863769397274473,,,,,,0.000282003597451297,,,,0.00815523916953752,0,,,0,,,0.0216380598152495,,,,0,0,0.00799518307368678,,,0.235450138715283,,,,,0.00765982744428524,,,,0,0,,,0,0,0.311202402365782
0,0,2009,2009-09-27,180,Hanau,06,Hessen,erststimme,241923,178604,174537,4067,0.738267961293469,cdu,,,0,,,,,,,,,0,,,,,0,,,0.393635733397503,0,0,,,,,,,,,0,,,,0,0,0.0889381621088938,,0,,0,,,,0.0663011281275604,,,,,,,,0.0686673885766342,,,,,,0,,,,0.0131146977431719,0,,,0,,,0,,,,0,0,0.0101067395451967,,,0.340403467459622,,,,,0.0188326830414182,,,,0,0,,,0,0,0.393635733397503
0,0,2009,2009-09-27,180,Hanau,06,Hessen,zweitstimme,241923,178604,174559,4045,0.738267961293469,cdu,,,0,,,,,,,,,0,,,,,0.00126031886067175,,,0.325586191488265,0,0,,,,,,,,,0,,,,0.000813478537342675,0,0.173969832549453,,0,,0,,,,0.110701825743731,,,,,,,,0.0867271237804983,,,,,,0.000234877605852463,,,,0.0132734490917111,0,,,0,,,0.0215571812395809,,,,0,0,0.00967581161670266,,,0.241488551148895,,,,,0.0147113583372957,,,,0,0,,,0,0,0.325586191488265
0,0,2009,2009-09-27,181,Main-Taunus,06,Hessen,erststimme,195505,155748,152927,2821,0.796644587094959,cdu,,,0,,,,,,,,,0,,,,,0,,,0.4752594375094,0,0,,,,,,,,,0,,,,0,0,0.121548189659118,,0,,0,,,,0.102127158709711,,,,,,,,0.0504685241978199,,,,,,0,,,,0.0110771806155878,0,,,0,,,0,,,,0,0,0,,,0.239519509308363,,,,,0,,,,0,0,,,0,0,0.4752594375094
0,0,2009,2009-09-27,181,Main-Taunus,06,Hessen,zweitstimme,195505,155748,153426,2322,0.796644587094959,cdu,,,0,,,,,,,,,0,,,,,0.00107543701849752,,,0.371442910588818,0,0,,,,,,,,,0,,,,0.000716958012331678,0,0.216553908724727,,0,,0,,,,0.119001994446834,,,,,,,,0.0566983431752115,,,,,,0.000195534003363185,,,,0.00743029212780103,0,,,0,,,0.0205766949539192,,,,0,0,0.00456897787858642,,,0.192372870308813,,,,,0.00936607876109656,,,,0,0,,,0,0,0.371442910588818
0,0,2009,2009-09-27,182,Frankfurt am Main I,06,Hessen,erststimme,190058,132429,130212,2217,0.69678203495775,cdu,,,0,,,,,,,,,0,,,,,0.00271096365926336,,,0.352240960894541,0,0,,,,,,,,,0,,,,0,0,0.0988848954013455,,0,,0,,,,0.12058028445919,,,,,,,,0.0923954781433355,,,,,,0.00130556323533929,,,,0.0101910730193838,0,,,0,,,0,,,,0,0,0.00661997358154394,,,0.30064049396369,,,,,0.0144303136423678,,,,0,0,,,0,0,0.352240960894541
0,0,2009,2009-09-27,182,Frankfurt am Main I,06,Hessen,zweitstimme,190058,132429,130338,2091,0.69678203495775,cdu,,,0,,,,,,,,,0,,,,,0.00161119550706624,,,0.27644278721478,0,0,,,,,,,,,0,,,,0.000621461124154122,0,0.174630575887308,,0,,0,,,,0.158395863063727,,,,,,,,0.111640503920576,,,,,,0.000705857079286164,,,,0.00971320719974221,0,,,0,,,0.0257407663152726,,,,0,0,0.00632202427534564,,,0.223319369638939,,,,,0.0108563887738035,,,,0,0,,,0,0,0.27644278721478
0,0,2009,2009-09-27,183,Frankfurt am Main II,06,Hessen,erststimme,212140,156548,153877,2671,0.737946639011973,cdu,,,0,,,,,,,,,0,,,,,0.00270345795667969,,,0.357603800438012,0,0,,,,,,,,,0,,,,0,0,0.0931653203532692,,0,,0,,,,0.152089006154266,,,,,,,,0.0779713667409684,,,,,,0,,,,0.0100469855793913,0,,,0,,,0,,,,0,0,0,,,0.292922269085048,,,,,0.0134977936923647,,,,0,0,,,0,0,0.357603800438012
0,0,2009,2009-09-27,183,Frankfurt am Main II,06,Hessen,zweitstimme,212140,156548,154398,2150,0.737946639011973,cdu,,,0,,,,,,,,,0,,,,,0.00123058588841824,,,0.279077449189756,0,0,,,,,,,,,0,,,,0.000660630319045584,0,0.175073511314913,,0,,0,,,,0.182806772108447,,,,,,,,0.0997227943367142,,,,,,0.000401559605694374,,,,0.00766201634736201,0,,,0,,,0.02410652987733,,,,0,0,0.00421637585979093,,,0.215307193098356,,,,,0.00973458205417169,,,,0,0,,,0,0,0.279077449189756
0,0,2009,2009-09-27,184,Groß-Gerau,06,Hessen,erststimme,172278,128119,125020,3099,0.743675919153926,cdu,,,0,,,,,,,,,0,,,,,0,,,0.36322188449848,0,0,,,,,,,,,0,,,,0,0,0.0814029755239162,,0,,0,,,,0.0965605503119501,,,,,,,,0.0755799072148456,,,,,,0,,,,0.0196528555431131,0,,,0,,,0,,,,0,0,0,,,0.359726443768997,,,,,0,,,,0,0,,,0,0.00385538313869781,0.36322188449848
0,0,2009,2009-09-27,184,Groß-Gerau,06,Hessen,zweitstimme,172278,128119,125354,2765,0.743675919153926,cdu,,,0,,,,,,,,,0,,,,,0.00141997862054661,,,0.299360211879956,0,0,,,,,,,,,0,,,,0.000869537469885285,0,0.148619110678558,,0,,0,,,,0.12506182491185,,,,,,,,0.0885731608085901,,,,,,0.000478644478835937,,,,0.0134020454074062,0,,,0,,,0.0221133749222203,,,,0,0,0.00875919396269764,,,0.279671968983838,,,,,0.0116709478756163,,,,0,0,,,0,0,0.299360211879956
0,0,2009,2009-09-27,185,Offenbach,06,Hessen,erststimme,221180,158857,154888,3969,0.718224975133376,cdu,,,0,,,,,,,,,0,,,,,0,,,0.402103455400031,0,0,,,,,,,,,0,,,,0,0,0.10228681369764,,0,,0,,,,0.0984130468467538,,,,,,,,0.0748540881152833,,,,,,0,,,,0.0157145808584267,0,,,0,,,0,,,,0,0,0,,,0.287575538453592,,,,,0.0175739889468519,,,,0,0,,,0,0.00147848768142141,0.402103455400031
0,0,2009,2009-09-27,185,Offenbach,06,Hessen,zweitstimme,221180,158857,154644,4213,0.718224975133376,cdu,,,0,,,,,,,,,0,,,,,0.00128036005276635,,,0.318583326866868,0,0,,,,,,,,,0,,,,0.000969969736944207,0,0.18370580171232,,0,,0,,,,0.128443392566152,,,,,,,,0.0893212798427356,,,,,,0.000265125061431417,,,,0.0114197770362898,0,,,0,,,0.0247988929412069,,,,0,0,0.00690618452704276,,,0.22229119784796,,,,,0.0120146918082822,,,,0,0,,,0,0,0.318583326866868
0,0,2009,2009-09-27,186,Darmstadt,06,Hessen,erststimme,233622,176435,172968,3467,0.755215690303139,spd,,,0.00228944082142362,,,,,,,,,0,,,,,0,,,0.349983812034596,0,0,,,,,,,,,0,,,,0,0,0.0783555339716017,,0,,0,,,,0.121195828130059,,,,,,,,0.0648270200268258,,,,,,0,,,,0.0107534341612321,0,,,0,,,0.0223509550899588,,,,0,0,0,,,0.350243975764303,,,,,0,,,,0,0,,,0,0,0.349983812034596
0,0,2009,2009-09-27,186,Darmstadt,06,Hessen,zweitstimme,233622,176435,173385,3050,0.755215690303139,spd,,,0,,,,,,,,,0,,,,,0.00099777950803126,,,0.287937249473715,0,0,,,,,,,,,0,,,,0.000761311532139458,0,0.153063990541281,,0,,0,,,,0.17145081754477,,,,,,,,0.0857571300862243,,,,,,0.000501773509819189,,,,0.00865703492228278,0,,,0,,,0.0253193759552441,,,,0,0,0.00454479914640828,,,0.251492343628342,,,,,0.00951639415174323,,,,0,0,,,0,0,0.287937249473715
0,0,2009,2009-09-27,187,Odenwald,06,Hessen,erststimme,234911,176808,171422,5386,0.752659517859955,cdu,,,0,,,,,,,,,0,,,,,0,,,0.403629639136167,0,0,,,,,,,,,0,,,,0,0,0.107389949948081,,0,,0,,,,0.0945911259931631,,,,,,,,0.0675175881742133,,,,,,0,,,,0.0127346548284351,0,,,0,,,0,,,,0,0,0.0103370629207453,,,0.296327192542381,,,,,0,,,,0,0,,,0,0.00747278645681418,0.403629639136167
0,0,2009,2009-09-27,187,Odenwald,06,Hessen,zweitstimme,234911,176808,171849,4959,0.752659517859955,cdu,,,0,,,,,,,,,0,,,,,0.00132674615505473,,,0.329806981710688,0,0,,,,,,,,,0,,,,0.000797211505449552,0,0.172808686695878,,0,,0,,,,0.112767604117568,,,,,,,,0.0779928891061339,,,,,,0.000459705904602296,,,,0.0110969513933744,0,,,0,,,0.0238465164184837,,,,0,0,0.0100262439699969,,,0.248799818445263,,,,,0.010270644577507,,,,0,0,,,0,0,0.329806981710688
0,0,2009,2009-09-27,188,Bergstraße,06,Hessen,erststimme,199708,148308,145173,3135,0.742624231377812,cdu,,,0,,,,,,,,,0,,,,,0,,,0.444104620005097,0,0,,,,,,,,,0,,,,0,0,0.0893141286602881,,0,,0,,,,0.0778106121661742,,,,,,,,0.0631729040524064,,,,,,0,,,,0.0162909080889697,0,,,0,,,0,,,,0,0,0,,,0.309306827027064,,,,,0,,,,0,0,,,0,0,0.444104620005097
0,0,2009,2009-09-27,188,Bergstraße,06,Hessen,zweitstimme,199708,148308,145600,2708,0.742624231377812,cdu,,,0,,,,,,,,,0,,,,,0.00113324175824176,,,0.34529532967033,0,0,,,,,,,,,0,,,,0.000776098901098901,0,0.173207417582418,,0,,0,,,,0.107712912087912,,,,,,,,0.0748008241758242,,,,,,0.000281593406593407,,,,0.0110370879120879,0,,,0,,,0.0191071428571429,,,,0,0,0.0100137362637363,,,0.245521978021978,,,,,0.0111126373626374,,,,0,0,,,0,0,0.34529532967033
0,0,2009,2009-09-27,189,Eichsfeld - Nordhausen - Unstrut-Hainich-Kreis I,16,Thüringen,erststimme,204717,136404,134746,1658,0.666305192045605,cdu,,,0,,,,,,,,,0,,,,,0,,,0.429563771837383,0,0,,,,,,,,,0,,,,0,0,0.0737832662936191,,0,,0,,,,0.0411143930061004,,,,,,,,0.244942335950603,,,,,,0,,,,0.0281863654579728,0.0105086607394654,,,0,,,0,,,,0,0,0,,,0.169608003206032,,,,,0,,,,0,0,,,0,0.00229320350882401,0.429563771837383
0,0,2009,2009-09-27,189,Eichsfeld - Nordhausen - Unstrut-Hainich-Kreis I,16,Thüringen,zweitstimme,204717,136404,134859,1545,0.666305192045605,cdu,,,0,,,,,,,,,0,,,,,0,,,0.384572034495288,0,0,,,,,,,,,0,,,,0,0,0.106644717816386,,0,,0,,,,0.0482503948568505,,,,,,,,0.240184192378707,,,,,,0.000941724319474414,,,,0.026924417354422,0.00748188849094239,,,0,,,0.0171215862493419,,,,0,0,0.00221713048443189,,,0.165661913554157,,,,,0,,,,0,0,,,0,0,0.384572034495288
0,0,2009,2009-09-27,190,Eisenach - Wartburgkreis - Unstrut-Hainich-Kreis II,16,Thüringen,erststimme,201700,131047,129063,1984,0.649712444224095,cdu,,,0,,,,,,,,,0,,,,,0,,,0.347915359165679,0,0,,,,,,,,,0,,,,0,0,0.0636200925129588,,0,,0,,,,0.0381286658453623,,,,,,,,0.276345660646351,,,,,,0,,,,0.0376870210672307,0,,,0,,,0,,,,0,0,0,,,0.225517770391204,,,,,0,,,,0,0,,,0,0.0107854303712141,0.347915359165679
0,0,2009,2009-09-27,190,Eisenach - Wartburgkreis - Unstrut-Hainich-Kreis II,16,Thüringen,zweitstimme,201700,131047,129135,1912,0.649712444224095,cdu,,,0,,,,,,,,,0,,,,,0,,,0.325728888372633,0,0,,,,,,,,,0,,,,0,0,0.0923142447825919,,0,,0,,,,0.0499554729546599,,,,,,,,0.282711890657064,,,,,,0.0020753475045495,,,,0.0356758431099237,0.00378673481240562,,,0,,,0.0194834862740543,,,,0,0,0.00361637046501723,,,0.1846517210671,,,,,0,,,,0,0,,,0,0,0.325728888372633
0,0,2009,2009-09-27,191,Kyffhäuserkreis - Sömmerda - Weimarer Land I,16,Thüringen,erststimme,200901,127925,126065,1860,0.636756412362308,cdu,,,0,,,,,,,,,0,,,,,0,,,0.338507912584778,0,0,,,,,,,,,0,,,,0,0,0.077737675008924,,0,,0,,,,0.0456431206123825,,,,,,,,0.313869829056439,,,,,,0,,,,0.0385118787926863,0,,,0,,,0,,,,0,0,0,,,0.181009796533534,,,,,0,,,,0,0,,,0,0.0047197874112561,0.338507912584778
0,0,2009,2009-09-27,191,Kyffhäuserkreis - Sömmerda - Weimarer Land I,16,Thüringen,zweitstimme,200901,127925,126083,1842,0.636756412362308,cdu,,,0,,,,,,,,,0,,,,,0,,,0.314840224296693,0,0,,,,,,,,,0,,,,0,0,0.100417978633123,,0,,0,,,,0.0480953023008653,,,,,,,,0.30077805889771,,,,,,0.00147521870513868,,,,0.0347628149710905,0.00322010104455002,,,0,,,0.0204706423546394,,,,0,0,0.00389426013023167,,,0.172045398665958,,,,,0,,,,0,0,,,0,0,0.314840224296693
0,0,2009,2009-09-27,192,Gotha - Ilm-Kreis,16,Thüringen,erststimme,214510,139919,137807,2112,0.652272621323015,cdu,,,0,,,,,,,,,0,,,,,0,,,0.290718178321856,0,0,,,,,,,,,0,,,,0,0,0.0729716197290413,,0,,0,,,,0.0536329794567765,,,,,,,,0.260814037022793,,,,,,0,,,,0.0397294767319512,0,,,0,,,0,,,,0,0,0,,,0.268723649742031,,,,,0,,,,0,0,,,0,0.0134100589955517,0.290718178321856
0,0,2009,2009-09-27,192,Gotha - Ilm-Kreis,16,Thüringen,zweitstimme,214510,139919,137948,1971,0.652272621323015,cdu,,,0,,,,,,,,,0,,,,,0,,,0.307934874010497,0,0,,,,,,,,,0,,,,0,0,0.0898381999014121,,0,,0,,,,0.0551512164003828,,,,,,,,0.277329138515963,,,,,,0.00138457969669731,,,,0.0356946095630238,0.00361730507147621,,,0,,,0.0289384405718097,,,,0,0,0.00371879258851161,,,0.196392843680227,,,,,0,,,,0,0,,,0,0,0.307934874010497
0,0,2009,2009-09-27,193,Erfurt - Weimar - Weimarer Land II,16,Thüringen,erststimme,225708,151236,149274,1962,0.670051571056409,cdu,,,0,,,,,,,,,0,,,,,0,,,0.307695914894757,0,0,,,,,,,,,0,,,,0,0,0.0596018060747351,,0,,0,,,,0.0813068585286118,,,,,,,,0.288395835845492,,,,,,0,,,,0.0278079236839637,0,,,0,,,0,,,,0,0,0,,,0.224339134745502,,,,,0,,,,0,0,,,0,0.0108525262269384,0.307695914894757
0,0,2009,2009-09-27,193,Erfurt - Weimar - Weimarer Land II,16,Thüringen,zweitstimme,225708,151236,149598,1638,0.670051571056409,cdu,,,0,,,,,,,,,0,,,,,0,,,0.279261754836295,0,0,,,,,,,,,0,,,,0,0,0.0897672428775786,,0,,0,,,,0.104480006417198,,,,,,,,0.279422184788567,,,,,,0.00195858233398842,,,,0.02514739501865,0.00401074880680223,,,0,,,0.0331421543068758,,,,0,0,0.00301474618644634,,,0.179795184427599,,,,,0,,,,0,0,,,0,0,0.279261754836295
0,0,2009,2009-09-27,194,Gera - Jena - Saale-Holzland-Kreis,16,Thüringen,erststimme,245228,164803,162529,2274,0.672039897564715,linke_pds,,,0,,,,,,,,,0,,,,,0,,,0.286656535141421,0,0,,,,,,,,,0,,,,0,0,0.0965673818210904,,0,,0,,,,0.0705781737413016,,,,,,,,0.303601203477533,,,,,,0,,,,0.0293547613041365,0,,,0,,,0,,,,0,0,0,,,0.213241944514517,,,,,0,,,,0,0,,,0,0,0.286656535141421
0,0,2009,2009-09-27,194,Gera - Jena - Saale-Holzland-Kreis,16,Thüringen,zweitstimme,245228,164803,162910,1893,0.672039897564715,linke_pds,,,0,,,,,,,,,0,,,,,0,,,0.275925357559389,0,0,,,,,,,,,0,,,,0,0,0.103320852004174,,0,,0,,,,0.0812902829783316,,,,,,,,0.299085384568166,,,,,,0.00116628813455282,,,,0.0258363513596464,0.00389171935424468,,,0,,,0.033877601129458,,,,0,0,0.0035234178380701,,,0.172082745073967,,,,,0,,,,0,0,,,0,0,0.275925357559389
0,0,2009,2009-09-27,195,Greiz - Altenburger Land,16,Thüringen,erststimme,182336,116989,115037,1952,0.641612188487189,cdu,,,0,,,,,,,,,0,,,,,0,,,0.373688465450246,0,0,,,,,,,,,0,,,,0,0,0.0802959047958483,,0,,0,,,,0.0364752210158471,,,,,,,,0.292705825082365,,,,,,0,,,,0.0410302772151569,0,,,0,,,0,,,,0,0,0,,,0.175804306440537,,,,,0,,,,0,0,,,0,0,0.373688465450246
0,0,2009,2009-09-27,195,Greiz - Altenburger Land,16,Thüringen,zweitstimme,182336,116989,115246,1743,0.641612188487189,cdu,,,0,,,,,,,,,0,,,,,0,,,0.328349790882113,0,0,,,,,,,,,0,,,,0,0,0.108958228485153,,0,,0,,,,0.0426826093747288,,,,,,,,0.286491505128161,,,,,,0.00135362615622234,,,,0.0361661142252226,0.00414764937611718,,,0,,,0.0234888846467556,,,,0,0,0.00344480502577096,,,0.164916786699755,,,,,0,,,,0,0,,,0,0,0.328349790882113
0,0,2009,2009-09-27,196,Sonneberg - Saalfeld-Rudolstadt - Saale-Orla-Kreis,16,Thüringen,erststimme,231447,148939,146678,2261,0.643512337597809,cdu,,,0,,,,,,,,,0,,,,,0,,,0.318561747501329,0,0,,,,,,,,,0,,,,0,0,0.0854524877623093,,0,,0,,,,0.0387515510165124,,,,,,,,0.312384952071885,,,,,,0.00396787520964289,,,,0.0448192639659663,0,,,0,,,0,,,,0,0,0,,,0.189694432702928,,,,,0,,,,0,0,,,0,0.00636768976942691,0.318561747501329
0,0,2009,2009-09-27,196,Sonneberg - Saalfeld-Rudolstadt - Saale-Orla-Kreis,16,Thüringen,zweitstimme,231447,148939,147094,1845,0.643512337597809,cdu,,,0,,,,,,,,,0,,,,,0,,,0.304363196323439,0,0,,,,,,,,,0,,,,0,0,0.0975022774552327,,0,,0,,,,0.0452363794580336,,,,,,,,0.308911308415027,,,,,,0.00268535766244714,,,,0.0406406787496431,0.00378669422274192,,,0,,,0.0227065685887936,,,,0,0,0.00418099990482277,,,0.169986539219819,,,,,0,,,,0,0,,,0,0,0.304363196323439
0,0,2009,2009-09-27,197,Suhl - Schmalkalden-Meiningen - Hildburghausen,16,Thüringen,erststimme,207012,130502,128645,1857,0.630407899058992,linke_pds,,,0,,,,,,,,,0,,,,,0,,,0.307823856348867,0,0,,,,,,,,,0,,,,0,0,0.0801663492557037,,0,,0,,,,0.0461424851335069,,,,,,,,0.321512689960745,,,,,,0,,,,0.0340471841113141,0,,,0,,,0,,,,0,0,0,,,0.210307435189864,,,,,0,,,,0,0,,,0,0,0.307823856348867
0,0,2009,2009-09-27,197,Suhl - Schmalkalden-Meiningen - Hildburghausen,16,Thüringen,zweitstimme,207012,130502,128896,1606,0.630407899058992,linke_pds,,,0,,,,,,,,,0,,,,,0,,,0.297433589870904,0,0,,,,,,,,,0,,,,0,0,0.094013778550149,,0,,0,,,,0.0524608987090367,,,,,,,,0.31665063306852,,,,,,0.00143526564051639,,,,0.0305750372393247,0.00321189175769613,,,0,,,0.0241202209533267,,,,0,0,0.00412735849056604,,,0.17597132571996,,,,,0,,,,0,0,,,0,0,0.297433589870904
0,0,2009,2009-09-27,198,Neuwied,07,Rheinland-Pfalz,erststimme,242568,172799,168926,3873,0.712373437551532,cdu,,,0,,,,,,,,,0,,,,,0,,,0.391970448598795,0,0,,,,,,,,,0,,,,0,0,0.105851082722612,,0,,0,,,,0.0563441980512177,,,,,,,,0.0670767081443946,,,,,,0,,,,0.0144323549956786,0,,,0,,,0,,,,0,0,0,,,0.364325207487302,,,,,0,,,,0,0,,,0,0,0.391970448598795
0,0,2009,2009-09-27,198,Neuwied,07,Rheinland-Pfalz,zweitstimme,242568,172799,170064,2735,0.712373437551532,cdu,,,0,,,,,,,,,0,,,,,0,,,0.360493696490733,0,0,,,,,,,,,0,,,,0.000723257126728761,0.00910245554614733,0.169077523755763,,0,,0,,,,0.0823513500799699,,,,,,,,0.0903189387524696,,,,,,0.000423370025402202,,,,0.010701853419889,0.001922805532035,,,0.00600950230501458,,,0.016217424028601,,,,0,0,0.0040514159375294,,,0.248606406999718,,,,,0,,,,0,0,,,0,0,0.360493696490733
0,0,2009,2009-09-27,199,Ahrweiler,07,Rheinland-Pfalz,erststimme,195658,139346,136533,2813,0.712191681403265,cdu,,,0,,,,,,,,,0,,,,,0,,,0.455164685460658,0,0,,,,,,,,,0,,,,0,0,0.149927123845517,,0,,0,,,,0.073930844557726,,,,,,,,0.0608644064072422,,,,,,0,,,,0.0111841093362044,0,,,0,,,0,,,,0,0,0,,,0.248928830392652,,,,,0,,,,0,0,,,0,0,0.455164685460658
0,0,2009,2009-09-27,199,Ahrweiler,07,Rheinland-Pfalz,zweitstimme,195658,139346,137159,2187,0.712191681403265,cdu,,,0,,,,,,,,,0,,,,,0,,,0.399076983646717,0,0,,,,,,,,,0,,,,0.000575973869742416,0.00818757792051561,0.189072536253545,,0,,0,,,,0.0847337761284349,,,,,,,,0.0741548130272166,,,,,,0.000226015062810315,,,,0.0086906437054805,0.00289445096566758,,,0.0020997528415926,,,0.0160689418849656,,,,0,0,0.00298194066740061,,,0.211236594025912,,,,,0,,,,0,0,,,0,0,0.399076983646717
0,0,2009,2009-09-27,200,Koblenz,07,Rheinland-Pfalz,erststimme,196560,138790,135657,3133,0.706094831094831,cdu,,,0,,,,,,,,,0,,,,,0,,,0.441208341626307,0,0,,,,,,,,,0,,,,0,0,0.0964491327391878,,0,,0,,,,0.0974664042401056,,,,,,,,0.0732361765334631,,,,,,0,,,,0.0109319828685582,0,,,0,,,0,,,,0,0,0,,,0.280707961992378,,,,,0,,,,0,0,,,0,0,0.441208341626307
0,0,2009,2009-09-27,200,Koblenz,07,Rheinland-Pfalz,zweitstimme,196560,138790,136237,2553,0.706094831094831,cdu,,,0,,,,,,,,,0,,,,,0,,,0.360144454149754,0,0,,,,,,,,,0,,,,0.000719334688814346,0.00820628757239223,0.173807409147295,,0,,0,,,,0.100794938232639,,,,,,,,0.0824959445671881,,,,,,0.000227544646461681,,,,0.00872009806440248,0.00237820856301886,,,0.00166621402409037,,,0.0197450031929652,,,,0,0,0.00317094475069181,,,0.237923618400288,,,,,0,,,,0,0,,,0,0,0.360144454149754
0,0,2009,2009-09-27,201,Mosel/Rhein-Hunsrück,07,Rheinland-Pfalz,erststimme,179373,130191,125958,4233,0.725811576993193,cdu,,,0,,,,,,,,,0,,,,,0,,,0.477182870480636,0,0,,,,,,,,,0,,,,0,0,0.124755871004621,,0,,0,,,,0.0772003366201432,,,,,,,,0.0717302592927801,,,,,,0,,,,0.0120754537226695,0,,,0,,,0,,,,0,0,0,,,0.23705520887915,,,,,0,,,,0,0,,,0,0,0.477182870480636
0,0,2009,2009-09-27,201,Mosel/Rhein-Hunsrück,07,Rheinland-Pfalz,zweitstimme,179373,130191,127556,2635,0.725811576993193,cdu,,,0,,,,,,,,,0,,,,,0,,,0.394352284486814,0,0,,,,,,,,,0,,,,0.000783969393834865,0.0100818464047164,0.190096898617078,,0,,0,,,,0.0804744582771489,,,,,,,,0.0828498855404685,,,,,,0.000195992348458716,,,,0.00891373200790241,0.00222647307849102,,,0.00302612186020258,,,0.0158597008372793,,,,0,0,0.00380225156009909,,,0.207336385587507,,,,,0,,,,0,0,,,0,0,0.394352284486814
0,0,2009,2009-09-27,202,Kreuznach,07,Rheinland-Pfalz,erststimme,190569,133191,130129,3062,0.6989122050281,cdu,,,0,,,,,,,,,0,,,,,0,,,0.470048951425124,0,0,,,,,,,,,0,,,,0,0,0.0667337795572086,,0,,0,,,,0.067379292855551,,,,,,,,0.0889809343036525,,,,,,0,,,,0.0138170584573769,0,,,0,,,0,,,,0,0,0,,,0.286884553020464,,,,,0,,,,0,0,,,0,0.00615543038062231,0.470048951425124
0,0,2009,2009-09-27,202,Kreuznach,07,Rheinland-Pfalz,zweitstimme,190569,133191,130733,2458,0.6989122050281,cdu,,,0,,,,,,,,,0,,,,,0,,,0.331209411548729,0,0,,,,,,,,,0,,,,0.00120857013913855,0.00885774823495215,0.16208608385029,,0,,0,,,,0.0846381556301775,,,,,,,,0.108595381426266,,,,,,0.00027537041144929,,,,0.0119327178294692,0.00198878630491154,,,0.00189699616776177,,,0.0155278315345016,,,,0,0,0.00418410041841004,,,0.267598846503943,,,,,0,,,,0,0,,,0,0,0.331209411548729
0,0,2009,2009-09-27,203,Bitburg,07,Rheinland-Pfalz,erststimme,168357,120001,116572,3429,0.712777015508711,cdu,,,0,,,,,,,,,0,,,,,0,,,0.460702398517654,0,0,,,,,,,,,0,,,,0,0,0.139081426071441,,0,,0,,,,0.0795559825687129,,,,,,,,0.0689959853137975,,,,,,0,,,,0.0111090141714992,0,,,0,,,0,,,,0,0,0,,,0.240555193356895,,,,,0,,,,0,0,,,0,0,0.460702398517654
0,0,2009,2009-09-27,203,Bitburg,07,Rheinland-Pfalz,zweitstimme,168357,120001,117611,2390,0.712777015508711,cdu,,,0,,,,,,,,,0,,,,,0,,,0.410420793973353,0,0,,,,,,,,,0,,,,0.000782239756485363,0.0105177236823086,0.191308636096964,,0,,0,,,,0.0843628572157366,,,,,,,,0.0819821275220855,,,,,,0.000187057333072587,,,,0.00868116077577778,0.00226169320896855,,,0.00126688830126434,,,0.0145989745857105,,,,0,0,0.0030099225412589,,,0.190619925007015,,,,,0,,,,0,0,,,0,0,0.410420793973353
0,0,2009,2009-09-27,204,Trier,07,Rheinland-Pfalz,erststimme,191691,138338,134786,3552,0.721671857312028,cdu,,,0,,,,,,,,,0,,,,,0,,,0.456976243823543,0,0,,,,,,,,,0,,,,0,0,0.0833691926461205,,0,,0,,,,0.10467704360987,,,,,,,,0.085936224830472,,,,,,0,,,,0.00975620613416824,0,,,0,,,0,,,,0,0,0,,,0.259285088955826,,,,,0,,,,0,0,,,0,0,0.456976243823543
0,0,2009,2009-09-27,204,Trier,07,Rheinland-Pfalz,zweitstimme,191691,138338,136010,2328,0.721671857312028,cdu,,,0,,,,,,,,,0,,,,,0,,,0.369164032056466,0,0,,,,,,,,,0,,,,0.000544077641349901,0.00816851702080729,0.149650760973458,,0,,0,,,,0.120991103595324,,,,,,,,0.0960958753032865,,,,,,0.000198514815087126,,,,0.00802882141019043,0.00208808175869421,,,0.0011322696860525,,,0.0182560105874568,,,,0,0,0.00255128299389751,,,0.22313065215793,,,,,0,,,,0,0,,,0,0,0.369164032056466
0,0,2009,2009-09-27,205,Montabaur,07,Rheinland-Pfalz,erststimme,213225,154343,151088,3255,0.723850392777582,cdu,,,0,,,,,,,,,0,,,,,0,,,0.431635867838611,0,0,,,,,,,,,0,,,,0,0,0.109479243884359,,0,,0,,,,0.0707203748808641,,,,,,,,0.0786561474107805,,,,,,0,,,,0.01553399343429,0,,,0,,,0,,,,0,0,0,,,0.293974372551096,,,,,0,,,,0,0,,,0,0,0.431635867838611
0,0,2009,2009-09-27,205,Montabaur,07,Rheinland-Pfalz,zweitstimme,213225,154343,151645,2698,0.723850392777582,cdu,,,0,,,,,,,,,0,,,,,0,,,0.350014837284447,0,0,,,,,,,,,0,,,,0.000778133139899107,0.0107290052425072,0.185327574268852,,0,,0,,,,0.086036466747997,,,,,,,,0.0869530812094035,,,,,,0.000204424807939596,,,,0.0124962906788882,0.00205084242803917,,,0.00356094826733489,,,0.0194401398001912,,,,0,0,0.00420719443436975,,,0.238201061690132,,,,,0,,,,0,0,,,0,0,0.350014837284447
0,0,2009,2009-09-27,206,Mainz,07,Rheinland-Pfalz,erststimme,251837,191097,187470,3627,0.758812247604601,cdu,,,0,,,,,,,,,0,,,,,0.00162159278817944,,,0.363156771750147,0,0,,,,,,,,,0,,,,0,0,0.117640155758255,,0,,0,,,,0.126398890489145,,,,,,,,0.057273163706193,,,,,,0,,,,0.0108977436389822,0.0127167013388809,,,0,,,0,,,,0,0,0,,,0.305851602923134,,,,,0,,,,0.0044433776070838,0,,,0,0,0.363156771750147
0,0,2009,2009-09-27,206,Mainz,07,Rheinland-Pfalz,zweitstimme,251837,191097,188478,2619,0.758812247604601,cdu,,,0,,,,,,,,,0,,,,,0,,,0.327767697025648,0,0,,,,,,,,,0,,,,0.000509343265527011,0.00549135708146309,0.154102866117,,0,,0,,,,0.157816827428135,,,,,,,,0.0738653848194484,,,,,,0.000180392406540816,,,,0.00611742484534004,0.00692388501575781,,,0.00129988645889706,,,0.0241566654994217,,,,0,0,0.0120173176710279,,,0.229750952365793,,,,,0,,,,0,0,,,0,0,0.327767697025648
0,0,2009,2009-09-27,207,Worms,07,Rheinland-Pfalz,erststimme,202156,147381,144190,3191,0.729045885355864,spd,,,0,,,,,,,,,0,,,,,0,,,0.359886261183161,0,0,,,,,,,,,0,,,,0,0,0.0974478119148346,,0,,0,,,,0.0729246133573757,,,,,,,,0.0708648311255982,,,,,,0,,,,0.0226021221998752,0,,,0,,,0,,,,0,0,0,,,0.376274360219155,,,,,0,,,,0,0,,,0,0,0.359886261183161
0,0,2009,2009-09-27,207,Worms,07,Rheinland-Pfalz,zweitstimme,202156,147381,144593,2788,0.729045885355864,spd,,,0,,,,,,,,,0,,,,,0,,,0.323881515702697,0,0,,,,,,,,,0,,,,0.000947487084437006,0.0101526353281279,0.157324351801263,,0,,0,,,,0.101035319828761,,,,,,,,0.0836693339234956,,,,,,0.000207478923599344,,,,0.0157960620500301,0.00293928475099071,,,0.0029116208945108,,,0.0201185396250164,,,,0,0,0.010429273892927,,,0.270587096194145,,,,,0,,,,0,0,,,0,0,0.323881515702697
0,0,2009,2009-09-27,208,Ludwigshafen/Frankenthal,07,Rheinland-Pfalz,erststimme,217445,153455,150442,3013,0.705718687484191,cdu,,,0,,,,,,,,,0,,,,,0,,,0.383775807287858,0,0,,,,,,,,,0,,,,0,0,0.0856010954387737,,0,,0,,,,0.061664960582816,,,,,,,,0.0864253333510589,,,,,,0.0013958867869345,,,,0.0120112734475745,0,,,0,,,0.0211908908416533,,,,0,0,0.0241355472540913,,,0.323799205009239,,,,,0,,,,0,0,,,0,0,0.383775807287858
0,0,2009,2009-09-27,208,Ludwigshafen/Frankenthal,07,Rheinland-Pfalz,zweitstimme,217445,153455,150711,2744,0.705718687484191,cdu,,,0,,,,,,,,,0,,,,,0,,,0.323699000072987,0,0,,,,,,,,,0,,,,0.00104836408755831,0.0095746163186496,0.148575750940542,,0,,0,,,,0.0857203521972517,,,,,,,,0.102560529755625,,,,,,0.00080286110502883,,,,0.0119301179077838,0.00211663382234873,,,0.00208345774362853,,,0.0204298292758989,,,,0,0,0.0238934118942877,,,0.26756507487841,,,,,0,,,,0,0,,,0,0,0.323699000072987
0,0,2009,2009-09-27,209,Neustadt - Speyer,07,Rheinland-Pfalz,erststimme,220974,164052,160182,3870,0.742404083738358,cdu,,,0,,,,,,,,,0,,,,,0,,,0.446248642169532,0,0,,,,,,,,,0,,,,0,0.0196027019265585,0.0928319037095304,,0,,0,,,,0.0858273713650722,,,,,,,,0.078323407124396,,,,,,0,,,,0.0169182554843865,0,,,0,,,0,,,,0,0,0,,,0.252238079184927,,,,,0,,,,0,0,,,0,0.00800963903559701,0.446248642169532
0,0,2009,2009-09-27,209,Neustadt - Speyer,07,Rheinland-Pfalz,zweitstimme,220974,164052,161168,2884,0.742404083738358,cdu,,,0,,,,,,,,,0,,,,,0,,,0.359581306462821,0,0,,,,,,,,,0,,,,0.000719745855256627,0.0137558324233098,0.167452596048843,,0,,0,,,,0.102284572619875,,,,,,,,0.0836766603792316,,,,,,0.000273007048545617,,,,0.0120061054303584,0.00264320460637347,,,0.0028107316588901,,,0.018800258115755,,,,0,0,0.0119006254343294,,,0.22409535391641,,,,,0,,,,0,0,,,0,0,0.359581306462821
0,0,2009,2009-09-27,210,Kaiserslautern,07,Rheinland-Pfalz,erststimme,235030,163350,159288,4062,0.695017657320342,spd,,,0,,,,,,,,,0,,,,,0,,,0.328405152930541,0,0,,,,,,,,,0,,,,0,0,0.0924426196574758,,0,,0,,,,0.0680151674953543,,,,,,,,0.139401587062428,,,,,,0,,,,0.0260094922404701,0,,,0,,,0,,,,0,0,0,,,0.345725980613731,,,,,0,,,,0,0,,,0,0,0.328405152930541
0,0,2009,2009-09-27,210,Kaiserslautern,07,Rheinland-Pfalz,zweitstimme,235030,163350,160184,3166,0.695017657320342,spd,,,0,,,,,,,,,0,,,,,0,,,0.28225041202617,0,0,,,,,,,,,0,,,,0.000824052339809219,0.0129476102482146,0.143160365579583,,0,,0,,,,0.086999950057434,,,,,,,,0.141524746541477,,,,,,0.000343355141587175,,,,0.019958297957349,0.00253458522698896,,,0.00258452779303801,,,0.0213566898067223,,,,0,0,0.00857139289816711,,,0.276944014383459,,,,,0,,,,0,0,,,0,0,0.28225041202617
0,0,2009,2009-09-27,211,Pirmasens,07,Rheinland-Pfalz,erststimme,184220,131065,126909,4156,0.711459124959288,cdu,,,0,,,,,,,,,0,,,,,0,,,0.394258878408939,0,0,,,,,,,,,0,,,,0,0,0.111142629758331,,0,,0,,,,0.0696562103554515,,,,,,,,0.125987912598791,,,,,,0,,,,0.0283510231740854,0,,,0,,,0,,,,0,0,0,,,0.270603345704402,,,,,0,,,,0,0,,,0,0,0.394258878408939
0,0,2009,2009-09-27,211,Pirmasens,07,Rheinland-Pfalz,zweitstimme,184220,131065,127860,3205,0.711459124959288,cdu,,,0,,,,,,,,,0,,,,,0,,,0.345244798998905,0,0,,,,,,,,,0,,,,0.000891600187705303,0.015211950570937,0.153331769122478,,0,,0,,,,0.0666979508837791,,,,,,,,0.132778038479587,,,,,,0.000250273736899734,,,,0.0198107304864696,0.00305803222274363,,,0.00302674800563116,,,0.0200297200062568,,,,0,0,0.0129985922102299,,,0.226669795088378,,,,,0,,,,0,0,,,0,0,0.345244798998905
0,0,2009,2009-09-27,212,Südpfalz,07,Rheinland-Pfalz,erststimme,214215,156149,152430,3719,0.728935882174451,cdu,,,0,,,,,,,,,0,,,,,0,,,0.406704716919242,0,0,,,,,,,,,0,,,,0,0,0.127474906514466,,0,,0,,,,0.0829036278947714,,,,,,,,0.0716788033851604,,,,,,0,,,,0.0211900544512235,0,,,0,,,0,,,,0,0,0,,,0.277419143213278,,,,,0,,,,0,0,,,0,0.0126287476218592,0.406704716919242
0,0,2009,2009-09-27,212,Südpfalz,07,Rheinland-Pfalz,zweitstimme,214215,156149,153120,3029,0.728935882174451,cdu,,,0,,,,,,,,,0,,,,,0,,,0.342979362591432,0,0,,,,,,,,,0,,,,0.000875130616509927,0.0123367293625914,0.171114158829676,,0,,0,,,,0.102109456635319,,,,,,,,0.0857954545454546,,,,,,0.000385318704284222,,,,0.0148380355276907,0.00397727272727273,,,0.00375522466039707,,,0.0216954022988506,,,,0,0,0.0129310344827586,,,0.227207419017764,,,,,0,,,,0,0,,,0,0,0.342979362591432
0,0,2009,2009-09-27,213,Altötting,09,Bayern,erststimme,166775,112507,110769,1738,0.674603507719982,csu,,,0,,,,,,,,,0,,,,,0.012359053525806,,,0,0,0.607426265471387,,,,,,,,,0,,,,0,0,0.0858362899367151,,0,,0,,,,0.0765286316568715,,,,,,,,0.0484070452924555,,,,,,0,,,,0.0184618440177306,0,,,0,,,0,,,,0,0,0,,,0.150980870099035,,,,,0,,,,0,0,,,0,0,0.607426265471387
0,0,2009,2009-09-27,213,Altötting,09,Bayern,zweitstimme,166775,112507,111286,1221,0.674603507719982,csu,,,0,,,,,,,,,0.0116546555721295,,,,,0.00277662958503316,,,0,0.00128497744550078,0.518591736606581,,,,,,,,,0,,,,0.000566108944521323,0.00708984059090991,0.125730100821307,,0,,0,,,,0.0801807954279963,,,,,,,,0.0506892151753141,,,,,,0.000179717125244865,,,,0.0121039483852416,0.013631543949823,,,0.00088959976996208,,,0.0170371834732132,,,,0,0.00646981650881513,0.00975863990079615,,,0.133269234225329,,,,,0.0058408065704581,,,,0.00225544992182305,0,,,0,0,0.518591736606581
0,0,2009,2009-09-27,214,Erding - Ebersberg,09,Bayern,erststimme,185961,140360,138132,2228,0.754781916638435,csu,,,0,,,,,,,,,0,,,,,0,,,0,0,0.488793328120928,,,,,,,,,0,,,,0,0,0.118965916659427,,0,,0,,,,0.127218892074248,,,,,,,,0.0439651927142154,,,,,,0,,,,0.0132988735412504,0.0287333854573886,,,0,,,0,,,,0,0,0,,,0.176657110589871,,,,,0,,,,0,0,,,0,0.00236730084267223,0.488793328120928
0,0,2009,2009-09-27,214,Erding - Ebersberg,09,Bayern,zweitstimme,185961,140360,139203,1157,0.754781916638435,csu,,,0,,,,,,,,,0.0103015021227991,,,,,0.0003879226740803,,,0,0.000818947867502856,0.438841116929951,,,,,,,,,0,,,,0.000431025193422556,0.00715501821081442,0.158717843724632,,0,,0,,,,0.125413963779516,,,,,,,,0.0450062139465385,,,,,,0.000251431362829824,,,,0.00731306078173603,0.0176217466577588,,,0.000653721543357543,,,0.0184047757591431,,,,0,0.0101721945647723,0.0122914017657665,,,0.137252789092189,,,,,0.00688921934153718,,,,0.00207610468165198,0,,,0,0,0.438841116929951
0,0,2009,2009-09-27,215,Freising,09,Bayern,erststimme,205531,149717,147594,2123,0.728439992020669,csu,,,0,,,,,,,,,0,,,,,0,,,0,0,0.469050232394271,,,,,,,,,0,,,,0,0,0.133548789246175,,0,,0,,,,0.172147919292112,,,,,,,,0.0558762551323225,,,,,,0,,,,0.0173313278317547,0,,,0,,,0,,,,0,0.0111793162323672,0,,,0.140866159870997,,,,,0,,,,0,0,,,0,0,0.469050232394271
0,0,2009,2009-09-27,215,Freising,09,Bayern,zweitstimme,205531,149717,148519,1198,0.728439992020669,csu,,,0,,,,,,,,,0.00942640335579959,,,,,0.00028952524592813,,,0,0.000801244285242966,0.446649923578801,,,,,,,,,0,,,,0.000444387586773409,0.00687454130447956,0.147105757512507,,0,,0,,,,0.123889872676223,,,,,,,,0.0546731394636377,,,,,,0.00020872750287842,,,,0.0121735266194898,0.0126448467872797,,,0.0010436375143921,,,0.0241248594455928,,,,0,0.0106451026467994,0.00605983072872831,,,0.134090587736249,,,,,0.00665234751109286,,,,0.00220173849810462,0,,,0,0,0.446649923578801
0,0,2009,2009-09-27,216,Fürstenfeldbruck,09,Bayern,erststimme,249131,190298,188127,2171,0.763847132633032,csu,,,0,,,,,,,,,0.0168609503154784,,,,,0,,,0,0,0.488749621266485,,,,,,,,,0,,,,0,0,0.111610773573171,,0,,0,,,,0.108139714129285,,,,,,,,0.0388620453204484,,,,,,0,,,,0.0109128407937191,0.016993839268154,,,0,,,0,,,,0,0.0130869040594917,0,,,0.190568073694898,,,,,0,,,,0,0,,,0,0.00421523757886959,0.488749621266485
0,0,2009,2009-09-27,216,Fürstenfeldbruck,09,Bayern,zweitstimme,249131,190298,188728,1570,0.763847132633032,csu,,,0,,,,,,,,,0.0107403247000975,,,,,0.000392098681700649,,,0,0.000747106947564749,0.426629858844475,,,,,,,,,0,,,,0.000556356237548218,0.00575431308549871,0.160649188249756,,0,,0,,,,0.12495761095333,,,,,,,,0.0475234199482854,,,,,,0.000196049340850324,,,,0.00813869696070535,0.0100779958458734,,,0.00083188504090543,,,0.019334703912509,,,,0,0.0118159467593574,0.00474227459624433,,,0.157549489211988,,,,,0.00715315162561994,,,,0.00220952905769149,0,,,0,0,0.426629858844475
0,0,2009,2009-09-27,217,Ingolstadt,09,Bayern,erststimme,252615,176318,173877,2441,0.697971221028047,csu,,,0,,,,,,,,,0,,,,,0.00380153786872329,,,0,0,0.572140076030757,,,,,,,,,0,,,,0,0,0.0813851170655118,,0,,0,,,,0.081517394480006,,,,,,,,0.0628950349960029,,,,,,0,,,,0.0190249429194201,0.0222801175543631,,,0,,,0,,,,0,0,0,,,0.154275723643725,,,,,0,,,,0,0,,,0,0.00268005544149025,0.572140076030757
0,0,2009,2009-09-27,217,Ingolstadt,09,Bayern,zweitstimme,252615,176318,174701,1617,0.697971221028047,csu,,,0,,,,,,,,,0.00773321274634948,,,,,0.000686887882725342,,,0,0.000835713590649166,0.496196358349408,,,,,,,,,0,,,,0.000492269649286495,0.00662274400261017,0.123445200657123,,0,,0,,,,0.0817568302413839,,,,,,,,0.0613448119930624,,,,,,0.000194618233438847,,,,0.0148138820041099,0.0133199008591823,,,0.00129936291148877,,,0.0197365784969748,,,,0,0.00338864688811169,0.00726383935982049,,,0.153845713533409,,,,,0.00571834162368847,,,,0.00130508697717815,0,,,0,0,0.496196358349408
0,0,2009,2009-09-27,218,München-Nord,09,Bayern,erststimme,220785,158045,156586,1459,0.715832144393867,csu,,,0,,,,,,,,,0,,,,,0.00138581993281647,,,0,0,0.365045406358167,,,,,,,,,0,,,,0,0,0.10068588507274,,0,,0,,,,0.097754588532819,,,,,,,,0.0496404531695043,,,,,,0.000785510837495051,,,,0.00977737473337335,0.0110610143946458,,,0,,,0,,,,0,0,0,,,0.355657593910056,,,,,0,,,,0,0,,,0,0.00820635305838325,0.365045406358167
0,0,2009,2009-09-27,218,München-Nord,09,Bayern,zweitstimme,220785,158045,156922,1123,0.715832144393867,csu,,,0,,,,,,,,,0.00478581715756873,,,,,0.000605396311543315,,,0,0.000541670384012439,0.309848204840622,,,,,,,,,0,,,,0.000465199270975389,0.00293776525917335,0.179637017116784,,0,,0,,,,0.174640904398364,,,,,,,,0.0682186054218019,,,,,,0.000446081492716127,,,,0.00711818610519876,0.00817603650221129,,,0.000611768904296402,,,0.0265354762238564,,,,0,0.00593925644587757,0.00307158970698819,,,0.19797733906017,,,,,0.00649367201539618,,,,0.00195001338244478,0,,,0,0,0.309848204840622
0,0,2009,2009-09-27,219,München-Ost,09,Bayern,erststimme,231017,170334,168865,1469,0.737322361557807,csu,,,0,,,,,,,,,0.00932105528084564,,,,,0.00130873774908951,,,0,0,0.363675125099932,,,,,,,,,0,,,,0,0,0.142255648002843,,0,,0,,,,0.128635300387884,,,,,,,,0.0539424984455038,,,,,,0,,,,0.00761555088384212,0.0127142984040506,,,0,,,0,,,,0,0.00956977467207533,0,,,0.265993545139609,,,,,0,,,,0,0,,,0,0.00496846593432624,0.363675125099932
0,0,2009,2009-09-27,219,München-Ost,09,Bayern,zweitstimme,231017,170334,169306,1028,0.737322361557807,csu,,,0,,,,,,,,,0.00637307596895562,,,,,0.000750121082536945,,,0,0.000490236612996586,0.329899708220618,,,,,,,,,0,,,,0.000437078426045149,0.00322493000838718,0.186236754751751,,0,,0,,,,0.162226973645352,,,,,,,,0.0649474915242224,,,,,,0.000301229726058143,,,,0.00613091089506574,0.00757799487318819,,,0.000626085312983592,,,0.0219425182805098,,,,0,0.00802097976445017,0.00259293823018676,,,0.189650691647077,,,,,0.00649120527329215,,,,0.00207907575632287,0,,,0,0,0.329899708220618
0,0,2009,2009-09-27,220,München-Süd,09,Bayern,erststimme,211617,155666,154120,1546,0.735602527207171,csu,,,0,,,,,,,,,0,,,,,0.0029846872566831,,,0,0,0.381838826888139,,,,,,,,,0,,,,0,0,0.110517778354529,,0,,0,,,,0.133058655593044,,,,,,,,0.0536335323124838,,,,,,0,,,,0.0083636127692707,0.0136062808201401,,,0,,,0,,,,0,0,0,,,0.284421230210226,,,,,0,,,,0,0,,,0,0.011575395795484,0.381838826888139
0,0,2009,2009-09-27,220,München-Süd,09,Bayern,zweitstimme,211617,155666,154666,1000,0.735602527207171,csu,,,0,,,,,,,,,0.00525648817451799,,,,,0.000956900676296019,,,0,0.000717675507222014,0.330156595502567,,,,,,,,,0,,,,0.000407329341936819,0.00318751373928336,0.165517954818771,,0,,0,,,,0.169520127241928,,,,,,,,0.0685541748024776,,,,,,0.000349139435945845,,,,0.00693752990314613,0.00799141375609378,,,0.00098922840184656,,,0.0234311354790322,,,,0,0.00760348104948728,0.00325216919038444,,,0.196571967982621,,,,,0.00649787283565877,,,,0.00210130216078518,0,,,0,0,0.330156595502567
0,0,2009,2009-09-27,221,München-West/Mitte,09,Bayern,erststimme,231682,173138,171577,1561,0.747308811215373,csu,,,0,,,,,,,,,0,,,,,0.00240125424736416,,,0,0,0.367619203040035,,,,,,,,,0,,,,0,0,0.119141843020918,,0,,0,,,,0.145514841732866,,,,,,,,0.0563303939339189,,,,,,0,,,,0.00823536954253775,0.0152875968224179,,,0,,,0,,,,0,0,0,,,0.2745181463716,,,,,0,,,,0,0,,,0,0.0109513512883428,0.367619203040035
0,0,2009,2009-09-27,221,München-West/Mitte,09,Bayern,zweitstimme,231682,173138,172052,1086,0.747308811215373,csu,,,0,,,,,,,,,0.00539953037453793,,,,,0.000813707483783972,,,0,0.000680026968590891,0.312777532373933,,,,,,,,,0,,,,0.000401041545579244,0.00306883965312812,0.170617022760561,,0,,0,,,,0.19377862506684,,,,,,,,0.0673459186757492,,,,,,0.000191802478320508,,,,0.0059807500058122,0.00900890428475112,,,0.000929951410038825,,,0.0235103340850441,,,,0,0.0062132378583219,0.00289447376374584,,,0.18778043847209,,,,,0.00650965987027178,,,,0.0020982028689001,0,,,0,0,0.312777532373933
0,0,2009,2009-09-27,222,München-Land,09,Bayern,erststimme,233952,185115,183399,1716,0.791252051702914,csu,,,0,,,,,,,,,0,,,,,0,,,0,0,0.457232591235503,,,,,,,,,0,,,,0,0.0107688700592697,0.134319162045595,,0.00374047841046025,,0,,,,0.132966919121696,,,,,,,,0.0376992240960965,,,,,,0,,,,0.00806983680390842,0.0110524048658935,,,0,,,0,,,,0,0.00892044122377985,0,,,0.195230072137798,,,,,0,,,,0,0,,,0,0,0.457232591235503
0,0,2009,2009-09-27,222,München-Land,09,Bayern,zweitstimme,233952,185115,184005,1110,0.791252051702914,csu,,,0,,,,,,,,,0.00552158908725306,,,,,0.000309774190918725,,,0,0.000423901524415097,0.398212005108557,,,,,,,,,0,,,,0.000467378603842287,0.00597266378631016,0.19677726148746,,0,,0,,,,0.127349800277166,,,,,,,,0.0452052933344203,,,,,,0.000108692698567974,,,,0.00597266378631016,0.00797260943996087,,,0.000554332762696666,,,0.0182495040895628,,,,0,0.00779326648732372,0.00421184206950898,,,0.167256324556398,,,,,0.00589114426238418,,,,0.00174995244694438,0,,,0,0,0.398212005108557
0,0,2009,2009-09-27,223,Rosenheim,09,Bayern,erststimme,226483,161912,159825,2087,0.714896923830928,csu,,,0,,,,,,,,,0.022599718442046,,,,,0.00234631628343501,,,0,0,0.514969497888315,,,,,,,,,0,,,,0,0,0.0922571562646645,,0,,0,,,,0.122002189895198,,,,,,,,0.0373345847020178,,,,,,0,,,,0.00733302049116221,0.0244329735648365,,,0,,,0,,,,0,0.0109432191459409,0.0216173940247145,,,0.144163929297669,,,,,0,,,,0,0,,,0,0,0.514969497888315
0,0,2009,2009-09-27,223,Rosenheim,09,Bayern,zweitstimme,226483,161912,160368,1544,0.714896923830928,csu,,,0,,,,,,,,,0.0165806145864512,,,,,0.00120348199141973,,,0,0.001215953307393,0.466801356879178,,,,,,,,,0,,,,0.000455203033024045,0.00577421929562007,0.144829392397486,,0,,0,,,,0.113850643519904,,,,,,,,0.0441110445974259,,,,,,0.000212012371545445,,,,0.00739549037214407,0.0166429711663175,,,0.000929113040007982,,,0.0156078519405368,,,,0,0.00998952409458246,0.018457547640427,,,0.127082709767535,,,,,0.0060236456150853,,,,0.00283722438391699,0,,,0,0,0.466801356879178
0,0,2009,2009-09-27,224,Starnberg,09,Bayern,erststimme,251039,190092,187569,2523,0.757220989567358,csu,,,0,,,,,,,,,0,,,,,0,,,0,0,0.539859998187334,,,,,,,,,0,,,,0,0,0.145813007479914,,0,,0,,,,0.105609135838012,,,,,,,,0.0384658445691985,,,,,,0,,,,0.012171520880316,0,,,0,,,0,,,,0,0,0,,,0.158080493045226,,,,,0,,,,0,0,,,0,0,0.539859998187334
0,0,2009,2009-09-27,224,Starnberg,09,Bayern,zweitstimme,251039,190092,188598,1494,0.757220989567358,csu,,,0,,,,,,,,,0.0105780549104444,,,,,0.000387066670908493,,,0,0.000869574438753327,0.4429792468637,,,,,,,,,0,,,,0.000562042015291785,0.00501595987232102,0.191126098898186,,0,,0,,,,0.122535763899935,,,,,,,,0.040854091771917,,,,,,0.000174975344383291,,,,0.00771482200235421,0.00935852978292453,,,0.000758226492327596,,,0.0144434193363662,,,,0,0.0110340512624736,0.00426303566315656,,,0.128092556654896,,,,,0.00643697176003987,,,,0.00281551235962205,0,,,0,0,0.4429792468637
0,0,2009,2009-09-27,225,Traunstein,09,Bayern,erststimme,205115,142584,140618,1966,0.69514174975014,csu,,,0,,,,,,,,,0.0203387901975565,,,,,0.00432377078325677,,,0,0,0.54574094354919,,,,,,,,,0,,,,0,0,0.0721244790851811,,0.00532648736292651,,0,,,,0.115120397104211,,,,,,,,0.0437781791804748,,,,,,0,,,,0.014670952509636,0.0171315194356341,,,0,,,0,,,,0,0.00921645877483679,0,,,0.152228022017096,,,,,0,,,,0,0,,,0,0,0.54574094354919
0,0,2009,2009-09-27,225,Traunstein,09,Bayern,zweitstimme,205115,142584,141182,1402,0.69514174975014,csu,,,0,,,,,,,,,0.0153206499412106,,,,,0.00098454477199643,,,0,0.0017636809224972,0.487923389667238,,,,,,,,,0,,,,0.00050289696986868,0.00514938164921874,0.129216189032596,,0,,0,,,,0.115744216684847,,,,,,,,0.0504455242169682,,,,,,0.000113328894618294,,,,0.0116232947542888,0.0136490487455908,,,0.00173534869884263,,,0.0132311484466858,,,,0,0.00841467042540834,0.0100579393973736,,,0.125702993299429,,,,,0.00611976030938788,,,,0.0023019931719341,0,,,0,0,0.487923389667238
0,0,2009,2009-09-27,226,Weilheim,09,Bayern,erststimme,249153,183832,181393,2439,0.737827760452413,csu,,,0,,,,,,,,,0.0187383195602917,,,,,0,,,0,0,0.519876731737167,,,,,,,,,0,,,,0,0,0.105163925840578,,0,,0,,,,0.118615382070973,,,,,,,,0.0417215658818146,,,,,,0,,,,0.0103807754433743,0.0248686553505372,,,0,,,0,,,,0,0.010590265335487,0,,,0.142750822799116,,,,,0,,,,0,0,,,0,0.00729355598066078,0.519876731737167
0,0,2009,2009-09-27,226,Weilheim,09,Bayern,zweitstimme,249153,183832,182128,1704,0.737827760452413,csu,,,0,,,,,,,,,0.0150443644030572,,,,,0.000312966704735131,,,0,0.00105969428094527,0.456041904594571,,,,,,,,,0,,,,0.000499648598787666,0.00690173943600105,0.158740007028024,,0,,0,,,,0.114595229728543,,,,,,,,0.0488502591583941,,,,,,0.000153738030396205,,,,0.00824145655802513,0.0179928402002987,,,0.00120245102345603,,,0.0170100149345515,,,,0,0.0107946059913907,0.00458468769217254,,,0.12909602038127,,,,,0.00619344636738997,,,,0.00268492488799086,0,,,0,0,0.456041904594571
0,0,2009,2009-09-27,227,Deggendorf,09,Bayern,erststimme,154767,94922,93398,1524,0.61332196140004,csu,,,0,,,,,,,,,0,,,,,0,,,0,0,0.528897835071415,,,,,,,,,0,,,,0,0,0.118471487612154,,0.0106212124456626,,0,,,,0.0719180282233024,,,,,,,,0.0733527484528577,,,,,,0,,,,0.0325381699822266,0,,,0,,,0,,,,0,0,0,,,0.164200518212381,,,,,0,,,,0,0,,,0,0,0.528897835071415
0,0,2009,2009-09-27,227,Deggendorf,09,Bayern,zweitstimme,154767,94922,93873,1049,0.61332196140004,csu,,,0,,,,,,,,,0.0129217133787138,,,,,0.000266317258423615,,,0,0.00119310131773779,0.464755574020219,,,,,,,,,0,,,,0.000490023755499451,0.00730774557114399,0.143651529193698,,0,,0,,,,0.0659295004953501,,,,,,,,0.0802786743792145,,,,,,0.000181095735728058,,,,0.0233293918379087,0.0125488692169207,,,0.00117179593706391,,,0.0123571207908557,,,,0,0.00547548283318952,0.0154357482982327,,,0.144993768176153,,,,,0.00572049471093925,,,,0.00199205309300864,0,,,0,0,0.464755574020219
0,0,2009,2009-09-27,228,Landshut,09,Bayern,erststimme,246833,171065,168247,2818,0.693039423415832,csu,,,0,,,,,,,,,0,,,,,0,,,0,0,0.504930251356636,,,,,,,,,0,,,,0,0,0.136347156264302,,0,,0,,,,0.101832424946656,,,,,,,,0.0556443799889448,,,,,,0,,,,0.0195843016517382,0.0240776952932296,,,0,,,0,,,,0,0,0,,,0.150594067056173,,,,,0,,,,0.00698972344231992,0,,,0,0,0.504930251356636
0,0,2009,2009-09-27,228,Landshut,09,Bayern,zweitstimme,246833,171065,169481,1584,0.693039423415832,csu,,,0,,,,,,,,,0.00824281187861766,,,,,0.000241915022922924,,,0,0.000914556793976906,0.486579616594191,,,,,,,,,0,,,,0.000472029313020339,0.00679722210749288,0.141791705264897,,0,,0,,,,0.088517296924139,,,,,,,,0.0563721007074539,,,,,,0.000165210259557119,,,,0.0140015694974658,0.0155474654976074,,,0.00076704763365805,,,0.0167747417114603,,,,0,0.00415975832099173,0.00810120308471156,,,0.139449259799034,,,,,0.00691522943574796,,,,0.00418926015305551,0,,,0,0,0.486579616594191
0,0,2009,2009-09-27,229,Passau,09,Bayern,erststimme,186068,118249,116713,1536,0.635514973020616,csu,,,0,,,,,,,,,0,,,,,0,,,0,0,0.465029602529281,,,,,,,,,0,,,,0,0,0.189087762288691,,0,,0,,,,0.0751158825495018,,,,,,,,0.0789714941780265,,,,,,0,,,,0.0222768671870314,0.027520499001825,,,0,,,0,,,,0,0,0,,,0.141997892265643,,,,,0,,,,0,0,,,0,0,0.465029602529281
0,0,2009,2009-09-27,229,Passau,09,Bayern,zweitstimme,186068,118249,117125,1124,0.635514973020616,csu,,,0,,,,,,,,,0.00778655282817503,,,,,0.000341515474919957,,,0,0.000990394877267876,0.448034151547492,,,,,,,,,0,,,,0.000614727854855923,0.00673639274279616,0.155406616862327,,0,,0,,,,0.0773020277481323,,,,,,,,0.0785314834578442,,,,,,0.000153681963713981,,,,0.0177331910352188,0.0204226254002134,,,0.000853788687299893,,,0.0138143009605123,,,,0,0.00467022411953042,0.00676200640341516,,,0.15174386339381,,,,,0.00617289220917823,,,,0.00192956243329776,0,,,0,0,0.448034151547492
0,0,2009,2009-09-27,230,Rottal-Inn,09,Bayern,erststimme,162109,104487,102435,2052,0.644547804255162,csu,,,0,,,,,,,,,0,,,,,0.00509591448235466,,,0,0,0.535988675745595,,,,,,,,,0,,,,0,0,0.100600380729243,,0,,0,,,,0.0568946160980134,,,,,,,,0.0475228193488554,,,,,,0,,,,0.01701566847269,0.0451603455850051,,,0,,,0,,,,0,0,0.0167813735539611,,,0.174940205984283,,,,,0,,,,0,0,,,0,0,0.535988675745595
0,0,2009,2009-09-27,230,Rottal-Inn,09,Bayern,zweitstimme,162109,104487,103260,1227,0.644547804255162,csu,,,0,,,,,,,,,0.011040092969204,,,,,0.00120085221770289,,,0,0.00152043385628511,0.500697269029634,,,,,,,,,0,,,,0.00052295177222545,0.00652721286073988,0.139056749951579,,0,,0,,,,0.0657176060429983,,,,,,,,0.0556072051133062,,,,,,0.000193685841564982,,,,0.0170540383497966,0.0239395700174317,,,0.000571373232616696,,,0.0134805345729227,,,,0,0.00470656595002905,0.0134417974046097,,,0.137042417199303,,,,,0.0058008909548712,,,,0.00187875266318032,0,,,0,0,0.500697269029634
0,0,2009,2009-09-27,231,Straubing,09,Bayern,erststimme,173068,112708,111087,1621,0.651235352578177,csu,,,0,,,,,,,,,0,,,,,0,,,0,0,0.554268276215939,,,,,,,,,0,,,,0,0,0.0778668971166743,,0,,0,,,,0.0393565403692601,,,,,,,,0.048700568023261,,,,,,0,,,,0.0226759206747864,0.0273659384086347,,,0,,,0,,,,0,0,0,,,0.224346683230261,,,,,0,,,,0,0,,,0,0.00541917596118358,0.554268276215939
0,0,2009,2009-09-27,231,Straubing,09,Bayern,zweitstimme,173068,112708,111363,1345,0.651235352578177,csu,,,0,,,,,,,,,0.0110629203595449,,,,,0.000251430008171475,,,0,0.000835106812855257,0.501459192011709,,,,,,,,,0,,,,0.000422043228002119,0.00693228451101353,0.136777924445283,,0,,0,,,,0.053204385657714,,,,,,,,0.065165270332157,,,,,,0.000116735360936756,,,,0.0187225559656259,0.025421369754766,,,0.000619595377279707,,,0.0137029354453454,,,,0,0.00479512944155599,0.0112963910814184,,,0.142031015687437,,,,,0.00564819554070921,,,,0.0015355189784758,0,,,0,0,0.501459192011709
0,0,2009,2009-09-27,232,Amberg,09,Bayern,erststimme,214616,153659,150345,3314,0.715971782159764,csu,,,0,,,,,,,,,0,,,,,0,,,0,0,0.473231567394992,,,,,,,,,0,,,,0,0,0.125857195117896,,0,,0,,,,0.092008380724334,,,,,,,,0.0701320296651036,,,,,,0,,,,0.0253949250058199,0,,,0,,,0,,,,0,0.00993049319897569,0,,,0.20344540889288,,,,,0,,,,0,0,,,0,0,0.473231567394992
0,0,2009,2009-09-27,232,Amberg,09,Bayern,zweitstimme,214616,153659,151979,1680,0.715971782159764,csu,,,0,,,,,,,,,0.0067509326946486,,,,,0.000407951098507031,,,0,0.00130281157265148,0.451286032938761,,,,,,,,,0,,,,0.000690884924890939,0.00844853565295205,0.127767652109831,,0,,0,,,,0.084268221267412,,,,,,,,0.0699372939682456,,,,,,0.000243454687818712,,,,0.0186802123977655,0.0137058409385507,,,0.00153968640404266,,,0.0242533507918857,,,,0,0.00847485507866218,0.0060074089183374,,,0.168483803683404,,,,,0.0063495614525691,,,,0.00140150941906448,0,,,0,0,0.451286032938761
0,0,2009,2009-09-27,233,Regensburg,09,Bayern,erststimme,243083,171002,169069,1933,0.703471653714986,csu,,,0,,,,,,,,,0,,,,,0,,,0,0,0.447468193459475,,,,,,,,,0,,,,0,0,0.127864954545186,,0,,0,,,,0.0874435881208264,,,,,,,,0.0621876275366862,,,,,,0,,,,0.0162832926201728,0.0260840248655874,,,0,,,0.0171705043502948,,,,0,0.00725739195239813,0,,,0.208240422549373,,,,,0,,,,0,0,,,0,0,0.447468193459475
0,0,2009,2009-09-27,233,Regensburg,09,Bayern,zweitstimme,243083,171002,169547,1455,0.703471653714986,csu,,,0,,,,,,,,,0.00635811898765534,,,,,0.000401068730204604,,,0,0.000760850973476381,0.425368776799354,,,,,,,,,0,,,,0.000595705025745074,0.00611629813562021,0.135643803783022,,0,,0,,,,0.108188289972692,,,,,,,,0.0675505906916666,,,,,,0.000235922782473297,,,,0.0135478657835291,0.0163494488253994,,,0.000902404642960359,,,0.0210325160574944,,,,0,0.00690663945690575,0.00648787651801565,,,0.173255793378827,,,,,0.00776185954337146,,,,0.00253616991158794,0,,,0,0,0.425368776799354
0,0,2009,2009-09-27,234,Schwandorf,09,Bayern,erststimme,216044,143939,141788,2151,0.666248541963674,csu,,,0,,,,,,,,,0,,,,,0,,,0,0,0.513379129404463,,,,,,,,,0,,,,0,0,0.0779896747256468,,0,,0,,,,0.0453000253900189,,,,,,,,0.0662679493328067,,,,,,0,,,,0.0244237876265975,0.0199593759697577,,,0,,,0,,,,0,0,0,,,0.242058566310266,,,,,0,,,,0,0,,,0,0.0106214912404435,0.513379129404463
0,0,2009,2009-09-27,234,Schwandorf,09,Bayern,zweitstimme,216044,143939,141982,1957,0.666248541963674,csu,,,0,,,,,,,,,0.00907157245284614,,,,,0.000345114169401755,,,0,0.00159175106703667,0.471545688890141,,,,,,,,,0,,,,0.000662055753546224,0.00862785423504388,0.116585200940964,,0,,0,,,,0.0604301953768788,,,,,,,,0.0796579848149766,,,,,,0.000154949218915074,,,,0.021270301869251,0.0162344522545111,,,0.00111986026397712,,,0.0159808989871956,,,,0,0.00535983434519869,0.00834612838247102,,,0.174867236691975,,,,,0.0068036793396346,,,,0.00134524094603541,0,,,0,0,0.471545688890141
0,0,2009,2009-09-27,235,Weiden,09,Bayern,erststimme,172011,124026,122167,1859,0.721035282627274,csu,,,0,,,,,,,,,0,,,,,0,,,0,0,0.449311188782568,,,,,,,,,0,,,,0,0,0.070919315363396,,0,,0,,,,0.0493668502950879,,,,,,,,0.0537542871642915,,,,,,0,,,,0.024507436541783,0.0127939623629949,,,0,,,0,,,,0,0,0,,,0.198588816947293,,,,,0,,,,0,0,,,0,0.140758142542585,0.449311188782568
0,0,2009,2009-09-27,235,Weiden,09,Bayern,zweitstimme,172011,124026,121756,2270,0.721035282627274,csu,,,0,,,,,,,,,0.00865665757744998,,,,,0.00027103387102073,,,0,0.00182331876868491,0.443583889089655,,,,,,,,,0,,,,0.000484575708794638,0.00929728309077171,0.117218042642662,,0,,0,,,,0.0661979697099116,,,,,,,,0.0746821511876212,,,,,,0.000172476099740465,,,,0.0252225763001413,0.012853576004468,,,0.000887019941522389,,,0.0181264167679622,,,,0,0.0052728407634942,0.00569171129143533,,,0.200951082492855,,,,,0.00716186471303262,,,,0.00144551397877723,0,,,0,0,0.443583889089655
0,0,2009,2009-09-27,236,Bamberg,09,Bayern,erststimme,177197,129049,127486,1563,0.728279824150522,csu,,,0,,,,,,,,,0.0122523257455721,,,,,0,,,0,0,0.490626421724738,,,,,,,,,0,,,,0,0,0.106599940385611,,0,,0,,,,0.0919787270759142,,,,,,,,0.0596222330295091,,,,,,0,,,,0.0148957532591814,0,,,0,,,0,,,,0,0,0.0173587688059865,,,0.204289098410806,,,,,0,,,,0,0,,,0,0.00237673156268139,0.490626421724738
0,0,2009,2009-09-27,236,Bamberg,09,Bayern,zweitstimme,177197,129049,127879,1170,0.728279824150522,csu,,,0,,,,,,,,,0.00602131702625138,,,,,0.000258056443982202,,,0,0.00107914512938012,0.449119871128176,,,,,,,,,0,,,,0.00043009407330367,0.00829690566863989,0.137027971754549,,0,,0,,,,0.105662383972349,,,,,,,,0.0650302238835149,,,,,,0.000453553750029325,,,,0.0137551904534756,0.00589619875038122,,,0.00147013974147436,,,0.023780292307572,,,,0,0.00558340306070582,0.0151471312725311,,,0.152902353005576,,,,,0.00617771487108908,,,,0.00190805370701992,0,,,0,0,0.449119871128176
0,0,2009,2009-09-27,237,Bayreuth,09,Bayern,erststimme,164344,117290,115636,1654,0.713685927079784,csu,,,0,,,,,,,,,0,,,,,0,,,0,0,0.508907260714656,,,,,,,,,0,,,,0,0,0.0855961811200664,,0,,0,,,,0.113251928465184,,,,,,,,0.0546369642671832,,,,,,0,,,,0.0147099519180878,0,,,0,,,0,,,,0,0,0.016041717112318,,,0.206855996402504,,,,,0,,,,0,0,,,0,0,0.508907260714656
0,0,2009,2009-09-27,237,Bayreuth,09,Bayern,zweitstimme,164344,117290,116316,974,0.713685927079784,csu,,,0,,,,,,,,,0.00355926957598267,,,,,0.000257918085216135,,,0,0.00112624230544379,0.439526806286323,,,,,,,,,0,,,,0.000429863475360226,0.00703256645689329,0.138123731902748,,0,,0,,,,0.0940283366002958,,,,,,,,0.059020255166959,,,,,,0.00017194539014409,,,,0.0136954503249768,0.00511537535678669,,,0.00251899996561092,,,0.020642044086798,,,,0,0.00490044361910657,0.0130678496509509,,,0.189294680009629,,,,,0.00593211595997111,,,,0.00155610578080402,0,,,0,0,0.439526806286323
0,0,2009,2009-09-27,238,Coburg,09,Bayern,erststimme,162834,115851,114067,1784,0.711466892663694,csu,,,0,,,,,,,,,0,,,,,0,,,0,0,0.483698177386974,,,,,,,,,0,,,,0,0,0.0771914751856365,,0,,0,,,,0.0822323722023022,,,,,,,,0.0655316612166534,,,,,,0,,,,0.0243278073412994,0.0108182033366355,,,0,,,0,,,,0,0,0,,,0.25320206545276,,,,,0,,,,0,0,,,0,0.00299823787773852,0.483698177386974
0,0,2009,2009-09-27,238,Coburg,09,Bayern,zweitstimme,162834,115851,114579,1272,0.711466892663694,csu,,,0,,,,,,,,,0.00227790432801822,,,,,0.000218190069733546,,,0,0.00061093219525393,0.429816982169507,,,,,,,,,0,,,,0.000488745756203144,0.00620532558322206,0.116932422171602,,0,,0,,,,0.0759912374867995,,,,,,,,0.0708332242382985,,,,,,0.000305466097626965,,,,0.020806605049791,0.00608313914417127,,,0.00201607624433797,,,0.0182668726380925,,,,0,0.00263573604238124,0.0053587481126559,,,0.234501959346826,,,,,0.00521037886523709,,,,0.00144005446024141,0,,,0,0,0.429816982169507
0,0,2009,2009-09-27,239,Hof,09,Bayern,erststimme,180735,126096,124039,2057,0.697684455141506,csu,,,0,,,,,,,,,0,,,,,0,,,0,0,0.46462806052935,,,,,,,,,0,,,,0,0,0.0774272607808834,,0,,0,,,,0.0749925426680318,,,,,,,,0.0805714331782746,,,,,,0,,,,0.0249437676859697,0,,,0,,,0,,,,0,0,0,,,0.272196647828506,,,,,0,,,,0,0,,,0,0.00524028732898524,0.46462806052935
0,0,2009,2009-09-27,239,Hof,09,Bayern,zweitstimme,180735,126096,124361,1735,0.697684455141506,csu,,,0,,,,,,,,,0.00391601868753066,,,,,0.000394014200593434,,,0,0.000892562780936146,0.415411584017497,,,,,,,,,0,,,,0.000747822870514068,0.00803306502842531,0.112864965704682,,0,,0,,,,0.0697807190357106,,,,,,,,0.0848336697196066,,,,,,0.000249274290171356,,,,0.0197650388787482,0.00389189536912698,,,0.00410900523476009,,,0.0180764065904906,,,,0,0.00492115695435064,0.00736565321925684,,,0.235322971027895,,,,,0.00808131166523267,,,,0.0013428647244715,0,,,0,0,0.415411584017497
0,0,2009,2009-09-27,240,Kulmbach,09,Bayern,erststimme,173473,128501,127303,1198,0.740755045453759,csu,,,0,,,,,,,,,0,,,,,0,,,0,0,0.680722371036032,,,,,,,,,0,,,,0,0,0.0383730155612986,,0,,0,,,,0.0470138174277118,,,,,,,,0.0520333377846555,,,,,,0,,,,0.0237779156814843,0.0110523711145849,,,0,,,0,,,,0,0,0,,,0.147027171394233,,,,,0,,,,0,0,,,0,0,0.680722371036032
0,0,2009,2009-09-27,240,Kulmbach,09,Bayern,zweitstimme,173473,128501,127117,1384,0.740755045453759,csu,,,0,,,,,,,,,0.00429525555197181,,,,,0.000377604883689829,,,0,0.000881078061942935,0.494662397633676,,,,,,,,,0,,,,0.000464139336202082,0.00822077298866399,0.114225477316173,,0,,0,,,,0.0686847549894979,,,,,,,,0.063233084481226,,,,,,0.000196669210255119,,,,0.0210986728761692,0.00858264433553341,,,0.00203749301824304,,,0.0183453039325975,,,,0,0.00518420038232495,0.0095581236183988,,,0.171991157752307,,,,,0.00650581747523935,,,,0.00145535215588788,0,,,0,0,0.494662397633676
0,0,2009,2009-09-27,241,Ansbach,09,Bayern,erststimme,243953,171989,169436,2553,0.705008751685776,csu,,,0,,,,,,,,,0,,,,,0,,,0,0,0.473565239972615,,,,,,,,,0,,,,0,0,0.102374938029699,,0,,0,,,,0.0829457730352464,,,,,,,,0.0544807478930098,,,,,,0,,,,0.0226339148705116,0.0215892726457187,,,0,,,0.0191694799216223,,,,0,0,0,,,0.219156495667981,,,,,0,,,,0,0,,,0,0.00408413796359687,0.473565239972615
0,0,2009,2009-09-27,241,Ansbach,09,Bayern,zweitstimme,243953,171989,169870,2119,0.705008751685776,csu,,,0,,,,,,,,,0.00325543062341791,,,,,0.000247247895449461,,,0,0.00110084182021546,0.401059633837641,,,,,,,,,0,,,,0.000753517395655501,0.00894801907340908,0.136704538764938,,0,,0,,,,0.101807264378642,,,,,,,,0.0716783422617296,,,,,,0.000217813622181668,,,,0.0177959616177077,0.015670807087773,,,0.00363807617589922,,,0.0206746335432978,,,,0,0.00682286454347442,0.00765879790427974,,,0.193365514805439,,,,,0.00624595278742568,,,,0.00235474186142344,0,,,0,0,0.401059633837641
0,0,2009,2009-09-27,242,Erlangen,09,Bayern,erststimme,177261,135845,134510,1335,0.766355825590513,csu,,,0,,,,,,,,,0,,,,,0,,,0,0,0.451156047877481,,,,,,,,,0,,,,0,0.0144673258493792,0.0946844100810349,,0,,0,,,,0.111783510519664,,,,,,,,0.0615195896215895,,,,,,0,,,,0.0118652888261096,0.0125343840606646,,,0,,,0,,,,0,0,0,,,0.239900379153966,,,,,0,,,,0,0,,,0,0.00208906401011077,0.451156047877481
0,0,2009,2009-09-27,242,Erlangen,09,Bayern,zweitstimme,177261,135845,134754,1091,0.766355825590513,csu,,,0,,,,,,,,,0.00228564643721151,,,,,0.000274574409665019,,,0,0.000519465099366253,0.360300992920433,,,,,,,,,0,,,,0.000371046499547323,0.00812591834008638,0.148774804458495,,0,,0,,,,0.133895839826647,,,,,,,,0.0654600234501388,,,,,,0.000333941849592591,,,,0.0101073066476691,0.00873443459934399,,,0.00154355343811687,,,0.0303961292429167,,,,0,0.00737640441100079,0.00442287427460409,,,0.209626430384256,,,,,0.00589221841281149,,,,0.00155839529809876,0,,,0,0,0.360300992920433
0,0,2009,2009-09-27,243,Fürth,09,Bayern,erststimme,249703,179941,177429,2512,0.72062009667485,csu,,,0,,,,,,,,,0,,,,,0,,,0,0,0.433395893568695,,,,,,,,,0,,,,0,0,0.0865754752605267,,0.0115088288836661,,0,,,,0.0964273033156925,,,,,,,,0.0777663177947235,,,,,,0,,,,0.0200136392585203,0,,,0,,,0.0234798144609957,,,,0,0,0,,,0.25083272745718,,,,,0,,,,0,0,,,0,0,0.433395893568695
0,0,2009,2009-09-27,243,Fürth,09,Bayern,zweitstimme,249703,179941,177911,2030,0.72062009667485,csu,,,0,,,,,,,,,0.00276542765764905,,,,,0.00037097200285536,,,0,0.00079815188493123,0.356312987954651,,,,,,,,,0,,,,0.000764427157398924,0.00849863133814098,0.140396040716988,,0,,0,,,,0.114180685848542,,,,,,,,0.0824400964527207,,,,,,0.00037097200285536,,,,0.0152548184204462,0.00904946855450197,,,0.00220896965336601,,,0.0283006671875263,,,,0,0.00901574382696966,0.00703160569048569,,,0.212578199211966,,,,,0.00761616763437899,,,,0.00204596680362653,0,,,0,0,0.356312987954651
0,0,2009,2009-09-27,244,Nürnberg-Nord,09,Bayern,erststimme,189738,135154,133582,1572,0.71231909264354,csu,,,0,,,,,,,,,0,,,,,0,,,0,0,0.36638918417152,,,,,,,,,0,,,,0,0,0.0797412825081223,,0,,0,,,,0.112612477729035,,,,,,,,0.0817699989519546,,,,,,0.00139988920662964,,,,0.0173676094084532,0,,,0,,,0.0319504124807235,,,,0,0,0,,,0.308769145543561,,,,,0,,,,0,0,,,0,0,0.36638918417152
0,0,2009,2009-09-27,244,Nürnberg-Nord,09,Bayern,zweitstimme,189738,135154,133964,1190,0.71231909264354,csu,,,0,,,,,,,,,0.00173927323758622,,,,,0.000388163984354006,,,0,0.000664357588605894,0.299289361320952,,,,,,,,,0,,,,0.000589710668537816,0.00462810904422084,0.138305813502135,,0,,0,,,,0.156265862470514,,,,,,,,0.0937117434534651,,,,,,0.000791257352721627,,,,0.0136977098324923,0.00632259412976621,,,0.00125406825714371,,,0.0368755785136305,,,,0,0.00806933205935923,0.00456092681615957,,,0.222082051894539,,,,,0.00842763727568601,,,,0.00233644859813084,0,,,0,0,0.299289361320952
0,0,2009,2009-09-27,245,Nürnberg-Süd,09,Bayern,erststimme,184672,124786,123097,1689,0.67571694680298,csu,,,0,,,,,,,,,0,,,,,0,,,0,0,0.386028904035029,,,,,,,,,0,,,,0,0,0.0852823383185618,,0,,0,,,,0.0816266846470669,,,,,,,,0.0876869460669228,,,,,,0,,,,0.0254758442529062,0,,,0,,,0.0215521093121685,,,,0,0.0104795405249519,0,,,0.301867632842393,,,,,0,,,,0,0,,,0,0,0.386028904035029
0,0,2009,2009-09-27,245,Nürnberg-Süd,09,Bayern,zweitstimme,184672,124786,123415,1371,0.67571694680298,csu,,,0,,,,,,,,,0.00216343232184094,,,,,0.000356520682250942,,,0,0.000688733136166592,0.345541465786169,,,,,,,,,0,,,,0.00064821942227444,0.00628772839606207,0.118235222622858,,0,,0,,,,0.0989344893246364,,,,,,,,0.09478588502208,,,,,,0.000502370052262691,,,,0.0206457885994409,0.00610136531215817,,,0.00169347324069197,,,0.0260908317465462,,,,0,0.0121541141676457,0.00609326256937974,,,0.249288984321193,,,,,0.00766519466839525,,,,0.00212291860794879,0,,,0,0,0.345541465786169
0,0,2009,2009-09-27,246,Roth,09,Bayern,erststimme,224946,171076,168820,2256,0.760520302650414,csu,,,0,,,,,,,,,0,,,,,0,,,0,0,0.445918730008293,,,,,,,,,0,,,,0,0,0.111414524345457,,0,,0,,,,0.0978616277692216,,,,,,,,0.0569245350077005,,,,,,0,,,,0.0194822888283379,0,,,0,,,0.018984717450539,,,,0,0.00972633574221064,0,,,0.239687240848241,,,,,0,,,,0,0,,,0,0,0.445918730008293
0,0,2009,2009-09-27,246,Roth,09,Bayern,zweitstimme,224946,171076,169384,1692,0.760520302650414,csu,,,0,,,,,,,,,0.00292235394134039,,,,,0.00024795730411373,,,0,0.000708449440324942,0.382344259198035,,,,,,,,,0,,,,0.000554952061587871,0.00672436593775091,0.136831105653427,,0,,0,,,,0.115223397723516,,,,,,,,0.0664879799744958,,,,,,0.000165304869409153,,,,0.0146826146507344,0.00628748878288386,,,0.00211944457563879,,,0.021784820289992,,,,0,0.010756624002267,0.00870212062532471,,,0.214465356822368,,,,,0.00686015208047986,,,,0.00213125206631087,0,,,0,0,0.382344259198035
0,0,2009,2009-09-27,247,Aschaffenburg,09,Bayern,erststimme,183872,135005,132165,2840,0.734233597285068,csu,,,0,,,,,,,,,0,,,,,0,,,0,0,0.4274278364166,,,,,,,,,0,,,,0,0,0.114894260961677,,0,,0,,,,0.171883630310597,,,,,,,,0.0610751711875307,,,,,,0,,,,0.0205500699882722,0.0139295577497825,,,0,,,0,,,,0,0,0,,,0.190239473385541,,,,,0,,,,0,0,,,0,0,0.4274278364166
0,0,2009,2009-09-27,247,Aschaffenburg,09,Bayern,zweitstimme,183872,135005,132708,2297,0.734233597285068,csu,,,0,,,,,,,,,0.00247912710612774,,,,,0.000376767037405432,,,0,0.000904240889773036,0.400887663140127,,,,,,,,,0,,,,0.000452120444886518,0.0082059860746903,0.157247490731531,,0,,0,,,,0.113565120414745,,,,,,,,0.066521988124303,,,,,,0.000504867830123278,,,,0.0131868463091901,0.00737709859239835,,,0.000745998734062754,,,0.0213099436356512,,,,0,0.00889170208276818,0.0134957952798626,,,0.175083642282304,,,,,0.00690990746601561,,,,0.00185369382403472,0,,,0,0,0.400887663140127
0,0,2009,2009-09-27,248,Bad Kissingen,09,Bayern,erststimme,219607,162052,159393,2659,0.737918190221623,csu,,,0,,,,,,,,,0,,,,,0,,,0,0,0.536874266749481,,,,,,,,,0,,,,0,0,0.0852735063647713,,0,,0,,,,0.0923691755597799,,,,,,,,0.0815594160345812,,,,,,0,,,,0.0207349130764839,0,,,0,,,0,,,,0,0,0,,,0.178721775736701,,,,,0,,,,0,0,,,0,0.00446694647820168,0.536874266749481
0,0,2009,2009-09-27,248,Bad Kissingen,09,Bayern,zweitstimme,219607,162052,160152,1900,0.737918190221623,csu,,,0,,,,,,,,,0.00309081372695939,,,,,0.000349667815575204,,,0,0.00122383735451321,0.472725910385134,,,,,,,,,0,,,,0.000437084769469004,0.00836080723312853,0.138543383785404,,0,,0,,,,0.0778947499875119,,,,,,,,0.0856498826115191,,,,,,0.000206054248463959,,,,0.0156351466107198,0.00775513262400719,,,0.00161721364703532,,,0.0175270992557071,,,,0,0.00438957989909586,0.00986562765372896,,,0.148059343623558,,,,,0.00502023078075828,,,,0.00164843398771167,0,,,0,0,0.472725910385134
0,0,2009,2009-09-27,249,Main-Spessart,09,Bayern,erststimme,199081,147482,144296,3186,0.740814040516172,csu,,,0,,,,,,,,,0,,,,,0,,,0,0,0.523521095525863,,,,,,,,,0,,,,0,0,0.0891084991960969,,0,,0,,,,0.0945902866330321,,,,,,,,0.0611035648943838,,,,,,0,,,,0.0112269224372124,0,,,0.00638271331152631,,,0,,,,0,0,0.0154543438487553,,,0.19861257415313,,,,,0,,,,0,0,,,0,0,0.523521095525863
0,0,2009,2009-09-27,249,Main-Spessart,09,Bayern,zweitstimme,199081,147482,145193,2289,0.740814040516172,csu,,,0,,,,,,,,,0.00261031867927517,,,,,0.000323707065767633,,,0,0.000778274434717927,0.437438444002121,,,,,,,,,0,,,,0.00040635567830405,0.00829929817553188,0.140227145936788,,0,,0,,,,0.0983862858402265,,,,,,,,0.0643694943971128,,,,,,0.000316819681389599,,,,0.0108476303954047,0.00748658681892378,,,0.00159787317570406,,,0.0198907660837644,,,,0,0.00679096099674227,0.0125763638742915,,,0.178190408628515,,,,,0.00734883913136308,,,,0.00211442700405667,0,,,0,0,0.437438444002121
0,0,2009,2009-09-27,250,Schweinfurt,09,Bayern,erststimme,200116,146050,142929,3121,0.729826700513702,csu,,,0,,,,,,,,,0.015483211944392,,,,,0,,,0,0,0.463537840466246,,,,,,,,,0,,,,0,0,0.0959427408013769,,0,,0,,,,0.10213462628298,,,,,,,,0.103568904840865,,,,,,0,,,,0.0211923402528528,0,,,0,,,0,,,,0,0,0,,,0.194460186526177,,,,,0,,,,0,0,,,0,0.00368014888511079,0.463537840466246
0,0,2009,2009-09-27,250,Schweinfurt,09,Bayern,zweitstimme,200116,146050,144183,1867,0.729826700513702,csu,,,0,,,,,,,,,0.00543753424467517,,,,,0.00027742521656506,,,0,0.00108889397501786,0.431847027735586,,,,,,,,,0,,,,0.00039533093360521,0.00755983715139788,0.129987585221559,,0,,0,,,,0.0914254801190154,,,,,,,,0.0923617902249225,,,,,,0.000430009085675843,,,,0.0126852680274374,0.00686627410998523,,,0.00192116962471304,,,0.0213339991538531,,,,0,0.00530575726680677,0.0124147784412864,,,0.171636045858388,,,,,0.00534737104929153,,,,0.00167842256021861,0,,,0,0,0.431847027735586
0,0,2009,2009-09-27,251,Würzburg,09,Bayern,erststimme,225807,170031,167846,2185,0.752992599875115,csu,,,0,,,,,,,,,0,,,,,0,,,0,0,0.439688762317839,,,,,,,,,0,,,,0,0,0.101462054502341,,0,,0,,,,0.130560156333782,,,,,,,,0.0556105001012833,,,,,,0,,,,0.0137745314157025,0,,,0,,,0.0217997450043492,,,,0,0,0,,,0.232683531332293,,,,,0,,,,0,0,,,0,0.00442071899240971,0.439688762317839
0,0,2009,2009-09-27,251,Würzburg,09,Bayern,zweitstimme,225807,170031,168462,1569,0.752992599875115,csu,,,0,,,,,,,,,0.00254063230876993,,,,,0.000350227350975294,,,0,0.00087260034904014,0.387588892450523,,,,,,,,,0,,,,0.000231506215051466,0.00600135342094953,0.13773432584203,,0,,0,,,,0.144489558476095,,,,,,,,0.0628153530172977,,,,,,0.000213698044662891,,,,0.00763970509669837,0.00844107276418421,,,0.00148401419904786,,,0.0252994740653679,,,,0,0.00496254348161603,0.0146145718322233,,,0.186629625672258,,,,,0.00654747064619914,,,,0.00154337476700977,0,,,0,0,0.387588892450523
0,0,2009,2009-09-27,252,Augsburg-Stadt,09,Bayern,erststimme,206196,135957,134168,1789,0.659358086480824,csu,,,0,,,,,,,,,0.00761731560431698,,,,,0.00131924154791008,,,0,0,0.422187108699541,,,,,,,,,0,,,,0,0,0.109102021346372,,0,,0,,,,0.146890465684813,,,,,,,,0.0694502414882833,,,,,,0.00171426867807525,,,,0.0151899111561624,0.0120818675093912,,,0,,,0,,,,0,0.012357641166299,0,,,0.195784389720351,,,,,0,,,,0,0,,,0,0.00630552739848548,0.422187108699541
0,0,2009,2009-09-27,252,Augsburg-Stadt,09,Bayern,zweitstimme,206196,135957,134209,1748,0.659358086480824,csu,,,0,,,,,,,,,0.00502201789745844,,,,,0.000663144796548667,,,0,0.000856872489922434,0.385428697032241,,,,,,,,,0,,,,0.000655693731418906,0.0049549583112906,0.13147404421462,,0,,0,,,,0.12590809856269,,,,,,,,0.0786236392492307,,,,,,0.000841970359662914,,,,0.011936606337876,0.0079949928842328,,,0.0010133448576474,,,0.0310411373305814,,,,0,0.0112734615413273,0.00669850755165451,,,0.186135058006542,,,,,0.00719027785021869,,,,0.00228747699483641,0,,,0,0,0.385428697032241
0,0,2009,2009-09-27,253,Augsburg-Land,09,Bayern,erststimme,240672,177024,174540,2484,0.735540486637415,csu,,,0,,,,,,,,,0.0146212902486536,,,,,0.00254382949467171,,,0,0,0.530010312822276,,,,,,,,,0,,,,0,0,0.115371834536496,,0,,0,,,,0.0861177953477713,,,,,,,,0.0473473129368626,,,,,,0,,,,0.0162369657385127,0.0160650853672511,,,0,,,0,,,,0,0.0145468087544402,0,,,0.157138764753065,,,,,0,,,,0,0,,,0,0,0.530010312822276
0,0,2009,2009-09-27,253,Augsburg-Land,09,Bayern,zweitstimme,240672,177024,175270,1754,0.735540486637415,csu,,,0,,,,,,,,,0.00918012209733554,,,,,0.000696068922234267,,,0,0.00108974724710447,0.458349974325327,,,,,,,,,0,,,,0.000627603126604667,0.00677240828436127,0.157026302276488,,0,,0,,,,0.0937410851828607,,,,,,,,0.0537741769840817,,,,,,0.000262452216580134,,,,0.0123694870770811,0.0102128145147487,,,0.00114109659382667,,,0.0193929366120842,,,,0,0.0113539111085753,0.0101386432361499,,,0.144668226165345,,,,,0.00689222342671307,,,,0.002310720602499,0,,,0,0,0.458349974325327
0,0,2009,2009-09-27,254,Donau-Ries,09,Bayern,erststimme,189097,133619,131428,2191,0.706616181113397,csu,,,0,,,,,,,,,0.0181468180296436,,,,,0,,,0,0,0.525778372949448,,,,,,,,,0,,,,0,0,0.116695072587272,,0,,0,,,,0.075798155644155,,,,,,,,0.0610600480871656,,,,,,0,,,,0.0193946495419545,0.0150805003500015,,,0,,,0,,,,0,0,0,,,0.15903003926104,,,,,0,,,,0.00675655111543963,0,,,0,0.00225979243388015,0.525778372949448
0,0,2009,2009-09-27,254,Donau-Ries,09,Bayern,zweitstimme,189097,133619,132122,1497,0.706616181113397,csu,,,0,,,,,,,,,0.0108384674770288,,,,,0.000310319250389791,,,0,0.00137751472124249,0.489297770242655,,,,,,,,,0,,,,0.000476832018891631,0.00815155689438549,0.146183073220206,,0,,0,,,,0.076739679992734,,,,,,,,0.057560436566204,,,,,,0.000227062866138872,,,,0.0145244546706832,0.0103464979337279,,,0.0013018270991962,,,0.0164242139840451,,,,0,0.00568414041567642,0.0130561148029851,,,0.138432660722665,,,,,0.00532083982985423,,,,0.00374653729129138,0,,,0,0,0.489297770242655
0,0,2009,2009-09-27,255,Neu-Ulm,09,Bayern,erststimme,235775,164678,161846,2832,0.698454034566854,csu,,,0,,,,,,,,,0,,,,,0,,,0,0,0.506938694808645,,,,,,,,,0,,,,0,0,0.113725393275089,,0,,0,,,,0.107497250472672,,,,,,,,0.0633009156852811,,,,,,0,,,,0.0276991708167023,0.0265128579019562,,,0,,,0,,,,0,0,0,,,0.154325717039655,,,,,0,,,,0,0,,,0,0,0.506938694808645
0,0,2009,2009-09-27,255,Neu-Ulm,09,Bayern,zweitstimme,235775,164678,162888,1790,0.698454034566854,csu,,,0,,,,,,,,,0.00616988360100192,,,,,0.000589362015618093,,,0,0.00153479691567212,0.442389862973331,,,,,,,,,0,,,,0.00080423358381219,0.00787657777122931,0.162019301606012,,0,,0,,,,0.0878517754530721,,,,,,,,0.0634853396198615,,,,,,0.000221010755856785,,,,0.021481017631747,0.0146542409508374,,,0.00211188055596483,,,0.0214626000687589,,,,0,0.00575855802760179,0.00621899710230342,,,0.146953735081774,,,,,0.00638475516919601,,,,0.00203207111634988,0,,,0,0,0.442389862973331
0,0,2009,2009-09-27,256,Oberallgäu,09,Bayern,erststimme,221708,158857,156849,2008,0.716514514586754,csu,,,0,,,,,,,,,0.0166147058636013,,,,,0,,,0,0,0.530325344758334,,,,,,,,,0,,,,0,0,0.11134275640903,,0,,0,,,,0.128104100121773,,,,,,,,0.0499971309986038,,,,,,0,,,,0.00837748407704225,0.0200830097737314,,,0,,,0,,,,0,0,0.013337668713221,,,0.121817799284662,,,,,0,,,,0,0,,,0,0,0.530325344758334
0,0,2009,2009-09-27,256,Oberallgäu,09,Bayern,zweitstimme,221708,158857,157239,1618,0.716514514586754,csu,,,0,,,,,,,,,0.0095841362511845,,,,,0.000337066503857186,,,0,0.00227042909201916,0.448737272559607,,,,,,,,,0,,,,0.000451541920261513,0.00763169442695515,0.165467854667099,,0,,0,,,,0.112904559301446,,,,,,,,0.0555523756828777,,,,,,0.000260749559587634,,,,0.00764441391766674,0.0146210545729749,,,0.00153905837610262,,,0.0167579290125223,,,,0,0.00625162968474742,0.0114475416404327,,,0.129687927295391,,,,,0.006607775424672,,,,0.00224499011059597,0,,,0,0,0.448737272559607
0,0,2009,2009-09-27,257,Ostallgäu,09,Bayern,erststimme,242341,170224,167232,2992,0.70241519181649,csu,,,0,,,,,,,,,0.0320931400688863,,,,,0,,,0,0,0.51084122655951,,,,,,,,,0,,,,0,0,0.126261720244929,,0.00440705128205128,,0,,,,0.0898751435132032,,,,,,,,0.0527530616150019,,,,,,0,,,,0.0168269230769231,0.0219515403750478,,,0,,,0,,,,0,0,0,,,0.136690346345197,,,,,0,,,,0,0,,,0,0.00829984691924991,0.51084122655951
0,0,2009,2009-09-27,257,Ostallgäu,09,Bayern,zweitstimme,242341,170224,168030,2194,0.70241519181649,csu,,,0,,,,,,,,,0.0169553056001904,,,,,0.00050586204844373,,,0,0.00236267333214307,0.463673153603523,,,,,,,,,0,,,,0.000708206867821222,0.00711777658751413,0.16879128727013,,0,,0,,,,0.093245253823722,,,,,,,,0.0557579003749331,,,,,,0.000202344819377492,,,,0.0134618818068202,0.0162351960959353,,,0.00232101410462417,,,0.0175623400583229,,,,0,0.00477890852823901,0.00601083139915491,,,0.122263881449741,,,,,0.00605844194489079,,,,0.00198774028447301,0,,,0,0,0.463673153603523
0,0,2009,2009-09-27,258,Stuttgart I,08,Baden-Württemberg,erststimme,184454,142504,140977,1527,0.772572023377102,cdu,,,0,,,,,,,,,0,,,,,0.00316363662157657,,,0.344155429609085,0,0,,,,,,,,,0,,,,0,0,0.10295296395866,,0,,0,,,,0.298743766713719,,,,,,,,0.046823240670464,,,,,,0,,,,0.00757570383821475,0,,,0,,,0.0166693857863339,,,,0,0,0,,,0.179915872801946,,,,,0,,,,0,0,,,0,0,0.344155429609085
0,0,2009,2009-09-27,258,Stuttgart I,08,Baden-Württemberg,zweitstimme,184454,142504,141384,1120,0.772572023377102,cdu,,,0.00021218808351723,,,,,,,,,0,,,,,0.00106094041758615,,,0.279253663780909,0,0,,,,,,,,,0,,,,0.000424376167034459,0,0.19490890058281,,0,,0,,,,0.219798562779381,,,,,,,,0.0667614440106377,,,,,,0.0010185028008827,,,,0.00488739885701352,0.00349403044191705,,,0.00176823402931025,,,0.0242318791376676,,,,0,0,0.00536128557686867,,,0.188536185141176,,,,,0.00471764839019974,,,,0.002553329938324,0.00101142986476546,,,0,0,0.279253663780909
0,0,2009,2009-09-27,259,Stuttgart II,08,Baden-Württemberg,erststimme,181088,129259,127470,1789,0.713791084997349,cdu,,,0,,,,,,,,,0,,,,,0.00292617870871578,,,0.345194947830862,0,0,,,,,,,,,0,,,,0,0,0.104550090217306,,0,,0,,,,0.16829842315839,,,,,,,,0.0855260061190868,,,,,,0.00252608456891818,,,,0.0131246567819879,0,,,0,,,0.0148505530713109,,,,0,0,0,,,0.263003059543422,,,,,0,,,,0,0,,,0,0,0.345194947830862
0,0,2009,2009-09-27,259,Stuttgart II,08,Baden-Württemberg,zweitstimme,181088,129259,127720,1539,0.713791084997349,cdu,,,0.000336673974318822,,,,,,,,,0,,,,,0.00100219229564673,,,0.290878484184153,0,0,,,,,,,,,0,,,,0.000485436893203884,0,0.172713748825556,,0,,0,,,,0.179423739430003,,,,,,,,0.089547447541497,,,,,,0.00198089570936423,,,,0.00782179768243032,0.00347635452552459,,,0.00205919198246164,,,0.02048230504228,,,,0,0,0.0106874412777952,,,0.208855308487316,,,,,0.00591919824616348,,,,0.00263075477607266,0.00169902912621359,,,0,0,0.290878484184153
0,0,2009,2009-09-27,260,Böblingen,08,Baden-Württemberg,erststimme,244919,185176,182446,2730,0.756070374287009,cdu,,,0,,,,,,,,,0,,,,,0,,,0.451333545268189,0,0,,,,,,,,,0,,,,0,0,0.129994628547625,,0,,0,,,,0.132302160639312,,,,,,,,0.0529307301886586,,,,,,0.00179779222345242,,,,0.0159718492046962,0,,,0,,,0.0153360446378655,,,,0,0,0,,,0.200333249290201,,,,,0,,,,0,0,,,0,0,0.451333545268189
0,0,2009,2009-09-27,260,Böblingen,08,Baden-Württemberg,zweitstimme,244919,185176,182669,2507,0.756070374287009,cdu,,,0.000268244748698466,,,,,,,,,0,,,,,0.000372258018601952,,,0.338962823467583,0,0,,,,,,,,,0,,,,0.000481745671131938,0,0.208710837635286,,0,,0,,,,0.138852240938528,,,,,,,,0.0608641860414192,,,,,,0.00107845337742036,,,,0.0123994766490209,0.00302185920982761,,,0.00593970514975174,,,0.0211365913209138,,,,0,0,0.0069688890835336,,,0.191138069404223,,,,,0.00596160268025773,,,,0.00194888021503375,0.00189413638876876,,,0,0,0.338962823467583
0,0,2009,2009-09-27,261,Esslingen,08,Baden-Württemberg,erststimme,165210,125558,123847,1711,0.759990315356213,cdu,,,0,,,,,,,,,0,,,,,0,,,0.434641129781101,0,0,,,,,,,,,0,,,,0,0,0.0873577882387139,,0,,0,,,,0.125243243679702,,,,,,,,0.050263631739162,,,,,,0.00241426921927863,,,,0.0142756788618214,0,,,0,,,0,,,,0,0,0,,,0.285804258480222,,,,,0,,,,0,0,,,0,0,0.434641129781101
0,0,2009,2009-09-27,261,Esslingen,08,Baden-Württemberg,zweitstimme,165210,125558,124108,1450,0.759990315356213,cdu,,,0.000402874915396268,,,,,,,,,0,,,,,0.000547909884938924,,,0.335772069487865,0,0,,,,,,,,,0,,,,0.000322299932317014,0,0.184299158797177,,0,,0,,,,0.156331582170368,,,,,,,,0.0618815870048667,,,,,,0.00119250974957295,,,,0.00861346569117221,0.0028281819060818,,,0.00221581203467947,,,0.0165259290295549,,,,0,0,0.0129000547909885,,,0.20785928384955,,,,,0.00468946401521256,,,,0.00169207464466432,0.00192574209559416,,,0,0,0.335772069487865
0,0,2009,2009-09-27,262,Nürtingen,08,Baden-Württemberg,erststimme,204091,154949,152518,2431,0.759215252019932,cdu,,,0,,,,,,,,,0,,,,,0,,,0.433496374198455,0,0,,,,,,,,,0,,,,0,0,0.116497724858705,,0,,0,,,,0.13837055298391,,,,,,,,0.0522757969551135,,,,,,0,,,,0.0173553285513841,0,,,0,,,0,,,,0,0,0,,,0.242004222452432,,,,,0,,,,0,0,,,0,0,0.433496374198455
0,0,2009,2009-09-27,262,Nürtingen,08,Baden-Württemberg,zweitstimme,204091,154949,152971,1978,0.759215252019932,cdu,,,0.000653718678703807,,,,,,,,,0,,,,,0.000614495557981578,,,0.334350955409849,0,0,,,,,,,,,0,,,,0.000385694020435246,0,0.207137300534088,,0,,0,,,,0.149714651796746,,,,,,,,0.0566185747625367,,,,,,0.00057527243725935,,,,0.00922397055651071,0.00269985814304672,,,0.00458256793771369,,,0.0166829006805211,,,,0,0,0.0173300821724379,,,0.189205797177243,,,,,0.00514476600139896,,,,0.00179772636643547,0.00328166776709311,,,0,0,0.334350955409849
0,0,2009,2009-09-27,263,Göppingen,08,Baden-Württemberg,erststimme,180442,129901,127613,2288,0.719904456833775,cdu,,,0,,,,,,,,,0,,,,,0,,,0.431374546480374,0,0,,,,,,,,,0,,,,0,0,0.103257505113115,,0,,0,,,,0.109777217054689,,,,,,,,0.0639198200810262,,,,,,0,,,,0.0186893184863611,0.00720929685847053,,,0,,,0,,,,0,0,0,,,0.265772295925964,,,,,0,,,,0,0,,,0,0,0.431374546480374
0,0,2009,2009-09-27,263,Göppingen,08,Baden-Württemberg,zweitstimme,180442,129901,127856,2045,0.719904456833775,cdu,,,0.000359779752221249,,,,,,,,,0,,,,,0.00046927793767989,,,0.330981729445626,0,0,,,,,,,,,0,,,,0.000531848329370542,0,0.190902265048179,,0,,0,,,,0.133102865723939,,,,,,,,0.0729492554123389,,,,,,0.000617882617945188,,,,0.0135308472031035,0.00409053935677637,,,0.00363690401701915,,,0.018544299837317,,,,0,0,0.0107699286697535,,,0.207452133650357,,,,,0.00747716180703291,,,,0.00254192216243274,0.00204135902890752,,,0,0,0.330981729445626
0,0,2009,2009-09-27,264,Waiblingen,08,Baden-Württemberg,erststimme,220220,164521,161961,2560,0.747075651621106,cdu,,,0,,,,,,,,,0,,,,,0,,,0.429578725742617,0,0,,,,,,,,,0,,,,0,0,0.122208432894339,,0,,0,,,,0.0949549582924284,,,,,,,,0.0532659096943091,,,,,,0.00196960996783176,,,,0.0167941664968727,0.0091194793808386,,,0,,,0,,,,0,0,0,,,0.272108717530764,,,,,0,,,,0,0,,,0,0,0.429578725742617
0,0,2009,2009-09-27,264,Waiblingen,08,Baden-Württemberg,zweitstimme,220220,164521,162381,2140,0.747075651621106,cdu,,,0.000763636139696147,,,,,,,,,0,,,,,0.000431084917570405,,,0.331713685714462,0,0,,,,,,,,,0,,,,0.000578885460737402,0,0.207130144536615,,0,,0,,,,0.140619900111466,,,,,,,,0.064730479551179,,,,,,0.000862169835140811,,,,0.0109310818383924,0.00542551160542182,,,0.0055856288605194,,,0.0176436898405602,,,,0,0,0.00925600901583313,,,0.193563286345077,,,,,0.00575190447158227,,,,0.00309765305054163,0.00191524870520566,,,0,0,0.331713685714462
0,0,2009,2009-09-27,265,Ludwigsburg,08,Baden-Württemberg,erststimme,206805,156053,153613,2440,0.754590072773869,cdu,,,0,,,,,,,,,0,,,,,0,,,0.399237043739788,0,0,,,,,,,,,0,,,,0,0,0.126493200445275,,0,,0,,,,0.156015441401444,,,,,,,,0.0637966838744117,,,,,,0,,,,0.0158580328487823,0.00626900067051617,,,0.00632107959612793,,,0,,,,0,0,0,,,0.226009517423656,,,,,0,,,,0,0,,,0,0,0.399237043739788
0,0,2009,2009-09-27,265,Ludwigsburg,08,Baden-Württemberg,zweitstimme,206805,156053,154171,1882,0.754590072773869,cdu,,,0.000382691945956114,,,,,,,,,0,,,,,0.000415123466799852,,,0.326092455779621,0,0,,,,,,,,,0,,,,0.000454041291812338,0,0.195750173508637,,0,,0,,,,0.149768763256384,,,,,,,,0.0673408098799385,,,,,,0.000707007154393498,,,,0.00997593581153395,0.00407339901797355,,,0.0039436729345986,,,0.0194264809853993,,,,0,0,0.0100407988532214,,,0.201587847260509,,,,,0.00611658483112907,,,,0.00233506950074917,0.00158914452134318,,,0,0,0.326092455779621
0,0,2009,2009-09-27,266,Neckar-Zaber,08,Baden-Württemberg,erststimme,224090,170674,167929,2745,0.761631487348833,cdu,,,0,,,,,,,,,0,,,,,0,,,0.420451500336452,0,0,,,,,,,,,0,,,,0,0,0.146978782699831,,0,,0,,,,0.110915922800707,,,,,,,,0.0546004561451566,,,,,,0,,,,0.0166618035002888,0.00700891448171549,,,0,,,0,,,,0,0,0,,,0.234801612586272,,,,,0,,,,0,0,,,0,0.00858100744957691,0.420451500336452
0,0,2009,2009-09-27,266,Neckar-Zaber,08,Baden-Württemberg,zweitstimme,224090,170674,168374,2300,0.761631487348833,cdu,,,0.000403862829177902,,,,,,,,,0,,,,,0.000504828536472377,,,0.330324159312008,0,0,,,,,,,,,0,,,,0.00064142919928255,0,0.205738415669878,,0,,0,,,,0.135252473659829,,,,,,,,0.064451756209391,,,,,,0.000356349555156972,,,,0.011527908109328,0.00466224001330372,,,0.00537493912361766,,,0.0180609832872059,,,,0,0,0.0116051171796121,,,0.200214997564945,,,,,0.00689536389228741,,,,0.00209652321617352,0.00188865264233195,,,0,0,0.330324159312008
0,0,2009,2009-09-27,267,Heilbronn,08,Baden-Württemberg,erststimme,241035,168927,165688,3239,0.700840126952517,cdu,,,0,,,,,,,,,0,,,,,0,,,0.442446043165468,0,0,,,,,,,,,0,,,,0,0,0.120250108637922,,0,,0,,,,0.0880812128820434,,,,,,,,0.0645369610351987,,,,,,0.00224518371879677,,,,0.0220716044613973,0.00999468881270822,,,0,,,0,,,,0,0,0,,,0.250374197286466,,,,,0,,,,0,0,,,0,0,0.442446043165468
0,0,2009,2009-09-27,267,Heilbronn,08,Baden-Württemberg,zweitstimme,241035,168927,166229,2698,0.700840126952517,cdu,,,0.000372979444019997,,,,,,,,,0,,,,,0.000421105823893544,,,0.348248500562477,0,0,,,,,,,,,0,,,,0.000962527597470959,0,0.192096445265267,,0,,0,,,,0.101769246040101,,,,,,,,0.0737296139662754,,,,,,0.00111893833205999,,,,0.0157734210035553,0.00625642938356123,,,0.00548640730558446,,,0.0195272786336921,,,,0,0,0.0111472727382105,,,0.21254414091404,,,,,0.00680386695462284,,,,0.00158817053582708,0.00215365549934127,,,0,0,0.348248500562477
0,0,2009,2009-09-27,268,Schwäbisch Hall - Hohenlohe,08,Baden-Württemberg,erststimme,223234,154351,151321,3030,0.691431412777623,cdu,,,0,,,,,,,,,0,,,,,0,,,0.432682839790908,0,0,,,,,,,,,0,,,,0,0,0.131105398457584,,0,,0,,,,0.119824743426226,,,,,,,,0.0722834239794873,,,,,,0,,,,0.0219929818068873,0,,,0,,,0,,,,0,0,0,,,0.215475710575531,,,,,0,,,,0,0,,,0,0.00663490196337587,0.432682839790908
0,0,2009,2009-09-27,268,Schwäbisch Hall - Hohenlohe,08,Baden-Württemberg,zweitstimme,223234,154351,151790,2561,0.691431412777623,cdu,,,0.00037551880888069,,,,,,,,,0,,,,,0.000513867843731471,,,0.347486659200211,0,0,,,,,,,,,0,,,,0.00103432373674155,0,0.188997957704724,,0,,0,,,,0.13063442914553,,,,,,,,0.0761183213650438,,,,,,0.00056657223796034,,,,0.0160023716977403,0.00596218459714079,,,0.00772778180380789,,,0.0194347453718954,,,,0,0,0.00951314315831083,,,0.18385269121813,,,,,0.00704921272811121,,,,0.00208841162131893,0.00264180776072205,,,0,0,0.347486659200211
0,0,2009,2009-09-27,269,Backnang - Schwäbisch Gmünd,08,Baden-Württemberg,erststimme,176381,126601,124097,2504,0.717770054597717,cdu,,,0,,,,,,,,,0,,,,,0,,,0.447166329564776,0,0,,,,,,,,,0,,,,0,0,0.103322401025005,,0,,0,,,,0.102734151510512,,,,,,,,0.0658920038357092,,,,,,0,,,,0.0193719429156225,0,,,0.00999218353384852,,,0,,,,0,0,0,,,0.249014883518538,,,,,0,,,,0,0,,,0,0.00250610409598943,0.447166329564776
0,0,2009,2009-09-27,269,Backnang - Schwäbisch Gmünd,08,Baden-Württemberg,zweitstimme,176381,126601,124412,2189,0.717770054597717,cdu,,,0.000450117352023921,,,,,,,,,0,,,,,0.000634986978748031,,,0.354210204803395,0,0,,,,,,,,,0,,,,0.000667138218178311,0,0.185351895315564,,0,,0,,,,0.125438060637238,,,,,,,,0.0710542391409189,,,,,,0.000739478506896441,,,,0.0126836639552455,0.00428415265408482,,,0.00730636916053114,,,0.0179162781725236,,,,0,0,0.0129247982509726,,,0.195230363630518,,,,,0.0062453782593319,,,,0.00264443944314053,0.00221843552068932,,,0,0,0.354210204803395
0,0,2009,2009-09-27,270,Aalen - Heidenheim,08,Baden-Württemberg,erststimme,224418,159936,156718,3218,0.712670106675935,cdu,,,0,,,,,,,,,0,,,,,0,,,0.450484309396496,0,0,,,,,,,,,0,,,,0,0,0.0995673757960158,,0,,0,,,,0.0907745121811151,,,,,,,,0.0751349557804464,,,,,,0,,,,0.0191171403412499,0,,,0,,,0,,,,0,0,0,,,0.254922855064511,,,,,0,,,,0,0,,,0,0.00999885144016641,0.450484309396496
0,0,2009,2009-09-27,270,Aalen - Heidenheim,08,Baden-Württemberg,zweitstimme,224418,159936,157065,2871,0.712670106675935,cdu,,,0.000420208194059784,,,,,,,,,0,,,,,0.000547544010441537,,,0.368497119027154,0,0,,,,,,,,,0,,,,0.00078311527074778,0,0.168936427593671,,0,,0,,,,0.112895934804062,,,,,,,,0.0786362334065514,,,,,,0.00035017349504982,,,,0.0118867984592366,0.00526533600738548,,,0.00410021328749244,,,0.018018018018018,,,,0,0,0.0143316461337663,,,0.204978830420527,,,,,0.00582561359946519,,,,0.00199917231719352,0.00252761595517779,,,0,0,0.368497119027154
0,0,2009,2009-09-27,271,Karlsruhe-Stadt,08,Baden-Württemberg,erststimme,201833,143521,141491,2030,0.711087879583616,cdu,,,0,,,,,,,,,0,,,,,0,,,0.380745065057141,0,0,,,,,,,,,0,,,,0,0,0.0837155720151812,,0,,0,,,,0.151613883568566,,,,,,,,0.0709161713465874,,,,,,0.00165381543702426,,,,0.0108416789760479,0,,,0,,,0.0308076132050802,,,,0,0,0,,,0.267472842795655,,,,,0,,,,0,0,,,0,0.00223335759871653,0.380745065057141
0,0,2009,2009-09-27,271,Karlsruhe-Stadt,08,Baden-Württemberg,zweitstimme,201833,143521,141666,1855,0.711087879583616,cdu,,,0.000197647988931713,,,,,,,,,0,,,,,0.000529414256067087,,,0.286349582821566,0,0,,,,,,,,,0,,,,0.000536473112814649,0,0.174029054254373,,0,,0,,,,0.183890277130716,,,,,,,,0.0833439216184547,,,,,,0.000938827947425635,,,,0.00914121948809171,0.00285883698276227,,,0.00313413239591716,,,0.0353507545917863,,,,0,0,0.00384001807067327,,,0.20630920616097,,,,,0.00631061793231968,,,,0.00179294961388054,0.00144706563325004,,,0,0,0.286349582821566
0,0,2009,2009-09-27,272,Karlsruhe-Land,08,Baden-Württemberg,erststimme,208654,155522,152531,2991,0.745358344436244,cdu,,,0,,,,,,,,,0,,,,,0,,,0.452045813637883,0,0,,,,,,,,,0,,,,0,0,0.115832191488943,,0,,0,,,,0.101658023614872,,,,,,,,0.0561787439930244,,,,,,0,,,,0.0151444624371439,0,,,0,,,0,,,,0,0,0,,,0.255823406389521,,,,,0,,,,0,0,,,0,0.00331735843861248,0.452045813637883
0,0,2009,2009-09-27,272,Karlsruhe-Land,08,Baden-Württemberg,zweitstimme,208654,155522,153183,2339,0.745358344436244,cdu,,,0.000313350698184524,,,,,,,,,0,,,,,0.000463497907731276,,,0.360908194773572,0,0,,,,,,,,,0,,,,0.000620173256823538,0,0.191222263567106,,0,,0,,,,0.1179373690292,,,,,,,,0.064857066384651,,,,,,0.000437385349549232,,,,0.0102295946678156,0.00254597442274926,,,0.00584921303277779,,,0.0215885574770046,,,,0,0,0.00801655536188742,,,0.20341682823812,,,,,0.00722665047688059,,,,0.00171690070046937,0.00265042465547744,,,0,0,0.360908194773572
0,0,2009,2009-09-27,273,Rastatt,08,Baden-Württemberg,erststimme,208664,146160,142941,3219,0.700456235862439,cdu,,,0,,,,,,,,,0,,,,,0,,,0.480282074422314,0,0,,,,,,,,,0,,,,0,0,0.0995865426994354,,0,,0,,,,0.107764742096389,,,,,,,,0.062508307623425,,,,,,0,,,,0.0170419963481436,0,,,0,,,0,,,,0,0,0,,,0.232816336810292,,,,,0,,,,0,0,,,0,0,0.480282074422314
0,0,2009,2009-09-27,273,Rastatt,08,Baden-Württemberg,zweitstimme,208664,146160,143493,2667,0.700456235862439,cdu,,,0.00040420090178615,,,,,,,,,0,,,,,0.000578425428418111,,,0.388910957328929,0,0,,,,,,,,,0,,,,0.000564487466287554,0,0.17807837316106,,0,,0,,,,0.116026565755821,,,,,,,,0.0703379258918554,,,,,,0.00040420090178615,,,,0.0120354302997359,0.00263427484267525,,,0.0024252054107169,,,0.0176872739436767,,,,0,0,0.00705957781912707,,,0.190782825643063,,,,,0.0076310342664799,,,,0.00223704292195438,0.00220219801662799,,,0,0,0.388910957328929
0,0,2009,2009-09-27,274,Heidelberg,08,Baden-Württemberg,erststimme,211807,162920,160582,2338,0.769190819944572,cdu,,,0,,,,,,,,,0,,,,,0,,,0.360955773374351,0,0,,,,,,,,,0,,,,0,0,0.120274999688633,,0,,0,,,,0.155590290318965,,,,,,,,0.0559527219738202,,,,,,0,,,,0.0102875789316362,0,,,0,,,0,,,,0,0,0,,,0.296938635712595,,,,,0,,,,0,0,,,0,0,0.360955773374351
0,0,2009,2009-09-27,274,Heidelberg,08,Baden-Württemberg,zweitstimme,211807,162920,160988,1932,0.769190819944572,cdu,,,0.000248465724153353,,,,,,,,,0,,,,,0.000385121872437697,,,0.306209158446592,0,0,,,,,,,,,0,,,,0.000441026660372202,0,0.176528685367854,,0,,0,,,,0.176093870350585,,,,,,,,0.0734402564166273,,,,,,0.000354063656918528,,,,0.00818694561085298,0.00226103808979551,,,0.00178895321390414,,,0.0210947399806197,,,,0,0,0.00426118716923,,,0.219500832360176,,,,,0.00595075409347281,,,,0.00177031828459264,0.00148458270181628,,,0,0,0.306209158446592
0,0,2009,2009-09-27,275,Mannheim,08,Baden-Württemberg,erststimme,198437,134143,131994,2149,0.675997923774296,cdu,,,0,,,,,,,,,0,,,,,0,,,0.364690819279664,0,0,,,,,,,,,0,,,,0,0,0.0892616331045351,,0,,0,,,,0.126126945164174,,,,,,,,0.0948527963392275,,,,,,0.00252284194736124,,,,0.0183190145006591,0,,,0,,,0,,,,0,0,0,,,0.301869781959786,,,,,0,,,,0,0,,,0,0.00235616770459263,0.364690819279664
0,0,2009,2009-09-27,275,Mannheim,08,Baden-Württemberg,zweitstimme,198437,134143,132358,1785,0.675997923774296,cdu,,,0.000362652805270554,,,,,,,,,0,,,,,0.000453316006588193,,,0.29038667855362,0,0,,,,,,,,,0,,,,0.000551534474682301,0,0.150349808851751,,0,,0,,,,0.136387675848834,,,,,,,,0.112845464573354,,,,,,0.000914187279952855,,,,0.0133879327279046,0.00178304295924689,,,0.00179815349279983,,,0.0246150591577389,,,,0,0,0.00745704830837577,,,0.246505689115883,,,,,0.00823524078635217,,,,0.0018057087595763,0.00216080629807038,,,0,0,0.29038667855362
0,0,2009,2009-09-27,276,Odenwald - Tauber,08,Baden-Württemberg,erststimme,215910,153296,149921,3375,0.709999536844055,cdu,,,0,,,,,,,,,0,,,,,0,,,0.502511322629918,0,0,,,,,,,,,0,,,,0,0,0.114720419420895,,0,,0,,,,0.0878662762388191,,,,,,,,0.065507834125973,,,,,,0,,,,0.0191834366099479,0.0102587362677677,,,0,,,0,,,,0,0,0,,,0.199951974706679,,,,,0,,,,0,0,,,0,0,0.502511322629918
0,0,2009,2009-09-27,276,Odenwald - Tauber,08,Baden-Württemberg,zweitstimme,215910,153296,150256,3040,0.709999536844055,cdu,,,0.000339420721967842,,,,,,,,,0,,,,,0.000652220210840166,,,0.420083058247258,0,0,,,,,,,,,0,,,,0.000831913534234906,0,0.169410872111596,,0,,0,,,,0.0916435949313172,,,,,,,,0.0689290277925674,,,,,,0.000392663188158876,,,,0.0134104461718667,0.00769353636460441,,,0.00334096475348738,,,0.0176232563092322,,,,0,0,0.00941726120753913,,,0.18461825151741,,,,,0.00758039612394846,,,,0.00182355446704291,0.00220956234692791,,,0,0,0.420083058247258
0,0,2009,2009-09-27,277,Rhein-Neckar,08,Baden-Württemberg,erststimme,195971,144215,141287,2928,0.735899699445326,cdu,,,0,,,,,,,,,0,,,,,0,,,0.422933461677295,0,0,,,,,,,,,0,,,,0,0,0.126218264950066,,0,,0,,,,0.105827146163483,,,,,,,,0.0749962841591937,,,,,,0,,,,0.0192869832327107,0,,,0,,,0,,,,0,0,0,,,0.250737859817251,,,,,0,,,,0,0,,,0,0,0.422933461677295
0,0,2009,2009-09-27,277,Rhein-Neckar,08,Baden-Württemberg,zweitstimme,195971,144215,141938,2277,0.735899699445326,cdu,,,0.000464991756964308,,,,,,,,,0,,,,,0.000457946427313334,,,0.351716946835942,0,0,,,,,,,,,0,,,,0.000669306316842565,0,0.18452422888867,,0,,0,,,,0.117819047753244,,,,,,,,0.0780481618734941,,,,,,0.000345221152897744,,,,0.0133438543589455,0.00286040383829559,,,0.00344516619932647,,,0.0209246290633939,,,,0,0,0.00689737772830391,,,0.206822697234004,,,,,0.00746804943003283,,,,0.00188110301681016,0.00231086812551959,,,0,0,0.351716946835942
0,0,2009,2009-09-27,278,Bruchsal - Schwetzingen,08,Baden-Württemberg,erststimme,194304,141401,137949,3452,0.727730772397892,cdu,,,0,,,,,,,,,0,,,,,0,,,0.468716699649871,0,0,,,,,,,,,0,,,,0,0,0.114426345968438,,0,,0,,,,0.0875830923022276,,,,,,,,0.0724543128257545,,,,,,0,,,,0.0210440090178254,0,,,0,,,0,,,,0,0,0,,,0.235775540235884,,,,,0,,,,0,0,,,0,0,0.468716699649871
0,0,2009,2009-09-27,278,Bruchsal - Schwetzingen,08,Baden-Württemberg,zweitstimme,194304,141401,138790,2611,0.727730772397892,cdu,,,0.000345846242524678,,,,,,,,,0,,,,,0.000504359103681822,,,0.360479861661503,0,0,,,,,,,,,0,,,,0.000612436054470783,0,0.19184379278046,,0,,0,,,,0.101477051660782,,,,,,,,0.0772606095540025,,,,,,0.000468333453418834,,,,0.0131493623459903,0.00276676994019742,,,0.00277397507025002,,,0.02144246703653,,,,0,0,0.011830823546365,,,0.201268102889257,,,,,0.00937387419842928,,,,0.00183010303335975,0.00257223142877729,,,0,0,0.360479861661503
0,0,2009,2009-09-27,279,Pforzheim,08,Baden-Württemberg,erststimme,220877,155907,152787,3120,0.705854389547124,cdu,,,0,,,,,,,,,0,,,,,0,,,0.407259779955101,0,0,,,,,,,,,0,,,,0,0,0.161270265140359,,0,,0,,,,0.0997205259609784,,,,,,,,0.0677610006086905,,,,,,0,,,,0.0207609286130365,0,,,0.014516941886417,,,0,,,,0,0,0,,,0.228710557835418,,,,,0,,,,0,0,,,0,0,0.407259779955101
0,0,2009,2009-09-27,279,Pforzheim,08,Baden-Württemberg,zweitstimme,220877,155907,153102,2805,0.705854389547124,cdu,,,0.000418021972279918,,,,,,,,,0,,,,,0.000437616752230539,,,0.344678710924743,0,0,,,,,,,,,0,,,,0.00096667581089731,0,0.197201865423051,,0,,0,,,,0.114668652271035,,,,,,,,0.0736698410210187,,,,,,0.000476806312131781,,,,0.0132526028399368,0.00269101644655197,,,0.00897440921738449,,,0.0199082964298311,,,,0,0,0.00939896278298128,,,0.200206398348813,,,,,0.00790975950673407,,,,0.00220114694778644,0.00293921699259317,,,0,0,0.344678710924743
0,0,2009,2009-09-27,280,Calw,08,Baden-Württemberg,erststimme,198923,142812,139935,2877,0.7179260316806,cdu,,,0,,,,,,,,,0,,,,,0,,,0.463129310036803,0,0,,,,,,,,,0,,,,0,0,0.12525815557223,,0,,0,,,,0.0961875156322578,,,,,,,,0.0652874548897703,,,,,,0,,,,0.0136849251438168,0,,,0.019015971701147,,,0,,,,0,0,0.0155214921213421,,,0.201915174902633,,,,,0,,,,0,0,,,0,0,0.463129310036803
0,0,2009,2009-09-27,280,Calw,08,Baden-Württemberg,zweitstimme,198923,142812,140275,2537,0.7179260316806,cdu,,,0.000363571555872394,,,,,,,,,0,,,,,0.000484762074496525,,,0.380381393690964,0,0,,,,,,,,,0,,,,0.000499019782569952,0,0.201461415077526,,0,,0,,,,0.103111744787026,,,,,,,,0.0679878809481376,,,,,,0.000513277490643379,,,,0.0129246123685618,0.00330778827303511,,,0.0121047941543397,,,0.0170379611477455,,,,0,0,0.0139369096417751,,,0.174300481197648,,,,,0.00729281767955801,,,,0.00197469256816967,0.00231687756193192,,,0,0,0.380381393690964
0,0,2009,2009-09-27,281,Freiburg,08,Baden-Württemberg,erststimme,210636,157681,155144,2537,0.748594732144553,spd,,,0,,,,,,,,,0,,,,,0,,,0.288435260145413,0,0,,,,,,,,,0,,,,0,0,0.0816918475738669,,0,,0,,,,0.218364873923581,,,,,,,,0.0623614190687361,,,,,,0,,,,0.00573660599185273,0,,,0,,,0,,,,0,0,0.00685169906667354,,,0.329964420151601,,,,,0,,,,0.00659387407827567,0,,,0,0,0.288435260145413
0,0,2009,2009-09-27,281,Freiburg,08,Baden-Württemberg,zweitstimme,210636,157681,155683,1998,0.748594732144553,spd,,,0.000359705298587514,,,,,,,,,0,,,,,0.000314742136264075,,,0.271217795134986,0,0,,,,,,,,,0,,,,0.000501018094461181,0,0.140586961967588,,0,,0,,,,0.228258705189391,,,,,,,,0.0885966997038855,,,,,,0.000565251183494666,,,,0.00490740800215823,0.00304464842018718,,,0.00373194247284546,,,0.0275495718864616,,,,0,0,0.00630126603418485,,,0.209984391359365,,,,,0.00748315487240097,,,,0.00422653725840329,0.00237020098533559,,,0,0,0.271217795134986
0,0,2009,2009-09-27,282,Lörrach - Müllheim,08,Baden-Württemberg,erststimme,225703,156692,153828,2864,0.694239775279903,cdu,,,0,,,,,,,,,0,,,,,0,,,0.378877707569493,0,0,,,,,,,,,0,,,,0,0,0.110070988376628,,0,,0,,,,0.104993889278935,,,,,,,,0.0602491093949086,,,,,,0,,,,0.0136906154926281,0,,,0.00973814910159399,,,0,,,,0,0,0,,,0.322379540785813,,,,,0,,,,0,0,,,0,0,0.378877707569493
0,0,2009,2009-09-27,282,Lörrach - Müllheim,08,Baden-Württemberg,zweitstimme,225703,156692,154115,2577,0.694239775279903,cdu,,,0.000330921714304253,,,,,,,,,0,,,,,0.00035687635856341,,,0.322531875547481,0,0,,,,,,,,,0,,,,0.000499626901988775,0,0.171462868637057,,0,,0,,,,0.155104954092723,,,,,,,,0.0700905168218538,,,,,,0.000369853680692989,,,,0.00824708821334718,0.00273821496934108,,,0.00640430847094702,,,0.0202186678778834,,,,0,0,0.00864938519936411,,,0.22030950913279,,,,,0.00729325503682315,,,,0.00209583752392694,0.00329623982091296,,,0,0,0.322531875547481
0,0,2009,2009-09-27,283,Emmendingen - Lahr,08,Baden-Württemberg,erststimme,213013,149482,145925,3557,0.701750597381381,cdu,,,0,,,,,,,,,0,,,,,0,,,0.420949117697447,0,0,,,,,,,,,0,,,,0,0,0.0991605276683228,,0,,0,,,,0.153702244303581,,,,,,,,0.0701593284221347,,,,,,0,,,,0.0138564330991948,0,,,0,,,0,,,,0,0,0,,,0.24217234880932,,,,,0,,,,0,0,,,0,0,0.420949117697447
0,0,2009,2009-09-27,283,Emmendingen - Lahr,08,Baden-Württemberg,zweitstimme,213013,149482,146024,3458,0.701750597381381,cdu,,,0.00204076042294417,,,,,,,,,0,,,,,0.000383498602969375,,,0.346477291404153,0,0,,,,,,,,,0,,,,0.00058894428313154,0,0.165281049690462,,0,,0,,,,0.146085574973977,,,,,,,,0.0762477400975182,,,,,,0.000260231194872076,,,,0.00897112803374788,0.00358160302416041,,,0.00399934257382348,,,0.0207431655070399,,,,0,0,0.00675231468799649,,,0.203665150934093,,,,,0.00975866980770284,,,,0.00243110721525229,0.0027324275461568,,,0,0,0.346477291404153
0,0,2009,2009-09-27,284,Offenburg,08,Baden-Württemberg,erststimme,204619,141835,138530,3305,0.693166323752926,cdu,,,0,,,,,,,,,0,,,,,0,,,0.471637912365553,0,0,,,,,,,,,0,,,,0,0,0.11155706345196,,0,,0,,,,0.126037681368657,,,,,,,,0.0731177362304194,,,,,,0,,,,0.0149353930556558,0,,,0,,,0,,,,0,0,0,,,0.195279000938425,,,,,0,,,,0,0,,,0,0.00743521258933083,0.471637912365553
0,0,2009,2009-09-27,284,Offenburg,08,Baden-Württemberg,zweitstimme,204619,141835,138671,3164,0.693166323752926,cdu,,,0.000670652119044357,,,,,,,,,0,,,,,0.000540848483100288,,,0.375586820604164,0,0,,,,,,,,,0,,,,0.000699497371476372,0,0.179467949318892,,0,,0,,,,0.131584830281746,,,,,,,,0.0774639254061772,,,,,,0.000302875150536161,,,,0.0108602375406538,0.00310086463644165,,,0.0032018230199537,,,0.01878547064635,,,,0,0,0.00659114018071551,,,0.177845403869591,,,,,0.00702381896719574,,,,0.0030071175660376,0.00326672483792574,,,0,0,0.375586820604164
0,0,2009,2009-09-27,285,Rottweil - Tuttlingen,08,Baden-Württemberg,erststimme,200726,141391,137575,3816,0.704398035132469,cdu,,,0,,,,,,,,,0,,,,,0,,,0.480494275849537,0,0,,,,,,,,,0,,,,0,0,0.177321461021261,,0,,0,,,,0.0836125749591132,,,,,,,,0.0591677266945303,,,,,,0,,,,0.0218499000545157,0.0148210067236053,,,0,,,0,,,,0,0,0,,,0.162733054697438,,,,,0,,,,0,0,,,0,0,0.480494275849537
0,0,2009,2009-09-27,285,Rottweil - Tuttlingen,08,Baden-Württemberg,zweitstimme,200726,141391,138367,3024,0.704398035132469,cdu,,,0.00101180194699603,,,,,,,,,0,,,,,0.000794987244068311,,,0.38699256325569,0,0,,,,,,,,,0,,,,0.000946757536117716,0,0.218614264962021,,0,,0,,,,0.0934037740212623,,,,,,,,0.0632593031575448,,,,,,0.000325222054391582,,,,0.0166080062442634,0.0108262808328575,,,0.00565163658964927,,,0.0173162676071607,,,,0,0,0.0081377785165538,,,0.162972385034004,,,,,0.00738615421307104,,,,0.00212478408869167,0.0036280326956572,,,0,0,0.38699256325569
0,0,2009,2009-09-27,286,Schwarzwald-Baar,08,Baden-Württemberg,erststimme,167458,117355,114372,2983,0.700802589305975,cdu,,,0,,,,,,,,,0,,,,,0,,,0.473647396215857,0,0,,,,,,,,,0,,,,0,0,0.133704053439653,,0,,0,,,,0.113961459098381,,,,,,,,0.0625852481376561,,,,,,0,,,,0.0251897317525268,0,,,0,,,0,,,,0,0,0,,,0.190912111355926,,,,,0,,,,0,0,,,0,0,0.473647396215857
0,0,2009,2009-09-27,286,Schwarzwald-Baar,08,Baden-Württemberg,zweitstimme,167458,117355,114737,2618,0.700802589305975,cdu,,,0.0014467869998344,,,,,,,,,0,,,,,0.000531650644517462,,,0.363387573319853,0,0,,,,,,,,,0,,,,0.000871558433635183,0,0.20753549421721,,0,,0,,,,0.116300757384279,,,,,,,,0.0683040344439893,,,,,,0.000697246746908146,,,,0.0172394258173039,0.00396559087304008,,,0.00604861552942817,,,0.0183985985340387,,,,0,0,0.00481971813800256,,,0.177571315268832,,,,,0.00816650252316167,,,,0.00221375842143337,0.00250137270453298,,,0,0,0.363387573319853
0,0,2009,2009-09-27,287,Konstanz,08,Baden-Württemberg,erststimme,197671,140167,137374,2793,0.709092380774115,cdu,,,0,,,,,,,,,0,,,,,0,,,0.431347998893532,0,0,,,,,,,,,0,,,,0,0,0.14802655524335,,0,,0,,,,0.126945419074934,,,,,,,,0.065099654956542,,,,,,0,,,,0.0122876235677785,0,,,0,,,0,,,,0,0,0,,,0.216292748263864,,,,,0,,,,0,0,,,0,0,0.431347998893532
0,0,2009,2009-09-27,287,Konstanz,08,Baden-Württemberg,zweitstimme,197671,140167,137687,2480,0.709092380774115,cdu,,,0.000842490576452389,,,,,,,,,0,,,,,0.000435770987820201,,,0.318432386499815,0,0,,,,,,,,,0,,,,0.000602816533151278,0,0.213324424237582,,0,,0,,,,0.148757689542223,,,,,,,,0.0678640685031993,,,,,,0.000450296687414208,,,,0.00950707038427738,0.00337722515560656,,,0.0030431340649444,,,0.023952878630517,,,,0,0,0.00387109894180278,,,0.189175448662546,,,,,0.00957969888224742,,,,0.00322470530986949,0.00355879640053164,,,0,0,0.318432386499815
0,0,2009,2009-09-27,288,Waldshut,08,Baden-Württemberg,erststimme,177784,125418,122729,2689,0.705451559195428,cdu,,,0,,,,,,,,,0,,,,,0,,,0.415280821973617,0,0,,,,,,,,,0,,,,0,0,0.111513986099455,,0,,0,,,,0.106665906183543,,,,,,,,0.0578510376520627,,,,,,0,,,,0.0135827717980265,0.00686879221699843,,,0,,,0,,,,0,0,0,,,0.285393020394528,,,,,0,,,,0,0,,,0,0.00284366368177041,0.415280821973617
0,0,2009,2009-09-27,288,Waldshut,08,Baden-Württemberg,zweitstimme,177784,125418,123352,2066,0.705451559195428,cdu,,,0.000389130293793372,,,,,,,,,0,,,,,0.000543161035086582,,,0.366439133536546,0,0,,,,,,,,,0,,,,0.000599909202931448,0,0.186401517608146,,0,,0,,,,0.137581879499319,,,,,,,,0.0629499319021986,,,,,,0.000308061482586419,,,,0.00762857513457423,0.0049533043647448,,,0.00465334976327907,,,0.0181918412348401,,,,0,0,0.00964718853362734,,,0.186928464880991,,,,,0.00704487969388417,,,,0.00274012581879499,0.00299954601465724,,,0,0,0.366439133536546
0,0,2009,2009-09-27,289,Reutlingen,08,Baden-Württemberg,erststimme,198466,145837,142443,3394,0.734821077665696,cdu,,,0,,,,,,,,,0,,,,,0,,,0.426507445083297,0,0,,,,,,,,,0,,,,0,0,0.127791467464179,,0,,0,,,,0.139501414600928,,,,,,,,0.0593360151077975,,,,,,0.00344699283222061,,,,0.0174876968331192,0,,,0,,,0,,,,0,0,0,,,0.220403951054106,,,,,0,,,,0,0,,,0,0.0055250170243536,0.426507445083297
0,0,2009,2009-09-27,289,Reutlingen,08,Baden-Württemberg,zweitstimme,198466,145837,143275,2562,0.734821077665696,cdu,,,0.000565346361891468,,,,,,,,,0,,,,,0.000523468853603211,,,0.337811900191939,0,0,,,,,,,,,0,,,,0.00067004013261211,0,0.20059326470075,,0,,0,,,,0.149307276217065,,,,,,,,0.0702146222299773,,,,,,0.0013261210957948,,,,0.0127028441807712,0.00283371139417205,,,0.00408305705810504,,,0.0194939801081836,,,,0,0,0.00895480718897226,,,0.179863898098063,,,,,0.00596056534636189,,,,0.0018426103646833,0.00325248647705462,,,0,0,0.337811900191939
0,0,2009,2009-09-27,290,Tübingen,08,Baden-Württemberg,erststimme,189559,143896,141697,2199,0.759109301061939,cdu,,,0,,,,,,,,,0,,,,,0,,,0.389478958622977,0,0,,,,,,,,,0,,,,0,0,0.0965440341009337,,0,,0,,,,0.215671467991559,,,,,,,,0.0691687191683663,,,,,,0,,,,0.0146650952384313,0.00574465232150293,,,0,,,0,,,,0,0,0,,,0.201140461689379,,,,,0,,,,0,0,,,0,0.00758661086684969,0.389478958622977
0,0,2009,2009-09-27,290,Tübingen,08,Baden-Württemberg,zweitstimme,189559,143896,142041,1855,0.759109301061939,cdu,,,0.000295689272815596,,,,,,,,,0,,,,,0.000443533909223393,,,0.306974746728057,0,0,,,,,,,,,0,,,,0.00051393611703663,0,0.170605670193817,,0,,0,,,,0.189656507628079,,,,,,,,0.0787448694391056,,,,,,0.000985630909385318,,,,0.010222400574482,0.0044564597545779,,,0.00369611591019494,,,0.0256827254102689,,,,0,0,0.00789912771664519,,,0.188839842017446,,,,,0.00612499207975162,,,,0.00223879020846094,0.00261896213065242,,,0,0,0.306974746728057
0,0,2009,2009-09-27,291,Ulm,08,Baden-Württemberg,erststimme,218867,161673,158405,3268,0.738681482361434,cdu,,,0,,,,,,,,,0,,,,,0,,,0.428004166535147,0,0,,,,,,,,,0,,,,0,0,0.11535620719043,,0,,0,,,,0.135582841450712,,,,,,,,0.0606357122565576,,,,,,0.00195069600075755,,,,0.0158454594236293,0,,,0,,,0,,,,0,0,0,,,0.226476436981156,,,,,0,,,,0,0,,,0,0.0161484801616111,0.428004166535147
0,0,2009,2009-09-27,291,Ulm,08,Baden-Württemberg,zweitstimme,218867,161673,159107,2566,0.738681482361434,cdu,,,0.000483951051807903,,,,,,,,,0,,,,,0.00060965262370606,,,0.359242522327742,0,0,,,,,,,,,0,,,,0.000817060217338018,0,0.180432036302614,,0,,0,,,,0.143859163958845,,,,,,,,0.0668983765641989,,,,,,0.00101189765378016,,,,0.0112628608420748,0.00539888251302583,,,0.00406016077231046,,,0.0270635484296731,,,,0,0,0.00760494509983847,,,0.17865964413885,,,,,0.00683188043266481,,,,0.00246375080920387,0.00329966626232661,,,0,0,0.359242522327742
0,0,2009,2009-09-27,292,Biberach,08,Baden-Württemberg,erststimme,162508,117289,114026,3263,0.721742929578852,cdu,,,0,,,,,,,,,0,,,,,0,,,0.426762317366215,0,0,,,,,,,,,0,,,,0,0,0.151132197919773,,0,,0,,,,0.0980127339378738,,,,,,,,0.0536456597618087,,,,,,0,,,,0.020951361970077,0.0154350762106888,,,0,,,0,,,,0,0,0,,,0.230429901952186,,,,,0,,,,0,0,,,0,0.00363075088137793,0.426762317366215
0,0,2009,2009-09-27,292,Biberach,08,Baden-Württemberg,zweitstimme,162508,117289,114986,2303,0.721742929578852,cdu,,,0.000521802654236168,,,,,,,,,0,,,,,0.000669646739603082,,,0.432122171394779,0,0,,,,,,,,,0,,,,0.000869671090393613,0,0.188414241733776,,0,,0,,,,0.108917607360896,,,,,,,,0.0577113735585202,,,,,,0.000347868436157445,,,,0.0121840919764145,0.0133581479484459,,,0.00359174160332562,,,0.0198024107282626,,,,0,0,0.0112100603551737,,,0.136903623049763,,,,,0.00764440888455986,,,,0.00240898892039031,0.0033221435653036,,,0,0,0.432122171394779
0,0,2009,2009-09-27,293,Bodensee,08,Baden-Württemberg,erststimme,167789,122655,120474,2181,0.73100739619403,cdu,,,0,,,,,,,,,0,,,,,0,,,0.449632285804406,0,0,,,,,,,,,0,,,,0,0,0.137133323372678,,0,,0,,,,0.144006175606355,,,,,,,,0.0587429652871159,,,,,,0,,,,0.0147002672775869,0,,,0,,,0,,,,0,0,0,,,0.195784982651858,,,,,0,,,,0,0,,,0,0,0.449632285804406
0,0,2009,2009-09-27,293,Bodensee,08,Baden-Württemberg,zweitstimme,167789,122655,120888,1767,0.73100739619403,cdu,,,0.00122427370789491,,,,,,,,,0,,,,,0.0004715108199325,,,0.365669049037125,0,0,,,,,,,,,0,,,,0.000554232016411885,0,0.20252630534048,,0,,0,,,,0.140311693468334,,,,,,,,0.0643157302627225,,,,,,0.0004715108199325,,,,0.0105634967904176,0.00583184435179671,,,0.00284560915889087,,,0.0201922440606181,,,,0,0,0.00519489113890543,,,0.166104162530607,,,,,0.00672523327377407,,,,0.00367282112368473,0.00332539209847131,,,0,0,0.365669049037125
0,0,2009,2009-09-27,294,Ravensburg,08,Baden-Württemberg,erststimme,181362,130128,127018,3110,0.717504218083171,cdu,,,0,,,,,,,,,0,,,,,0,,,0.448212064431813,0,0,,,,,,,,,0,,,,0,0,0.141287061676298,,0,,0,,,,0.146742981309736,,,,,,,,0.062337621439481,,,,,,0,,,,0.0157930372073249,0,,,0,,,0,,,,0,0,0,,,0.177376434836008,,,,,0,,,,0,0,,,0,0.00825079909934025,0.448212064431813
0,0,2009,2009-09-27,294,Ravensburg,08,Baden-Württemberg,zweitstimme,181362,130128,128162,1966,0.717504218083171,cdu,,,0.000897301852343128,,,,,,,,,0,,,,,0.0006710257330566,,,0.375665173764454,0,0,,,,,,,,,0,,,,0.000592999485026763,0,0.1872395873972,,0,,0,,,,0.143630717373324,,,,,,,,0.0657605218395468,,,,,,0.000577394235420796,,,,0.00975328100372965,0.015332157737863,,,0.00384669402787098,,,0.0187575100263729,,,,0,0,0.00736567781401664,,,0.155810614690782,,,,,0.00688971770103463,,,,0.00346436541252477,0.00374525990543219,,,0,0,0.375665173764454
0,0,2009,2009-09-27,295,Zollernalb - Sigmaringen,08,Baden-Württemberg,erststimme,185890,130436,127193,3243,0.701683791489591,cdu,,,0,,,,,,,,,0,,,,,0,,,0.494193862869812,0,0,,,,,,,,,0,,,,0,0,0.13538480891244,,0,,0,,,,0.0927881251326724,,,,,,,,0.0651922668700322,,,,,,0,,,,0.0227606865157674,0,,,0,,,0,,,,0,0,0,,,0.170567562680336,,,,,0,,,,0,0,,,0,0.0191126870189397,0.494193862869812
0,0,2009,2009-09-27,295,Zollernalb - Sigmaringen,08,Baden-Württemberg,zweitstimme,185890,130436,127815,2621,0.701683791489591,cdu,,,0.000672847474866017,,,,,,,,,0,,,,,0.000508547510073153,,,0.389422211790478,0,0,,,,,,,,,0,,,,0.000891914094589837,0,0.214794820639205,,0,,0,,,,0.0983530884481477,,,,,,,,0.0685600281657082,,,,,,0.00107186167507726,,,,0.0159292727770606,0.00447521808864374,,,0.00469428470836756,,,0.0193795720377108,,,,0,0,0.0119469545827954,,,0.156483980753433,,,,,0.00747956030199898,,,,0.00232367093064194,0.00301216602120252,,,0,0,0.389422211790478
0,0,2009,2009-09-27,296,Saarbrücken,10,Saarland,erststimme,207292,146713,144014,2699,0.707760067923509,cdu,,,0,,,,,,,,,0,,,,,0,,,0.317663560487175,0,0,,,,,,,,,0,,,,0,0,0.0735831238629578,,0,,0,,,,0.0673267876734206,,,,,,,,0.221825655839016,,,,,,0.00224283750190954,,,,0.0136583943227742,0,,,0,,,0,,,,0,0,0,,,0.303699640312747,,,,,0,,,,0,0,,,0,0,0.317663560487175
0,0,2009,2009-09-27,296,Saarbrücken,10,Saarland,zweitstimme,207292,146713,144580,2133,0.707760067923509,cdu,,,0,,,,,,,,,0,,,,,0,,,0.265022824733711,0,0,,,,,,,,,0,,,,0,0.0110388712131692,0.122084659012312,,0,,0,,,,0.0877368930695809,,,,,,,,0.239770369345691,,,,,,0.000774657628994328,,,,0.0120141098353853,0,,,0,,,0.017540462027943,,,,0,0.00520127265181906,0,,,0.238815880481394,,,,,0,,,,0,0,,,0,0,0.265022824733711
0,0,2009,2009-09-27,297,Saarlouis,10,Saarland,erststimme,214924,159639,155617,4022,0.74276953713871,cdu,,,0,,,,,,,,,0,,,,,0,,,0.374618454281987,0,0,,,,,,,,,0,,,,0,0,0.0740021977033358,,0,,0,,,,0.0536059684995855,,,,,,,,0.155792747578992,,,,,,0,,,,0.0130127171195949,0,,,0,,,0,,,,0,0,0,,,0.328967914816505,,,,,0,,,,0,0,,,0,0,0.374618454281987
0,0,2009,2009-09-27,297,Saarlouis,10,Saarland,zweitstimme,214924,159639,156193,3446,0.74276953713871,cdu,,,0,,,,,,,,,0,,,,,0,,,0.323740500534595,0,0,,,,,,,,,0,,,,0,0.0128879015064696,0.125761077641124,,0,,0,,,,0.0652654088211379,,,,,,,,0.198837335860122,,,,,,0.0003073121074568,,,,0.0119979768619592,0,,,0,,,0.0140083102315725,,,,0,0.00551241092750635,0,,,0.241681765508057,,,,,0,,,,0,0,,,0,0,0.323740500534595
0,0,2009,2009-09-27,298,St. Wendel,10,Saarland,erststimme,184896,142795,138981,3814,0.772299022152994,cdu,,,0,,,,,,,,,0,,,,,0,,,0.400968477705586,0,0,,,,,,,,,0,,,,0,0,0.0682539339909772,,0,,0,,,,0.0435886919794792,,,,,,,,0.165238413883912,,,,,,0,,,,0.0132032436088386,0,,,0,,,0,,,,0,0,0,,,0.308747238831207,,,,,0,,,,0,0,,,0,0,0.400968477705586
0,0,2009,2009-09-27,298,St. Wendel,10,Saarland,zweitstimme,184896,142795,139716,3079,0.772299022152994,cdu,,,0,,,,,,,,,0,,,,,0,,,0.346223768215523,0,0,,,,,,,,,0,,,,0,0.0162687165392654,0.108033439262504,,0,,0,,,,0.0537304245755676,,,,,,,,0.191638752898737,,,,,,0.000300609808468608,,,,0.0116593661427467,0,,,0,,,0.0132626184545793,,,,0,0.00475249792436085,0,,,0.254129806178247,,,,,0,,,,0,0,,,0,0,0.346223768215523
0,0,2009,2009-09-27,299,Homburg,10,Saarland,erststimme,201442,147047,143916,3131,0.729971902582381,cdu,,,0,,,,,,,,,0,,,,,0,,,0.334167153061508,0,0,,,,,,,,,0,,,,0,0.0285027377081075,0.0730148141971706,,0,,0,,,,0.0456863726062425,,,,,,,,0.194092387225882,,,,,,0,,,,0.0153283860029462,0,,,0,,,0,,,,0,0,0,,,0.309208149198143,,,,,0,,,,0,0,,,0,0,0.334167153061508
0,0,2009,2009-09-27,299,Homburg,10,Saarland,zweitstimme,201442,147047,144378,2669,0.729971902582381,cdu,,,0,,,,,,,,,0,,,,,0,,,0.291131612849603,0,0,,,,,,,,,0,,,,0,0.0209865769022981,0.118016595326158,,0,,0,,,,0.0634722741691948,,,,,,,,0.217359985593373,,,,,,0.00034631315020294,,,,0.0149538018257629,0,,,0,,,0.0141503553172921,,,,0,0.00552023161423486,0,,,0.254062253251881,,,,,0,,,,0,0,,,0,0,0.291131612849603
0,0,2013,2013-09-22,001,Flensburg - Schleswig,01,Schleswig-Holstein,erststimme,226944,162749,160526,2223,0.717132860970107,cdu,,,,0.0326053100432329,,,,0,0,,0,0,,0,,,0,,,0.42507132800917,,0,,,,0,,0,0,,0,,,,,0,0.018931512652156,,,0,,,,,0.0778129399598819,,,,,,,,0.0463227140774703,,,,,,0,0,,0,0.00594919203119744,0,,0,0,,,0.0212925009032805,,0,,0,0,0,,,0.372014502323611,,,,,0,,,,0,0,,,,0,0.42507132800917
0,0,2013,2013-09-22,001,Flensburg - Schleswig,01,Schleswig-Holstein,zweitstimme,226944,162749,160636,2113,0.717132860970107,cdu,,,,0.0408563460245524,,,,0,0,,0,0,,0,,,0,,,0.381900694738415,,0,,,,0,,0,0,,0,,,,,0,0.0502066784531487,,,0.00648671530665604,,,,,0.0979481560795837,,,,,,,,0.0565502129037078,,,,,,0.000273911202968201,0,,0,0.0057832615353968,0,,0,0,,,0.0198149854329042,,0,,0,0.0049179511442018,0,,,0.326178440698225,,,,,0.00908264648024104,,,,0,0,,,,0,0.381900694738415
0,0,2013,2013-09-22,002,Nordfriesland - Dithmarschen Nord,01,Schleswig-Holstein,erststimme,186177,131527,129879,1648,0.706462130123485,cdu,,,,0.030590010702269,,,,0,0,,0,0,,0,,,0,,,0.497986587516073,,0,,,,0,,0,0,,0,,,,,0,0.0244227319274094,,,0,,,,,0.0651760484758891,,,,,,,,0.0358256531078927,,,,,,0,0,,0,0.00582850191331932,0,,0,0,,,0.0189946026686377,,0,,0,0,0,,,0.32117586368851,,,,,0,,,,0,0,,,,0,0.497986587516073
0,0,2013,2013-09-22,002,Nordfriesland - Dithmarschen Nord,01,Schleswig-Holstein,zweitstimme,186177,131527,130044,1483,0.706462130123485,cdu,,,,0.0384023868844391,,,,0,0,,0,0,,0,,,0,,,0.433568638307035,,0,,,,0,,0,0,,0,,,,,0,0.0639860354956784,,,0.00580572729230107,,,,,0.0811033188766879,,,,,,,,0.0440850788963735,,,,,,0.000346036726031189,0,,0,0.00563655378179693,0,,0,0,,,0.0185552582202947,,0,,0,0.00431392451785549,0,,,0.296745716834302,,,,,0.00745132416720495,,,,0,0,,,,0,0.433568638307035
0,0,2013,2013-09-22,003,Steinburg - Dithmarschen Süd,01,Schleswig-Holstein,erststimme,176731,126409,124886,1523,0.715262178112499,cdu,,,,0.0357766282849959,,,,0,0,,0,0,,0,,,0,,,0.45376583444101,,0,,,,0,,0,0,,0,,,,,0,0.0506381820220041,,,0,,,,,0.0511346347869257,,,,,,,,0.0393078487580674,,,,,,0,0,,0,0.00784715660682543,0,,0,0,,,0.0214115273129094,,0,,0,0,0,,,0.340118187787262,,,,,0,,,,0,0,,,,0,0.45376583444101
0,0,2013,2013-09-22,003,Steinburg - Dithmarschen Süd,01,Schleswig-Holstein,zweitstimme,176731,126409,124958,1451,0.715262178112499,cdu,,,,0.0439507674578658,,,,0,0,,0,0,,0,,,0,,,0.419404920053138,,0,,,,0,,0,0,,0,,,,,0,0.0615326749787929,,,0.00695433665711679,,,,,0.0759055042494278,,,,,,,,0.0503049024472223,,,,,,0.000272091422718033,0,,0,0.00830679108180349,0,,0,0,,,0.0216792842395045,,0,,0,0.00412938747419133,0,,,0.300116839257991,,,,,0.00744250068022856,,,,0,0,,,,0,0.419404920053138
0,0,2013,2013-09-22,004,Rendsburg-Eckernförde,01,Schleswig-Holstein,erststimme,198903,149583,147840,1743,0.752039939065776,cdu,,,,0.0343885281385281,,,,0,0,,0,0,,0,,,0,,,0.451670725108225,,0,,,,0,,0,0,,0,,,,,0,0.0186282467532468,,,0,,,,,0.0697104978354978,,,,,,,,0.0331574675324675,,,,,,0,0,,0,0.00585768398268398,0,,0,0,,,0.0186417748917749,,0,,0,0,0,,,0.367945075757576,,,,,0,,,,0,0,,,,0,0.451670725108225
0,0,2013,2013-09-22,004,Rendsburg-Eckernförde,01,Schleswig-Holstein,zweitstimme,198903,149583,147967,1616,0.752039939065776,cdu,,,,0.0439287138348416,,,,0,0,,0,0,,0,,,0,,,0.40785445403367,,0,,,,0,,0,0,,0,,,,,0,0.0549176505572188,,,0.00483891678549947,,,,,0.0926355200821805,,,,,,,,0.0435705258604959,,,,,,0.000216264437340758,0,,0,0.00577155717153149,0,,0,0,,,0.0177066508072746,,0,,0,0.00451452012948833,0,,,0.31532706617016,,,,,0.00871816013029932,,,,0,0,,,,0,0.40785445403367
0,0,2013,2013-09-22,005,Kiel,01,Schleswig-Holstein,erststimme,205243,146452,144778,1674,0.71355417724356,spd,,,,0.0279047921645554,,,,0,0,,0,0,,0,,,0,,,0.331024050615425,,0,,,,0,,0,0,,0,,,,,0,0.0211979720675793,,,0,,,,,0.0997043749740983,,,,,,,,0.0526461202668914,,,,,,0,0,,0,0.0057605437290196,0,,0,0,,,0.0246929782149222,,0,,0,0.00635455663153241,0,,,0.43011369130669,,,,,0,,,,0,0,,,,0.000600920029286218,0.331024050615425
0,0,2013,2013-09-22,005,Kiel,01,Schleswig-Holstein,zweitstimme,205243,146452,144969,1483,0.71355417724356,spd,,,,0.0371044844070112,,,,0,0,,0,0,,0,,,0,,,0.302775076050742,,0,,,,0,,0,0,,0,,,,,0,0.0531699880664142,,,0.00326276652249791,,,,,0.140678351923515,,,,,,,,0.0691389193551725,,,,,,0.000489759879698418,0,,0,0.00553221723264974,0,,0,0,,,0.0272196124688727,,0,,0,0.00563568762976912,0,,,0.346708606667632,,,,,0.00828452979602536,,,,0,0,,,,0,0.302775076050742
0,0,2013,2013-09-22,006,Plön - Neumünster,01,Schleswig-Holstein,erststimme,174746,127093,125412,1681,0.727301340230964,cdu,,,,0.0385688769814691,,,,0,0,,0,0,,0,,,0,,,0.437222913277836,,0,,,,0,,0,0,,0,,,,,0,0.0185149746435748,,,0,,,,,0.063622300896246,,,,,,,,0.0375402672790483,,,,,,0,0,,0,0.00926546104041081,0,,0,0,,,0.0172790482569451,,0,,0,0,0,,,0.3754425413836,,,,,0,,,,0,0,,,,0.00254361624087009,0.437222913277836
0,0,2013,2013-09-22,006,Plön - Neumünster,01,Schleswig-Holstein,zweitstimme,174746,127093,125573,1520,0.727301340230964,cdu,,,,0.0469925859858409,,,,0,0,,0,0,,0,,,0,,,0.387686843509353,,0,,,,0,,0,0,,0,,,,,0,0.0535306156578245,,,0.00566204518487255,,,,,0.0921933855207728,,,,,,,,0.047677446584855,,,,,,0.00036632078551918,0,,0,0.00922969109601586,0,,0,0,,,0.0171533689567025,,0,,0,0.00426047000549481,0,,,0.327251877394026,,,,,0.00799534931872297,,,,0,0,,,,0,0.387686843509353
0,0,2013,2013-09-22,007,Pinneberg,01,Schleswig-Holstein,erststimme,235610,179055,177352,1703,0.759963499002589,cdu,,,,0.0381501195362894,,,,0,0,,0,0,,0,,,0,,,0.453803734945194,,0,,,,0,,0,0,,0,,,,,0,0.0186239794307366,,,0,,,,,0.0638504217601155,,,,,,,,0.0393849519599441,,,,,,0,0,,0,0.00710451531417746,0,,0,0,,,0.0181841761017637,,0,,0,0,0,,,0.36089810095178,,,,,0,,,,0,0,,,,0,0.453803734945194
0,0,2013,2013-09-22,007,Pinneberg,01,Schleswig-Holstein,zweitstimme,235610,179055,177373,1682,0.759963499002589,cdu,,,,0.0478032169495921,,,,0,0,,0,0,,0,,,0,,,0.405958065771002,,0,,,,0,,0,0,,0,,,,,0,0.0556059828722523,,,0.00443133960636624,,,,,0.0862081602047662,,,,,,,,0.0502331245454494,,,,,,0.000236789139271479,0,,0,0.0074363065404543,0,,0,0,,,0.0189995095082115,,0,,0,0.00374916137179841,0,,,0.312172653109549,,,,,0.00716569038128689,,,,0,0,,,,0,0.405958065771002
0,0,2013,2013-09-22,008,Segeberg - Stormarn-Mitte,01,Schleswig-Holstein,erststimme,244240,183250,181515,1735,0.750286603340976,cdu,,,,0.037897694405421,,,,0,0,,0,0,,0,,,0,,,0.45434812549927,,0,,,,0,,0,0,,0,,,,,0,0.0205051924083409,,,0.00862187697986392,,,,,0.0613778475608077,,,,,,,,0.0385808335399278,,,,,,0,0,,0,0.00655593201663774,0,,0,0,,,0.0195355755722668,,0,,0,0,0,,,0.352576922017464,,,,,0,,,,0,0,,,,0,0.45434812549927
0,0,2013,2013-09-22,008,Segeberg - Stormarn-Mitte,01,Schleswig-Holstein,zweitstimme,244240,183250,181590,1660,0.750286603340976,cdu,,,,0.0497494355416047,,,,0,0,,0,0,,0,,,0,,,0.408398039539622,,0,,,,0,,0,0,,0,,,,,0,0.0575417148521394,,,0.00621730271490721,,,,,0.0864309708684399,,,,,,,,0.0501789746131395,,,,,,0.000253317913982048,0,,0,0.00719753290379426,0,,0,0,,,0.0202984745856049,,0,,0,0.00410815573544799,0,,,0.301178478991134,,,,,0.00844760174018393,,,,0,0,,,,0,0.408398039539622
0,0,2013,2013-09-22,009,Ostholstein - Stormarn-Nord,01,Schleswig-Holstein,erststimme,180022,131939,130388,1551,0.7329048671829,cdu,,,,0.0375571371598613,,,,0,0,,0,0,,0,,,0,,,0.458500782280578,,0,,,,0,,0,0,,0,,,,,0,0.0227168144307758,,,0,,,,,0.0547979875448661,,,,,,,,0.0342746264993711,,,,,,0,0,,0,0.00554498880265055,0,,0,0,,,0.015798999907967,,0,,0,0,0,,,0.37080866337393,,,,,0,,,,0,0,,,,0,0.458500782280578
0,0,2013,2013-09-22,009,Ostholstein - Stormarn-Nord,01,Schleswig-Holstein,zweitstimme,180022,131939,130487,1452,0.7329048671829,cdu,,,,0.0495911470108133,,,,0,0,,0,0,,0,,,0,,,0.411573566715458,,0,,,,0,,0,0,,0,,,,,0,0.0615846789335336,,,0.00543349145891928,,,,,0.0803911500762528,,,,,,,,0.0433989592833003,,,,,,0.000191589966816618,0,,0,0.00564807222175389,0,,0,0,,,0.0161778567979952,,0,,0,0.00374749975093304,0,,,0.31523446780139,,,,,0.00702751998283354,,,,0,0,,,,0,0.411573566715458
0,0,2013,2013-09-22,010,Herzogtum Lauenburg - Stormarn-Süd,01,Schleswig-Holstein,erststimme,241257,182982,181274,1708,0.758452604484015,cdu,,,,0.0460683826693293,,,,0,0,,0,0,,0,,,0,,,0.452100135706169,,0,,,,0,,0,0,,0,,,,,0,0.0215199090879001,,,0,,,,,0.0704679104559948,,,,,,,,0.0376998356079747,,,,,,0,0,,0,0.00748038880368944,0,,0,0,,,0.0160420137471452,,0,,0,0,0,,,0.346155543541821,,,,,0,,,,0,0,,,,0.00246588037997727,0.452100135706169
0,0,2013,2013-09-22,010,Herzogtum Lauenburg - Stormarn-Süd,01,Schleswig-Holstein,zweitstimme,241257,182982,181422,1560,0.758452604484015,cdu,,,,0.0562776289534897,,,,0,0,,0,0,,0,,,0,,,0.405700521436209,,0,,,,0,,0,0,,0,,,,,0,0.0599596520818864,,,0.00427732028089206,,,,,0.0913836249186978,,,,,,,,0.0493986396357663,,,,,,0.000237016458863864,0,,0,0.00759003869431491,0,,0,0,,,0.0167069043445668,,0,,0,0.00349461476557419,0,,,0.297339903650053,,,,,0.00763413477968493,,,,0,0,,,,0,0.405700521436209
0,0,2013,2013-09-22,011,Lübeck,01,Schleswig-Holstein,erststimme,181923,124711,123148,1563,0.685515300429303,spd,,,,0.0337155292818397,,,,0,0,,0,0,,0,,,0,,,0.364569461136194,,0,,,,0,,0,0,,0,,,,,0,0.0240198785201546,,,0.00903790560951051,,,,,0.0769399421833891,,,,,,,,0.0540975086887323,,,,,,0,0,,0,0.00769805437359925,0,,0,0,,,0.0229398772209049,,0,,0,0,0,,,0.406981842985676,,,,,0,,,,0,0,,,,0,0.364569461136194
0,0,2013,2013-09-22,011,Lübeck,01,Schleswig-Holstein,zweitstimme,181923,124711,123271,1440,0.685515300429303,spd,,,,0.0431812835135596,,,,0,0,,0,0,,0,,,0,,,0.342481199957817,,0,,,,0,,0,0,,0,,,,,0,0.0475132026186208,,,0.00633563449635356,,,,,0.110634293548361,,,,,,,,0.0646542982534416,,,,,,0.000754435349757851,0,,0,0.00790129065230265,0,,0,0,,,0.0242879509373656,,0,,0,0.00342335180212702,0,,,0.341386051869458,,,,,0.00744700700083556,,,,0,0,,,,0,0.342481199957817
0,0,2013,2013-09-22,012,Schwerin - Ludwigslust-Parchim I - Nordwestmecklenburg I,13,Mecklenburg-Vorpommern,erststimme,220166,148614,146108,2506,0.67500885695339,cdu,,,,0,,,,0,0,,0,0,,0,,,0,,,0.389889670654584,,0,,,,0,,0,0,,0,,,,,0,0.0154337887042462,,,0.0199852164152545,,,,,0.0356243326854108,,,,,,,,0.221781148191749,,,,,,0,0,,0,0.0337284748268404,0,,0,0,,,0.0228598023379966,,0,,0,0,0,,,0.259150765187396,,,,,0,,,,0,0,,,,0.00154680099652312,0.389889670654584
0,0,2013,2013-09-22,012,Schwerin - Ludwigslust-Parchim I - Nordwestmecklenburg I,13,Mecklenburg-Vorpommern,zweitstimme,220166,148614,146479,2135,0.67500885695339,cdu,,,,0.0528130312194922,,,,0,0,,0,0,,0,,,0,,,0.403341093262515,,0,,,,0,,0,0,,0,,,,,0,0.0225493074092532,,,0.00954403020228156,,,,,0.0446343844510135,,,,,,,,0.203913188921279,,,,,,0.00111961441571829,0,,0,0.0267751691368729,0,,0,0,,,0.0176202732132251,,0.00171355620942251,,0,0,0.000477884201830979,,,0.215498467357096,,,,,0,,,,0,0,,,,0,0.403341093262515
0,0,2013,2013-09-22,013,Ludwigslust-Parchim II - Nordwestmecklenburg II - Landkreis Rostock I,13,Mecklenburg-Vorpommern,erststimme,208976,137171,134812,2359,0.656395949774137,cdu,,,,0,,,,0,0,,0,0,,0,,,0,,,0.429613090822775,,0,,,,0,,0,0,,0,,,,,0,0.015762691748509,,,0.0103699967361956,,,,,0.0344257187787437,,,,,,,,0.228555321484734,,,,,,0,0,,0,0.0314808770732576,0,,0,0,,,0.0219861733376851,,0,,0,0,0,,,0.227806130018099,,,,,0,,,,0,0,,,,0,0.429613090822775
0,0,2013,2013-09-22,013,Ludwigslust-Parchim II - Nordwestmecklenburg II - Landkreis Rostock I,13,Mecklenburg-Vorpommern,zweitstimme,208976,137171,135185,1986,0.656395949774137,cdu,,,,0.0528017161667345,,,,0,0,,0,0,,0,,,0,,,0.421067426119762,,0,,,,0,,0,0,,0,,,,,0,0.0222361948441025,,,0.00818138107038503,,,,,0.0403003291785331,,,,,,,,0.21306357953915,,,,,,0.00113178237230462,0,,0,0.0256315419610164,0,,0,0,,,0.0157265968857492,,0.00215260568850094,,0,0,0.000636165255020897,,,0.197070680918741,,,,,0,,,,0,0,,,,0,0.421067426119762
0,0,2013,2013-09-22,014,Rostock - Landkreis Rostock II,13,Mecklenburg-Vorpommern,erststimme,223885,152820,150151,2669,0.682582575876008,cdu,,,,0,,,,0,0,,0,0,,0,,,0,,,0.350720274923244,,0,,,,0,,0,0,,0,,,,,0,0.0106958994612091,,,0.0092240477918895,,,,,0.0746981372085434,,,,,,,,0.307423859980953,,,,,,0.00362967945601428,0,,0,0.022031155303661,0,,0,0,,,0.0217314569999534,,0,,0,0,0,,,0.183135643452258,,,,,0,,,,0,0,,,,0.0167098454222749,0.350720274923244
0,0,2013,2013-09-22,014,Rostock - Landkreis Rostock II,13,Mecklenburg-Vorpommern,zweitstimme,223885,152820,150774,2046,0.682582575876008,cdu,,,,0.0543595049544351,,,,0,0,,0,0,,0,,,0,,,0.379296165121307,,0,,,,0,,0,0,,0,,,,,0,0.0193070423282529,,,0.00735537957472774,,,,,0.0654887447437887,,,,,,,,0.23738840914216,,,,,,0.00193667343175879,0,,0,0.0164749890564686,0,,0,0,,,0.0237972064148991,,0.00148566729011633,,0,0,0.000703038985501479,,,0.192407178956584,,,,,0,,,,0,0,,,,0,0.379296165121307
0,0,2013,2013-09-22,015,Vorpommern-Rügen - Vorpommern-Greifswald I,13,Mecklenburg-Vorpommern,erststimme,244880,157402,154935,2467,0.642771969944463,cdu,,,,0,,,,0,0,,0,0,,0,,,0,,,0.562442314518992,,0,,,,0,,0,0,,0,,,,,0,0.00791945009197405,,,0.00777745506180011,,,,,0.0305160228482912,,,,,,,,0.192642075709168,,,,,,0,0,,0,0.0256236486268435,0,,0,0,,,0.0241262464904637,,0,,0,0,0,,,0.139981282473295,,,,,0,,,,0,0,,,,0.00897150417917191,0.562442314518992
0,0,2013,2013-09-22,015,Vorpommern-Rügen - Vorpommern-Greifswald I,13,Mecklenburg-Vorpommern,zweitstimme,244880,157402,154976,2426,0.642771969944463,cdu,,,,0.065552085484204,,,,0,0,,0,0,,0,,,0,,,0.449637363204625,,0,,,,0,,0,0,,0,,,,,0,0.0262427730745406,,,0.00945952921742721,,,,,0.0475686557918646,,,,,,,,0.206031901713814,,,,,,0.00103887053479248,0,,0,0.0227454573611398,0,,0,0,,,0.0227583625851745,,0.00212936196572373,,0,0,0.000813029114185422,,,0.146022609952509,,,,,0,,,,0,0,,,,0,0.449637363204625
0,0,2013,2013-09-22,016,Mecklenburgische Seenplatte I - Vorpommern-Greifswald II,13,Mecklenburg-Vorpommern,erststimme,234110,148874,146096,2778,0.635914740933749,cdu,,,,0,,,,0,0,,0,0,,0,,,0,,,0.459074854889935,,0,,,,0,,0,0,,0,,,,,0,0.0184467747234695,,,0.0190354287591721,,,,,0.0229917314642427,,,,,,,,0.23937684809988,,,,,,0,0,,0,0.0583520424926076,0,,0,0,,,0.0261814149600263,,0,,0,0,0,,,0.156540904610667,,,,,0,,,,0,0,,,,0,0.459074854889935
0,0,2013,2013-09-22,016,Mecklenburgische Seenplatte I - Vorpommern-Greifswald II,13,Mecklenburg-Vorpommern,zweitstimme,234110,148874,146360,2514,0.635914740933749,cdu,,,,0.0604673408034982,,,,0,0,,0,0,,0,,,0,,,0.449350915550697,,0,,,,0,,0,0,,0,,,,,0,0.0198824815523367,,,0.0104058485925116,,,,,0.0273981962284777,,,,,,,,0.216302268379339,,,,,,0.00111369226564635,0,,0,0.0461533205793933,0,,0,0,,,0.017962558075977,,0.00230254167805411,,0,0,0.00105903252254714,,,0.147601803771522,,,,,0,,,,0,0,,,,0,0.449350915550697
0,0,2013,2013-09-22,017,Mecklenburgische Seenplatte II - Landkreis Rostock III,13,Mecklenburg-Vorpommern,erststimme,218688,136837,133642,3195,0.625717917764121,cdu,,,,0,,,,0,0,,0,0,,0,,,0,,,0.470301252600231,,0,,,,0,,0,0,,0,,,,,0,0.0148381496834827,,,0.0151449394651382,,,,,0.0305517726463238,,,,,,,,0.22660540847937,,,,,,0.00367399470226426,0,,0,0.0317490010625402,0,,0,0,,,0.0198515436763892,,0,,0,0,0,,,0.187283937684261,,,,,0,,,,0,0,,,,0,0.470301252600231
0,0,2013,2013-09-22,017,Mecklenburgische Seenplatte II - Landkreis Rostock III,13,Mecklenburg-Vorpommern,zweitstimme,218688,136837,133969,2868,0.625717917764121,cdu,,,,0.0508027976621457,,,,0,0,,0,0,,0,,,0,,,0.450902820801827,,0,,,,0,,0,0,,0,,,,,0,0.0206838895565392,,,0.0104651075995193,,,,,0.0333957855921892,,,,,,,,0.215116930036053,,,,,,0.00173920832431383,0,,0,0.0267524576581149,0,,0,0,,,0.0157648411199606,,0.00194074748635878,,0,0,0.00089572960908867,,,0.171539684553889,,,,,0,,,,0,0,,,,0,0.450902820801827
0,0,2013,2013-09-22,018,Hamburg-Mitte,02,Hamburg,erststimme,256862,168465,166020,2445,0.655858009359111,spd,,,,0.0332791229972293,,,,0,0,,0,0,,0,,,0,,,0.281610649319359,,0,,,,0,,0.0104686182387664,0,,0,,,,,0,0.0173352608119504,,,0.00421635947476208,,,,,0.120124081435972,,,,,,,,0.0945247560534875,,,,,,0,0,,0,0.00749909649439827,0,,0,0,,,0.0345319840983014,,0,,0,0,0,,,0.391501023973015,,,,,0,,,,0,0,,,,0.0049090471027587,0.281610649319359
0,0,2013,2013-09-22,018,Hamburg-Mitte,02,Hamburg,zweitstimme,256862,168465,166213,2252,0.655858009359111,spd,,,,0.0432336820826289,,,,0,0,,0,0,,0,,,0,,,0.270418078008339,,0,,,,0,,0.00929530181153099,0,,0,,,,,0,0.0388537599345418,,,0.00354364580387816,,,,,0.136240847587132,,,,,,,,0.109040809082322,,,,,,0.000553506645087929,0,,0,0.00756258535734269,0.00250882903262681,,0,0,,,0.0387574979093091,,0,,0,0.00475293749586374,0,,,0.335238519249397,,,,,0,,,,0,0,,,,0,0.270418078008339
0,0,2013,2013-09-22,019,Hamburg-Altona,02,Hamburg,erststimme,182776,135857,134403,1454,0.743297807151924,spd,,,,0.0230203194869162,,,,0,0,,0,0,,0,,,0,,,0.32446448367968,,0,,,,0,,0.0101113814423785,0,,0,,,,,0,0.0195456946645536,,,0.00369783412572636,,,,,0.136752899860866,,,,,,,,0.102371226832734,,,,,,0.00100444186513694,0,,0,0.00383175970774462,0,,0,0,,,0.0223581318869371,,0,,0,0,0,,,0.349084469840703,,,,,0,,,,0,0,,,,0.00375735660662336,0.32446448367968
0,0,2013,2013-09-22,019,Hamburg-Altona,02,Hamburg,zweitstimme,182776,135857,134464,1393,0.743297807151924,spd,,,,0.0321349952403617,,,,0,0,,0,0,,0,,,0,,,0.294361316039981,,0,,,,0,,0.0080988219895288,0,,0,,,,,0,0.0546837815326035,,,0.002855782960495,,,,,0.16485453355545,,,,,,,,0.108021477867682,,,,,,0.000914742979533555,0,,0,0.00392670157068063,0.00248393622084722,,0,0,,,0.0269960732984293,,0,,0,0.00312351261304141,0,,,0.297544324131366,,,,,0,,,,0,0,,,,0,0.294361316039981
0,0,2013,2013-09-22,020,Hamburg-Eimsbüttel,02,Hamburg,erststimme,189772,143084,141438,1646,0.753978458360559,spd,,,,0.0285213309011722,,,,0,0,,0,0,,0,,,0,,,0.333092945318797,,0,,,,0,,0,0,,0,,,,,0,0.0230772493954949,,,0.00301899065314838,,,,,0.130085267042803,,,,,,,,0.0687792531002984,,,,,,0,0,,0,0.00387448917546911,0,,0,0,,,0.0236994301390008,,0,,0,0,0,,,0.375464867998699,,,,,0,,,,0,0,,,,0.010386176275117,0.333092945318797
0,0,2013,2013-09-22,020,Hamburg-Eimsbüttel,02,Hamburg,zweitstimme,189772,143084,141640,1444,0.753978458360559,spd,,,,0.0366916125388308,,,,0,0,,0,0,,0,,,0,,,0.310569048291443,,0,,,,0,,0.00614233267438577,0,,0,,,,,0,0.0515955944648404,,,0.00280288054221971,,,,,0.155845806269415,,,,,,,,0.0856890708839311,,,,,,0.000395368539960463,0,,0,0.00389014402711099,0.00206862468229314,,0,0,,,0.0264826320248517,,0,,0,0.00370658006212934,0,,,0.314120304998588,,,,,0,,,,0,0,,,,0,0.310569048291443
0,0,2013,2013-09-22,021,Hamburg-Nord,02,Hamburg,erststimme,211824,163950,162284,1666,0.773991615680943,cdu,,,,0.0351729067560573,,,,0,0,,0,0,,0,,,0,,,0.397198738014838,,0,,,,0,,0,0,,0,,,,,0,0.0241613467747899,,,0.00392521751990338,,,,,0.119192280200143,,,,,,,,0.0469916935742279,,,,,,0,0,,0,0.0037588425229844,0,,0,0,,,0.0219306894086909,,0,,0,0,0,,,0.347668285228365,,,,,0,,,,0,0,,,,0,0.397198738014838
0,0,2013,2013-09-22,021,Hamburg-Nord,02,Hamburg,zweitstimme,211824,163950,162438,1512,0.773991615680943,cdu,,,,0.0413757864539086,,,,0,0,,0,0,,0,,,0,,,0.364717615336313,,0,,,,0,,0.00419236878070402,0,,0,,,,,0,0.0630517489749935,,,0.00241322843177089,,,,,0.125321661187653,,,,,,,,0.0653480097021633,,,,,,0.000240091604181288,0,,0,0.00361984264765634,0.00182838990876519,,0,0,,,0.0223962373336288,,0,,0,0.00360137406271931,0,,,0.301893645575543,,,,,0,,,,0,0,,,,0,0.364717615336313
0,0,2013,2013-09-22,022,Hamburg-Wandsbek,02,Hamburg,erststimme,218797,147153,145193,1960,0.672554925341755,spd,,,,0.0415033782620374,,,,0,0,,0,0,,0,,,0,,,0.371932531182633,,0,,,,0,,0,0,,0,,,,,0,0.0191675907240707,,,0.00507600228661161,,,,,0.0641904224032839,,,,,,,,0.0660775657228654,,,,,,0,0,,0,0.00946326613541975,0,,0,0,,,0.0229212152100997,,0,,0,0,0,,,0.399668028072979,,,,,0,,,,0,0,,,,0,0.371932531182633
0,0,2013,2013-09-22,022,Hamburg-Wandsbek,02,Hamburg,zweitstimme,218797,147153,145358,1795,0.672554925341755,spd,,,,0.0487967638520068,,,,0,0,,0,0,,0,,,0,,,0.348388117613066,,0,,,,0,,0.00407270325678669,0,,0,,,,,0,0.0451024367423878,,,0.00385255713479822,,,,,0.0871434664758734,,,,,,,,0.0762118356058834,,,,,,0.000254543953549168,0,,0,0.00919110059301862,0.00157542068547999,,0,0,,,0.0236450694148241,,0,,0,0.00545549608552677,0,,,0.346310488586799,,,,,0,,,,0,0,,,,0,0.348388117613066
0,0,2013,2013-09-22,023,Hamburg-Bergedorf - Harburg,02,Hamburg,erststimme,221887,142704,140615,2089,0.643138173935382,spd,,,,0.0387440884685133,,,,0,0,,0,0,,0,,,0,,,0.355893752444618,,0,,,,0,,0,0,,0,,,,,0,0.0158873519894748,,,0.00517014543256409,,,,,0.0646303737154642,,,,,,,,0.0753475802723749,,,,,,0,0,,0,0.0102833979305195,0.00453009991821641,,0,0,,,0.0227429506098211,,0,,0,0,0,,,0.404416314048999,,,,,0,,,,0,0,,,,0.00235394516943427,0.355893752444618
0,0,2013,2013-09-22,023,Hamburg-Bergedorf - Harburg,02,Hamburg,zweitstimme,221887,142704,140716,1988,0.643138173935382,spd,,,,0.0470735381903977,,,,0,0,,0,0,,0,,,0,,,0.337737002188806,,0,,,,0,,0.0061542397453026,0,,0,,,,,0,0.0351914494442707,,,0.00379487762585634,,,,,0.0917877142613491,,,,,,,,0.0839776571249893,,,,,,0.000540094943005771,0,,0,0.00993490434634299,0.00279285937633247,,0,0,,,0.0256331902555502,,0,,0,0.00501719776002729,0,,,0.35036527473777,,,,,0,,,,0,0,,,,0,0.337737002188806
0,0,2013,2013-09-22,024,Aurich - Emden,03,Niedersachsen,erststimme,190987,134256,132039,2217,0.70295884013048,spd,,,,0,,,,0,0,,0,0,,0,,,0,,,0.323669521883686,,0,,,,0,,0,0,,0,,,,,0,0.0157907890850431,,,0.0141549087769523,,,,,0.0956308363438075,,,,,,,,0.0482660426086232,,,,,,0,0,,0,0,0,,0,0,,,0,,0,,0,0,0,,,0.502487901301888,,,,,0,,,,0,0,,,,0,0.323669521883686
0,0,2013,2013-09-22,024,Aurich - Emden,03,Niedersachsen,zweitstimme,190987,134256,132532,1724,0.70295884013048,spd,,,,0.0312075574200948,,,,0,0,,0,0,,0,,,0,,,0.324646123200435,,0,,,,0,,0,0,,0,,,,,0,0.0326185374098331,,,0.00537983279509854,,,,,0.0832100926568678,,,,,,,,0.0497087495850059,,,,,,0.000264087163854767,0,,0,0.00949959255123291,0,,0,0.00120725560619322,,,0.0143361603235445,,0.000822442881719132,,0,0,0.00082998822925784,,,0.438233785048139,,,,,0.00803579512872363,,,,0,0,,,,0,0.324646123200435
0,0,2013,2013-09-22,025,Unterems,03,Niedersachsen,erststimme,232784,166959,164863,2096,0.717227129012303,cdu,,,,0,,,,0,0,,0,0,,0,,,0,,,0.547339305969199,,0,,,,0,,0,0,,0,,,,,0,0.0260094745334005,,,0.0110394691349787,,,,,0.0512000873452503,,,,,,,,0.0389778179458096,,,,,,0,0,,0,0.0100447037843543,0,,0,0,,,0,,0,,0,0,0,,,0.311828609208858,,,,,0,,,,0,0,,,,0.00356053207814974,0.547339305969199
0,0,2013,2013-09-22,025,Unterems,03,Niedersachsen,zweitstimme,232784,166959,165314,1645,0.717227129012303,cdu,,,,0.0294590899742309,,,,0,0,,0,0,,0,,,0,,,0.487653798226406,,0,,,,0,,0,0,,0,,,,,0,0.0395429304233156,,,0.00451867355456888,,,,,0.0575026918470305,,,,,,,,0.0409584185247468,,,,,,0.000145178266813458,0,,0,0.00809973746930085,0,,0,0.00169979554060757,,,0.0134168914913437,,0.000998100584342524,,0,0,0.000550467595001028,,,0.308981695440193,,,,,0.0064725310621,,,,0,0,,,,0,0.487653798226406
0,0,2013,2013-09-22,026,Friesland - Wilhelmshaven - Wittmund,03,Niedersachsen,erststimme,190034,134162,131793,2369,0.705989454518665,spd,,,,0,,,,0,0,,0,0,,0,,,0,,,0.396644738339669,,0,,,,0,,0,0,,0,,,,,0,0.0229450729553163,,,0.0192574719446405,,,,,0.0558603264209784,,,,,,,,0.0511104535142231,,,,,,0,0,,0,0.0127472627529535,0,,0,0,,,0,,0,,0,0,0,,,0.441434674072219,,,,,0,,,,0,0,,,,0,0.396644738339669
0,0,2013,2013-09-22,026,Friesland - Wilhelmshaven - Wittmund,03,Niedersachsen,zweitstimme,190034,134162,132402,1760,0.705989454518665,spd,,,,0.0413815501276416,,,,0,0,,0,0,,0,,,0,,,0.383649793809761,,0,,,,0,,0,0,,0,,,,,0,0.0428241265237685,,,0.0083533481367351,,,,,0.0734958686424676,,,,,,,,0.0514644793885289,,,,,,0.000528692920046525,0,,0,0.00910862373680156,0,,0,0.000619325992054501,,,0.0151583812933339,,0.00112536064409903,,0,0,0.000657089772057824,,,0.36261536834791,,,,,0.00901799066479358,,,,0,0,,,,0,0.383649793809761
0,0,2013,2013-09-22,027,Oldenburg - Ammerland,03,Niedersachsen,erststimme,220409,163543,161795,1748,0.741997831304529,spd,,,,0.0340059952408912,,,,0,0,,0,0,,0,,,0,,,0.367903828919311,,0,,,,0,,0,0,,0,,,,,0,0.0245125003862913,,,0.00708921783738682,,,,,0.114663617540715,,,,,,,,0.0543527303068698,,,,,,0,0,,0,0.00675546215890479,0,,0,0,,,0.01649618344201,,0,,0,0,0,,,0.37422046416762,,,,,0,,,,0,0,,,,0,0.367903828919311
0,0,2013,2013-09-22,027,Oldenburg - Ammerland,03,Niedersachsen,zweitstimme,220409,163543,162141,1402,0.741997831304529,spd,,,,0.0421423329077778,,,,0,0,,0,0,,0,,,0,,,0.351959097328868,,0,,,,0,,0,0,,0,,,,,0,0.050634941193159,,,0.00569257621452933,,,,,0.124397900592694,,,,,,,,0.0649003028228517,,,,,,0.000382383234345415,0,,0,0.00647584509778526,0,,0,0.000814106240864433,,,0.0175957962514108,,0.000616747152170025,,0,0,0.000333043462171813,,,0.325987874750988,,,,,0.00806705275038392,,,,0,0,,,,0,0.351959097328868
0,0,2013,2013-09-22,028,Delmenhorst - Wesermarsch - Oldenburg-Land,03,Niedersachsen,erststimme,227719,162698,160639,2059,0.714468270104822,cdu,,,,0.0329434321677799,,,,0,0,,0,0,,0.00148158292818058,,,0,,,0.397363031393373,,0,,,,0,,0,0,,0,,,,,0,0.0327629031555226,,,0.00808645472145619,,,,,0.0609067536525999,,,,,,,,0.0452754312464595,,,,,,0,0,,0,0.0103026039753734,0,,0,0,,,0.0171004550576137,,0,,0,0,0,,,0.393777351701642,,,,,0,,,,0,0,,,,0,0.397363031393373
0,0,2013,2013-09-22,028,Delmenhorst - Wesermarsch - Oldenburg-Land,03,Niedersachsen,zweitstimme,227719,162698,160787,1911,0.714468270104822,cdu,,,,0.0395492172874673,,,,0,0,,0,0,,0,,,0,,,0.389459346837742,,0,,,,0,,0,0,,0,,,,,0,0.0499729455739581,,,0.00666720568205141,,,,,0.0812192528002886,,,,,,,,0.0548178646283593,,,,,,0.000254995739705324,0,,0,0.0100256861562191,0,,0,0.000497552662839657,,,0.0160274151517225,,0.00113815171624572,,0,0,0.000603282603693085,,,0.341122105642869,,,,,0.00864497751683905,,,,0,0,,,,0,0.389459346837742
0,0,2013,2013-09-22,029,Cuxhaven - Stade II,03,Niedersachsen,erststimme,187640,137151,135661,1490,0.730926241739501,cdu,,,,0.0297358857740987,,,,0,0,,0,0,,0.00201236906701263,,,0,,,0.467569898496989,,0,,,,0,,0,0,,0,,,,,0,0.0137991021738009,,,0,,,,,0.0613735708862532,,,,,,,,0.0361489300535895,,,,,,0,0,,0,0.00962693773449997,0,,0,0,,,0.0156271883592189,,0,,0,0,0,,,0.364106117454537,,,,,0,,,,0,0,,,,0,0.467569898496989
0,0,2013,2013-09-22,029,Cuxhaven - Stade II,03,Niedersachsen,zweitstimme,187640,137151,135967,1184,0.730926241739501,cdu,,,,0.0349570116278215,,,,0,0,,0,0,,0,,,0,,,0.439069774283466,,0,,,,0,,0,0,,0,,,,,0,0.0362146697360389,,,0.00430986930652291,,,,,0.0705465296726412,,,,,,,,0.0459008435870469,,,,,,0.000308898482720072,0,,0,0.00934050173939265,0,,0,0.000742827303683982,,,0.0144741003331691,,0.00102966160906691,,0,0,0.000316253208499121,,,0.334890083623232,,,,,0.00789897548669898,,,,0,0,,,,0,0.439069774283466
0,0,2013,2013-09-22,030,Stade I - Rotenburg II,03,Niedersachsen,erststimme,194958,145131,143970,1161,0.744421875480873,cdu,,,,0.0391192609571438,,,,0,0,,0,0,,0,,,0,,,0.476106133222199,,0,,,,0,,0,0,,0,,,,,0,0.0173994582204626,,,0.00526498576092241,,,,,0.0632006668055845,,,,,,,,0.0338820587622421,,,,,,0,0,,0,0.0101201639230395,0,,0,0,,,0.0137875946377718,,0,,0,0,0,,,0.341119677710634,,,,,0,,,,0,0,,,,0,0.476106133222199
0,0,2013,2013-09-22,030,Stade I - Rotenburg II,03,Niedersachsen,zweitstimme,194958,145131,144184,947,0.744421875480873,cdu,,,,0.0452962880763469,,,,0,0,,0,0,,0,,,0,,,0.44715086278644,,0,,,,0,,0,0,,0,,,,,0,0.0417730122621095,,,0.00430006103312434,,,,,0.0777409421295012,,,,,,,,0.0417591410974865,,,,,,0.000117904899295345,0,,0,0.00903012816956112,0,,0,0.000825334295067414,,,0.0147797259057871,,0.000749042889641014,,0,0,0.000374521444820507,,,0.30931309992787,,,,,0.00678993508294956,,,,0,0,,,,0,0.44715086278644
0,0,2013,2013-09-22,031,Mittelems,03,Niedersachsen,erststimme,228051,170444,168873,1571,0.747394223221999,cdu,,,,0.0223659199516797,,,,0,0,,0,0,,0,,,0,,,0.590414098168446,,0,,,,0,,0,0,,0,,,,,0,0.0158284628093301,,,0,,,,,0.0497000704671558,,,,,,,,0.0269018730051577,,,,,,0,0,,0,0.00520509495301203,0,,0,0,,,0,,0,,0,0,0,,,0.289584480645219,,,,,0,,,,0,0,,,,0,0.590414098168446
0,0,2013,2013-09-22,031,Mittelems,03,Niedersachsen,zweitstimme,228051,170444,169238,1206,0.747394223221999,cdu,,,,0.025591179285976,,,,0,0,,0,0,,0,,,0,,,0.560884671291318,,0,,,,0,,0,0,,0,,,,,0,0.0415509519138728,,,0.00168401895555372,,,,,0.0541249601153405,,,,,,,,0.0301764379158345,,,,,,0.000118176768810787,0,,0,0.00466798236802609,0,,0,0.000673607582221487,,,0.0145121072099647,,0.000803602027913353,,0,0,0.000283624245145889,,,0.260396601236129,,,,,0.00453207908389369,,,,0,0,,,,0,0.560884671291318
0,0,2013,2013-09-22,032,Cloppenburg - Vechta,03,Niedersachsen,erststimme,216300,153769,152353,1416,0.710906148867314,cdu,,,,0.0212532736473847,,,,0,0,,0,0,,0,,,0,,,0.66303256253569,,0,,,,0,,0,0,,0,,,,,0.00670810551810598,0.0184571357308356,,,0.00952393454674342,,,,,0.037426240375969,,,,,,,,0.0250799130965587,,,,,,0,0,,0,0.00571042250562838,0,,0,0,,,0,,0,,0,0,0,,,0.212808412043084,,,,,0,,,,0,0,,,,0,0.66303256253569
0,0,2013,2013-09-22,032,Cloppenburg - Vechta,03,Niedersachsen,zweitstimme,216300,153769,152564,1205,0.710906148867314,cdu,,,,0.0234393434886343,,,,0,0,,0,0,,0,,,0,,,0.631872525628589,,0,,,,0,,0,0,,0,,,,,0,0.0463608715031069,,,0.00523714637791353,,,,,0.0425264151438085,,,,,,,,0.0279161532209433,,,,,,0.000137647151359429,0,,0,0.00574840722581998,0,,0,0.00163865656380273,,,0.011903201279463,,0.000681681130541937,,0,0,0.000334285939015757,,,0.197739964867203,,,,,0.00446370047979864,,,,0,0,,,,0,0.631872525628589
0,0,2013,2013-09-22,033,Diepholz - Nienburg I,03,Niedersachsen,erststimme,193097,142350,140854,1496,0.73719425987975,cdu,,,,0.0253524926519659,,,,0,0,,0,0,,0,,,0,,,0.474690104647365,,0,,,,0,,0,0,,0,,,,,0,0.0198574410382382,,,0.00641089354934897,,,,,0.0756173058628083,,,,,,,,0.0350220796001533,,,,,,0,0,,0,0.00914422025643574,0,,0,0,,,0.0153776250585713,,0,,0,0,0,,,0.334154514603774,,,,,0,,,,0,0,,,,0.00437332273133883,0.474690104647365
0,0,2013,2013-09-22,033,Diepholz - Nienburg I,03,Niedersachsen,zweitstimme,193097,142350,141135,1215,0.73719425987975,cdu,,,,0.0342934070216459,,,,0,0,,0,0,,0,,,0,,,0.435072802635774,,0,,,,0,,0,0,,0,,,,,0,0.0490948382754101,,,0.00476848407553052,,,,,0.0818790519715167,,,,,,,,0.0450561519112906,,,,,,0.00014879370815177,0,,0,0.0083253622418252,0,,0,0.000970701810323449,,,0.0151840436461544,,0.00119743507988805,,0,0,0.000722712296737167,,,0.314812059375775,,,,,0.00847415594997697,,,,0,0,,,,0,0.435072802635774
0,0,2013,2013-09-22,034,Osterholz - Verden,03,Niedersachsen,erststimme,193643,144923,143421,1502,0.748402989005541,cdu,,,,0.0313691858235544,,,,0,0,,0,0,,0,,,0,,,0.440479427698873,,0,,,,0,,0,0,,0,,,,,0,0.00947559980755956,,,0,,,,,0.0678352542514695,,,,,,,,0.0501669908869691,,,,,,0,0,,0,0.00898752623395458,0,,0,0,,,0.0175427587312876,,0,,0,0,0,,,0.374143256566333,,,,,0,,,,0,0,,,,0,0.440479427698873
0,0,2013,2013-09-22,034,Osterholz - Verden,03,Niedersachsen,zweitstimme,193643,144923,143215,1708,0.748402989005541,cdu,,,,0.0383130258701952,,,,0,0,,0,0,,0,,,0,,,0.399699752120937,,0,,,,0,,0,0,,0,,,,,0,0.03655343364871,,,0.00273714345564361,,,,,0.0957162308417414,,,,,,,,0.0559159305938624,,,,,,0.000404985511294208,0,,0,0.00922389414516636,0,,0,0.0013266766749293,,,0.0185385609049331,,0.00115211395454387,,0,0,0.000628425793387564,,,0.331061690465384,,,,,0.00872813601927173,,,,0,0,,,,0,0.399699752120937
0,0,2013,2013-09-22,035,Rotenburg I - Heidekreis,03,Niedersachsen,erststimme,167867,122823,121506,1317,0.731668523295228,cdu,,,,0,,,,0,0,,0,0,,0,,,0,,,0.448109558375718,,0,,,,0,,0,0,,0,,,,,0,0.0172584069922473,,,0.0113903840139582,,,,,0.049594258719734,,,,,,,,0.0391585600711076,,,,,,0,0,,0,0.0133079847908745,0,,0,0,,,0.0154313367241124,,0,,0,0,0,,,0.405749510312248,,,,,0,,,,0,0,,,,0,0.448109558375718
0,0,2013,2013-09-22,035,Rotenburg I - Heidekreis,03,Niedersachsen,zweitstimme,167867,122823,121829,994,0.731668523295228,cdu,,,,0.0376429257401768,,,,0,0,,0,0,,0,,,0,,,0.436373933956611,,0,,,,0,,0,0,,0,,,,,0,0.0404665555820043,,,0.00653374812236824,,,,,0.084807393970237,,,,,,,,0.0457362368565777,,,,,,0.000180580978256409,0,,0,0.0104654885125873,0,,0,0.0014282313734825,,,0.0141345656617062,,0.00117377635866666,,0,0,0.00055815938733799,,,0.312060346879643,,,,,0.00843805662034491,,,,0,0,,,,0,0.436373933956611
0,0,2013,2013-09-22,036,Harburg,03,Niedersachsen,erststimme,194856,152819,151403,1416,0.784266330007801,cdu,,,,0.0574889533232499,,,,0,0,,0,0,,0,,,0,,,0.452157486971857,,0,,,,0,,0,0,,0,,,,,0,0.0337509824772296,,,0.00996677740863787,,,,,0.0710289756477745,,,,,,,,0.0361419522730725,,,,,,0,0,,0,0.00734463649993725,0,,0,0,,,0.015693216118571,,0,,0,0,0,,,0.316427019279671,,,,,0,,,,0,0,,,,0,0.452157486971857
0,0,2013,2013-09-22,036,Harburg,03,Niedersachsen,zweitstimme,194856,152819,151600,1219,0.784266330007801,cdu,,,,0.0598218997361478,,,,0,0,,0,0,,0,,,0,,,0.428133245382586,,0,,,,0,,0,0,,0,,,,,0,0.0486939313984169,,,0.00755277044854881,,,,,0.0928627968337731,,,,,,,,0.0438060686015831,,,,,,0.000217678100263852,0,,0,0.00786939313984169,0,,0,0.00104881266490765,,,0.0164841688654354,,0.000930079155672823,,0,0,0.000488126649076517,,,0.283080474934037,,,,,0.00901055408970976,,,,0,0,,,,0,0.428133245382586
0,0,2013,2013-09-22,037,Lüchow-Dannenberg - Lüneburg,03,Niedersachsen,erststimme,179069,133574,132199,1375,0.745935924140974,cdu,,,,0.0372544421667335,,,,0,0,,0,0,,0,,,0,,,0.398217838258988,,0,,,,0,,0,0,,0,,,,,0,0.0159759150976936,,,0,,,,,0.120409382824378,,,,,,,,0.0588809295077875,,,,,,0,0,,0,0.00937979863690346,0,,0,0.00155825687032428,,,0.0217777744158428,,0,,0,0,0,,,0.336545662221348,,,,,0,,,,0,0,,,,0,0.398217838258988
0,0,2013,2013-09-22,037,Lüchow-Dannenberg - Lüneburg,03,Niedersachsen,zweitstimme,179069,133574,132416,1158,0.745935924140974,cdu,,,,0.0441940550990817,,,,0,0,,0,0,,0,,,0,,,0.368203238279362,,0,,,,0,,0,0,,0,,,,,0,0.0398818873852102,,,0.00303588690188497,,,,,0.142671580473659,,,,,,,,0.0694931126147898,,,,,,0.000226558724021266,0,,0,0.008646991300145,0,,0,0.00133669647172547,,,0.0226558724021266,,0.00102706621556307,,0,0,0.000354942000966651,,,0.290108446109232,,,,,0.00816366602223296,,,,0,0,,,,0,0.368203238279362
0,0,2013,2013-09-22,038,Osnabrück-Land,03,Niedersachsen,erststimme,197532,144853,143463,1390,0.733314095943948,cdu,,,,0,,,,0,0,,0,0,,0,,,0,,,0.531001024654441,,0,,,,0,,0,0,,0,,,,,0,0.0177467360922328,,,0.00568787771062922,,,,,0.05806375162934,,,,,,,,0.0359814028704265,,,,,,0,0,,0,0.00791144755093648,0,,0,0.00281605710183113,,,0.0176073273248155,,0,,0,0,0,,,0.323184375065348,,,,,0,,,,0,0,,,,0,0.531001024654441
0,0,2013,2013-09-22,038,Osnabrück-Land,03,Niedersachsen,zweitstimme,197532,144853,143733,1120,0.733314095943948,cdu,,,,0.0282468187542179,,,,0,0,,0,0,,0,,,0,,,0.479861966284708,,0,,,,0,,0,0,,0,,,,,0,0.0459115164923852,,,0.00332561068091531,,,,,0.0768508275761307,,,,,,,,0.0402343233634586,,,,,,0.000160018923977096,0,,0,0.00673470949607954,0,,0,0.00308906096721004,,,0.0152226698113864,,0.000841838687009942,,0,0,0.00025046440274676,,,0.293697341598659,,,,,0.0055728329611154,,,,0,0,,,,0,0.479861966284708
0,0,2013,2013-09-22,039,Stadt Osnabrück,03,Niedersachsen,erststimme,194231,142840,140921,1919,0.735412987628134,cdu,,,,0,,,,0,0,,0,0,,0,,,0,,,0.457107173522754,,0,,,,0,,0,0,,0,,,,,0,0.0279163502955557,,,0.00587563244654807,,,,,0.0891847205171692,,,,,,,,0.04144165880174,,,,,,0,0,,0,0.00627301821587982,0,,0,0.00205789059118229,,,0.0220123331511982,,0,,0,0,0,,,0.348131222457973,,,,,0,,,,0,0,,,,0,0.457107173522754
0,0,2013,2013-09-22,039,Stadt Osnabrück,03,Niedersachsen,zweitstimme,194231,142840,141199,1641,0.735412987628134,cdu,,,,0.0266644947910396,,,,0,0,,0,0,,0,,,0,,,0.430272169066353,,0,,,,0,,0,0,,0,,,,,0,0.0416008611959008,,,0.00334279987818611,,,,,0.108995106197636,,,,,,,,0.0509068761110206,,,,,,0.000233712703347757,0,,0,0.00461759644190115,0,,0,0.00160057790777555,,,0.0197876755501101,,0.00062323387559402,,0,0,0.000347027953455761,,,0.305235872775303,,,,,0.00577199555237643,,,,0,0,,,,0,0.430272169066353
0,0,2013,2013-09-22,040,Nienburg II - Schaumburg,03,Niedersachsen,erststimme,195948,141773,140309,1464,0.723523587890665,spd,,,,0,,,,0,0,,0,0,,0,,,0,,,0.415860707438582,,0,,,,0,,0,0,,0,,,,,0,0.0138978967849532,,,0,,,,,0.0582500053453449,,,,,,,,0.0331340113606397,,,,,,0,0,,0,0.0132136926355401,0,,0,0,,,0.0191933518163482,,0,,0,0,0,,,0.446450334618592,,,,,0,,,,0,0,,,,0,0.415860707438582
0,0,2013,2013-09-22,040,Nienburg II - Schaumburg,03,Niedersachsen,zweitstimme,195948,141773,140617,1156,0.723523587890665,spd,,,,0.0392128974448324,,,,0,0,,0,0,,0,,,0,,,0.40022899080481,,0,,,,0,,0,0,,0,,,,,0,0.0355077977769402,,,0.00310062083531863,,,,,0.0808579332513139,,,,,,,,0.0427117631580819,,,,,,0.000291572142770789,0,,0,0.00864760306364095,0,,0,0.00150052980791796,,,0.0149910750478249,,0.00113073099269647,,0,0,0.000796489755861667,,,0.362993094718277,,,,,0.00802890119971269,,,,0,0,,,,0,0.40022899080481
0,0,2013,2013-09-22,041,Stadt Hannover I,03,Niedersachsen,erststimme,181122,129867,127979,1888,0.717013946400769,spd,,,,0.0316536306737824,,,,0,0,,0,0,,0,,,0,,,0.364512927902234,,0,,,,0,,0,0,,0,,,,,0,0.0147602341009072,,,0.00617288773939475,,,,,0.0771689105243829,,,,,,,,0.0502816868392471,,,,,,0.00111737081864993,0,,0,0,0,,0,0,,,0.0190187452628947,,0,,0,0,0,,,0.435313606138507,,,,,0,,,,0,0,,,,0,0.364512927902234
0,0,2013,2013-09-22,041,Stadt Hannover I,03,Niedersachsen,zweitstimme,181122,129867,127999,1868,0.717013946400769,spd,,,,0.0363596590598364,,,,0,0,,0,0,,0,,,0,,,0.335236994039016,,0,,,,0,,0,0,,0,,,,,0,0.0472113063383308,,,0.00394534332299471,,,,,0.122797834358081,,,,,,,,0.0624458003578153,,,,,,0.000609379760779381,0,,0,0.00631254931679154,0,,0,0.00107032086188173,,,0.0190157735607309,,0.00131251025398636,,0,0,0.000953132446347237,,,0.355010586020203,,,,,0.00771881030320549,,,,0,0,,,,0,0.335236994039016
0,0,2013,2013-09-22,042,Stadt Hannover II,03,Niedersachsen,erststimme,193157,141215,139344,1871,0.731089217579482,spd,,,,0.0272849925364565,,,,0,0,,0,0,,0,,,0,,,0.338586519692272,,0,,,,0,,0,0,,0,,,,,0,0.014711792398668,,,0,,,,,0.10211419221495,,,,,,,,0.0621268228269606,,,,,,0,0,,0,0.00576271672981973,0,,0,0,,,0.0210773337926283,,0,,0,0,0,,,0.428335629808244,,,,,0,,,,0,0,,,,0,0.338586519692272
0,0,2013,2013-09-22,042,Stadt Hannover II,03,Niedersachsen,zweitstimme,193157,141215,139290,1925,0.731089217579482,spd,,,,0.0340943355589059,,,,0,0,,0,0,,0,,,0,,,0.299260535573264,,0,,,,0,,0,0,,0,,,,,0,0.042953550147175,,,0.00285734797903654,,,,,0.154777801708665,,,,,,,,0.0798980544188384,,,,,,0.000682030296503697,0,,0,0.00528393998133391,0,,0,0.001048172876732,,,0.0223490559264843,,0.00111278627324287,,0,0,0.000574341302318903,,,0.346701127144806,,,,,0.00840692081269294,,,,0,0,,,,0,0.299260535573264
0,0,2013,2013-09-22,043,Hannover-Land I,03,Niedersachsen,erststimme,232941,176671,175013,1658,0.758436685684358,cdu,,,,0.0308148537537212,,,,0,0,,0.00143989303651729,0,,0,,,0,,,0.44287567209293,,0,,,,0,,0,0,,0,,,,,0,0.0257352310971185,,,0.00633667213292727,,,,,0.0499105780713433,,,,,,,,0.0355402170124505,,,,,,0,0,,0,0.00925074137349797,0,,0,0,,,0.0127533383234388,,0,,0,0,0,,,0.385342803106055,,,,,0,,,,0,0,,,,0,0.44287567209293
0,0,2013,2013-09-22,043,Hannover-Land I,03,Niedersachsen,zweitstimme,232941,176671,175141,1530,0.758436685684358,cdu,,,,0.0401847654175778,,,,0,0,,0,0,,0,,,0,,,0.412730314432372,,0,,,,0,,0,0,,0,,,,,0,0.0498170045848773,,,0.00534997516286877,,,,,0.0816941778338596,,,,,,,,0.04528351442552,,,,,,0.000211258357551915,0,,0,0.0084903020994513,0,,0,0.00121616297725832,,,0.0143655683135302,,0.0011990339212406,,0,0,0.00105629178775958,,,0.330716394219515,,,,,0.00768523646661832,,,,0,0,,,,0,0.412730314432372
0,0,2013,2013-09-22,044,Celle - Uelzen,03,Niedersachsen,erststimme,215285,157058,155496,1562,0.729535267203939,cdu,,,,0.0423869424293873,,,,0,0,,0,0,,0,,,0,,,0.484700571075783,,0,,,,0,,0,0,,0,,,,,0,0.0134472912486495,,,0.00844394711117971,,,,,0.0614999742758656,,,,,,,,0.0363674949837938,,,,,,0,0,,0,0.0107848433400216,0,,0,0,,,0,,0,,0,0,0,,,0.342368935535319,,,,,0,,,,0,0,,,,0,0.484700571075783
0,0,2013,2013-09-22,044,Celle - Uelzen,03,Niedersachsen,zweitstimme,215285,157058,155697,1361,0.729535267203939,cdu,,,,0.0495963313358639,,,,0,0,,0,0,,0,,,0,,,0.4403938418852,,0,,,,0,,0,0,,0,,,,,0,0.0416064535604411,,,0.00630712216677264,,,,,0.07752878989319,,,,,,,,0.0455050514781916,,,,,,0.000173413745929594,0,,0,0.00970474704072654,0,,0,0.0011753598335228,,,0.0171679608470298,,0.000924873311624502,,0,0,0.00095698696827813,,,0.301425204082288,,,,,0.00753386385094125,,,,0,0,,,,0,0.4403938418852
0,0,2013,2013-09-22,045,Gifhorn - Peine,03,Niedersachsen,erststimme,217256,161941,160153,1788,0.745392532312111,spd,,,,0,,,,0,0,,0,0,,0,,,0,,,0.420647755583723,,0,,,,0,,0,0,,0,,,,,0,0.0141489700473922,,,0.00583192322341761,,,,,0.0478667274418837,,,,,,,,0.0425218384919421,,,,,,0,0,,0,0.0120946844579871,0,,0,0.00530742477505885,,,0.0191254612776532,,0,,0,0,0,,,0.432455214700942,,,,,0,,,,0,0,,,,0,0.420647755583723
0,0,2013,2013-09-22,045,Gifhorn - Peine,03,Niedersachsen,zweitstimme,217256,161941,160468,1473,0.745392532312111,spd,,,,0.0360570331779545,,,,0,0,,0,0,,0,,,0,,,0.401643941471197,,0,,,,0,,0,0,,0,,,,,0,0.0351970486327492,,,0.00418151905675898,,,,,0.0738776578507865,,,,,,,,0.0472056734052895,,,,,,0.000286661515068425,0,,0,0.00949722062965825,0,,0,0.00383877159309021,,,0.017654610264975,,0.00132113567814144,,0,0,0.000835057456938455,,,0.360663808360545,,,,,0.00773986090684747,,,,0,0,,,,0,0.401643941471197
0,0,2013,2013-09-22,046,Hameln-Pyrmont - Holzminden,03,Niedersachsen,erststimme,191980,137839,135764,2075,0.717986248567559,spd,,,,0.0366150083969241,,,,0,0,,0,0,,0,,,0,,,0.395730827023364,,0,,,,0,,0,0,,0,,,,,0,0.0183848442886185,,,0,,,,,0.0604136589964939,,,,,,,,0.0464629798768451,,,,,,0,0,,0,0,0,,0,0,,,0.0189814678412539,,0,,0,0,0,,,0.4234112135765,,,,,0,,,,0,0,,,,0,0.395730827023364
0,0,2013,2013-09-22,046,Hameln-Pyrmont - Holzminden,03,Niedersachsen,zweitstimme,191980,137839,135896,1943,0.717986248567559,spd,,,,0.0408400541590628,,,,0,0,,0,0,,0,,,0,,,0.374823394360393,,0,,,,0,,0,0,,0,,,,,0,0.0440410313769353,,,0.00339229999411315,,,,,0.0840937187260847,,,,,,,,0.0529890504503444,,,,,,0.000220757049508448,0,,0,0.00935274033084123,0,,0,0.00136133513863543,,,0.0158356390180726,,0.00110378524754224,,0,0,0.000765291104962619,,,0.36359421910873,,,,,0.00758668393477365,,,,0,0,,,,0,0.374823394360393
0,0,2013,2013-09-22,047,Hannover-Land II,03,Niedersachsen,erststimme,240409,182963,180896,2067,0.761048879201694,spd,,,,0,,,,0,0,,0,0,,0,,,0,,,0.418809702812666,,0,,,,0,,0,0,,0,,,,,0,0.0141904740845569,,,0.0109012913497258,,,,,0.0520851760127366,,,,,,,,0.0406310808420308,,,,,,0,0,,0,0.0124215018574208,0,,0,0,,,0.0173801521316115,,0,,0,0,0,,,0.433580620909252,,,,,0,,,,0,0,,,,0,0.418809702812666
0,0,2013,2013-09-22,047,Hannover-Land II,03,Niedersachsen,zweitstimme,240409,182963,181291,1672,0.761048879201694,spd,,,,0.0383802836323921,,,,0,0,,0,0,,0,,,0,,,0.384155859915826,,0,,,,0,,0,0,,0,,,,,0,0.0398696019107402,,,0.00575869734294587,,,,,0.0894252886243664,,,,,,,,0.0478181487222201,,,,,,0.000292347662046103,0,,0,0.00826847444164355,0,,0,0.00092668692874991,,,0.0150972745475506,,0.00170444202966501,,0,0,0.000948750903243956,,,0.359471788450613,,,,,0.00788235488799775,,,,0,0,,,,0,0.384155859915826
0,0,2013,2013-09-22,048,Hildesheim,03,Niedersachsen,erststimme,219571,164796,162345,2451,0.750536273005087,cdu,,,,0,,,,0,0,,0,0,,0,,,0,,,0.422883365671872,,0,,,,0,,0,0,,0,,,,,0,0.015331547014075,,,0,,,,,0.0848255258862299,,,,,,,,0.0487172379808433,,,,,,0,0,,0,0.015627213649943,0,,0,0,,,0,,0,,0,0,0,,,0.412615109797037,,,,,0,,,,0,0,,,,0,0.422883365671872
0,0,2013,2013-09-22,048,Hildesheim,03,Niedersachsen,zweitstimme,219571,164796,162997,1799,0.750536273005087,cdu,,,,0.0343625956305944,,,,0,0,,0,0,,0,,,0,,,0.38676171954085,,0,,,,0,,0,0,,0,,,,,0,0.0342889746437051,,,0.00279146241955373,,,,,0.0894924446462205,,,,,,,,0.0498168677951128,,,,,,0.000190187549464101,0,,0,0.00909219188083216,0,,0,0.000926397418357393,,,0.0180187365411633,,0.00235587158045854,,0,0,0.000564427566151524,,,0.363926943440677,,,,,0.00741117934685914,,,,0,0,,,,0,0.38676171954085
0,0,2013,2013-09-22,049,Salzgitter - Wolfenbüttel,03,Niedersachsen,erststimme,208990,152599,150391,2208,0.730173692521173,spd,,,,0.0302411713466896,,,,0,0,,0,0,,0,,,0,,,0.370500894335432,,0,,,,0,,0,0,,0,,,,,0,0.0105192464974633,,,0.00829836891835283,,,,,0.0440850848787494,,,,,,,,0.0433802554674149,,,,,,0,0,,0,0.0128997080942344,0,,0,0,,,0.0140899388926199,,0,,0,0,0,,,0.465985331569043,,,,,0,,,,0,0,,,,0,0.370500894335432
0,0,2013,2013-09-22,049,Salzgitter - Wolfenbüttel,03,Niedersachsen,zweitstimme,208990,152599,149981,2618,0.730173692521173,spd,,,,0.0395916816130043,,,,0,0,,0,0,,0,,,0,,,0.35733192871097,,0,,,,0,,0,0,,0,,,,,0,0.0342843426834066,,,0.00697421673411966,,,,,0.073429301044799,,,,,,,,0.0564138124162394,,,,,,0.000260032937505417,0,,0,0.0119748501476854,0,,0,0.00111347437342063,,,0.0148552149938992,,0.00122015455291004,,0,0,0.00138684233336223,,,0.392589728032217,,,,,0.00857441942646068,,,,0,0,,,,0,0.35733192871097
0,0,2013,2013-09-22,050,Braunschweig,03,Niedersachsen,erststimme,193799,143752,142103,1649,0.741758213406674,spd,,,,0.0274026586349338,,,,0,0,,0,0,,0,,,0,,,0.349816682265681,,0,,,,0,,0,0,,0,,,,,0,0.0228214745642245,,,0.00638973139201847,,,,,0.0711948375474128,,,,,,,,0.0500974645151756,,,,,,0.000816309296777689,0,,0,0.00726233788167738,0,,0,0,,,0.0282330422299318,,0,,0,0,0,,,0.435965461672167,,,,,0,,,,0,0,,,,0,0.349816682265681
0,0,2013,2013-09-22,050,Braunschweig,03,Niedersachsen,zweitstimme,193799,143752,142285,1467,0.741758213406674,spd,,,,0.0357873282496398,,,,0,0,,0,0,,0,,,0,,,0.340295885019503,,0,,,,0,,0,0,,0,,,,,0,0.0436729100045683,,,0.00508837895772569,,,,,0.123793794145553,,,,,,,,0.0669571634395755,,,,,,0.000702814773166532,0,,0,0.0072952173454686,0,,0,0.000899602909653161,,,0.0293003478933127,,0.000892574761921496,,0,0,0.000681730329971536,,,0.335530800857434,,,,,0.00910145131250659,,,,0,0,,,,0,0.340295885019503
0,0,2013,2013-09-22,051,Helmstedt - Wolfsburg,03,Niedersachsen,erststimme,187425,133269,131342,1927,0.711052420968387,cdu,,,,0,,,,0,0,,0,0,,0,,,0,,,0.447381644866075,,0,,,,0,,0,0,,0,,,,,0,0.0140016141066833,,,0.00798678259810266,,,,,0.0507529959951881,,,,,,,,0.043634176424906,,,,,,0,0,,0,0.0197880342921533,0,,0,0.00252013826498759,,,0.0226279484094958,,0,,0,0,0,,,0.386974463614076,,,,,0,,,,0,0,,,,0.00433220142833214,0.447381644866075
0,0,2013,2013-09-22,051,Helmstedt - Wolfsburg,03,Niedersachsen,zweitstimme,187425,133269,131775,1494,0.711052420968387,cdu,,,,0.037123885410738,,,,0,0,,0,0,,0,,,0,,,0.411216088028837,,0,,,,0,,0,0,,0,,,,,0,0.0363953708973629,,,0.00487952950104345,,,,,0.0683285904003036,,,,,,,,0.048871181938911,,,,,,0.000288370328210966,0,,0,0.0139631948396889,0,,0,0.00192752798330488,,,0.0186681844052362,,0.00119142477708215,,0,0,0.000333902485296908,,,0.347842914058054,,,,,0.00896983494593057,,,,0,0,,,,0,0.411216088028837
0,0,2013,2013-09-22,052,Goslar - Northeim - Osterode,03,Niedersachsen,erststimme,208311,149429,146830,2599,0.717336098429752,spd,,,,0,,,,0,0,,0,0,,0,,,0,,,0.420370496492542,,0,,,,0,,0,0,,0,,,,,0,0.0153170333038207,,,0.00954845739971396,,,,,0.0533474085677314,,,,,,,,0.0463461145542464,,,,,,0,0,,0,0.0133964448682149,0,,0,0,,,0.0161615473677041,,0,,0,0,0,,,0.423680446775182,,,,,0,,,,0,0,,,,0.00183205067084383,0.420370496492542
0,0,2013,2013-09-22,052,Goslar - Northeim - Osterode,03,Niedersachsen,zweitstimme,208311,149429,147264,2165,0.717336098429752,spd,,,,0.0389300847457627,,,,0,0,,0,0,,0,,,0,,,0.378741579747936,,0,,,,0,,0,0,,0,,,,,0,0.0414154172099087,,,0.00567008909169926,,,,,0.0688627227292482,,,,,,,,0.0507591807909605,,,,,,0.000224087353324641,0,,0,0.0101382551064754,0,,0,0.000909930465015211,,,0.0145385158626684,,0.00163651673185571,,0,0,0.00063151890482399,,,0.380167590178183,,,,,0.0073745110821382,,,,0,0,,,,0,0.378741579747936
0,0,2013,2013-09-22,053,Göttingen,03,Niedersachsen,erststimme,222102,165814,163840,1974,0.746566892688945,spd,,,,0,,,,0,0,,0,0,,0,,,0,,,0.38182373046875,,0,,,,0,,0,0,,0,,,,,0,0.016070556640625,,,0.013348388671875,,,,,0.1021728515625,,,,,,,,0.052374267578125,,,,,,0,0,,0,0.01055908203125,0,,0,0,,,0.019647216796875,,0,,0,0,0,,,0.40400390625,,,,,0,,,,0,0,,,,0,0.38182373046875
0,0,2013,2013-09-22,053,Göttingen,03,Niedersachsen,zweitstimme,222102,165814,164303,1511,0.746566892688945,spd,,,,0.0372543410649836,,,,0,0,,0,0,,0,,,0,,,0.35909265199053,,0,,,,0,,0,0,,0,,,,,0,0.0405774696749299,,,0.00868517312526247,,,,,0.122188882734947,,,,,,,,0.063492449924834,,,,,,0.000407783181073991,0,,0,0.00779048465335387,0,,0,0.000882515839637742,,,0.019311881097728,,0.00142419797569125,,0,0,0.000566027400595242,,,0.331156460928894,,,,,0.00716968040753973,,,,0,0,,,,0,0.35909265199053
0,0,2013,2013-09-22,054,Bremen I,04,Bremen,erststimme,256547,184512,182384,2128,0.7192132435772,spd,,,,0.0292569523642425,,,,0,0,,0,0,,0,,,0,,,0.302647162031757,,0,,,,0,,0.0083943766997105,0,,0,,,,,0,0.0228693306430389,,,0,,,,,0.138948591981753,,,,,,,,0.0832638827967366,,,,,,0.00113496797964734,0,,0,0.00769256075094306,0,,0,0,,,0.0265867619966664,,0,,0,0,0,,,0.379205412755505,,,,,0,,,,0,0,,,,0,0.302647162031757
0,0,2013,2013-09-22,054,Bremen I,04,Bremen,zweitstimme,256547,184512,182696,1816,0.7192132435772,spd,,,,0.034280991373648,,,,0,0,,0,0,,0.000651355256820073,,,0,,,0.302436834960809,,0,,,,0,,0.00524915706966765,0,,0,,,,,0,0.0392345754696326,,,0.00217848228751587,,,,,0.139291500634935,,,,,,,,0.101272058501554,,,,,,0.000476200902044927,0,,0,0.00766300302141262,0,,0,0,,,0.026032315978456,,0.00108924114375794,,0,0,0,,,0.331162149143933,,,,,0.00898213425581293,,,,0,0,,,,0,0.302436834960809
0,0,2013,2013-09-22,055,Bremen II - Bremerhaven,04,Bremen,erststimme,227276,148510,146427,2083,0.653434590541896,spd,,,,0.03706966611349,,,,0,0,,0,0,,0.00295027556393288,,,0,,,0.287289912379547,,0,,,,0,,0,0,,0,,,,,0,0.0149494287255766,,,0,,,,,0.0841716350126684,,,,,,,,0.0910692700116782,,,,,,0,0,,0,0.0163426144085449,0,,0,0,,,0.0271944381842147,,0,,0,0,0,,,0.438962759600347,,,,,0,,,,0,0,,,,0,0.287289912379547
0,0,2013,2013-09-22,055,Bremen II - Bremerhaven,04,Bremen,zweitstimme,227276,148510,146716,1794,0.653434590541896,spd,,,,0.0411952343302707,,,,0,0,,0,0,,0.00188118541944982,,,0,,,0.280848714523297,,0,,,,0,,0.00402137462853404,0,,0,,,,,0,0.0275089288148532,,,0.00283540990757654,,,,,0.0992802421003844,,,,,,,,0.10075247416778,,,,,,0.000470296354862455,0,,0,0.0152675918100275,0,,0,0,,,0.0252119741541482,,0.00181984241664168,,0,0,0,,,0.386474549469724,,,,,0.012432181902451,,,,0,0,,,,0,0.280848714523297
0,0,2013,2013-09-22,056,Prignitz - Ostprignitz-Ruppin - Havelland I,12,Brandenburg,erststimme,162624,103904,101748,2156,0.63892168437623,cdu,,,,0,,,,0,0,,0,0,,0,,,0,,,0.335289145732594,,0,,,,0,,0,0,,0,,,,,0,0.0127176946967017,,,0,,,,,0.0274206864016983,,,,,,,,0.24097770963557,,,,,,0,0,,0,0.0277745017101073,0,,0,0,,,0.0258776585289146,,0,,0,0,0,,,0.29562251837874,,,,,0,,,,0,0,,,,0.034320084915674,0.335289145732594
0,0,2013,2013-09-22,056,Prignitz - Ostprignitz-Ruppin - Havelland I,12,Brandenburg,zweitstimme,162624,103904,102222,1682,0.63892168437623,cdu,,,,0.0465751012502201,,,,0,0,,0,0,,0,,,0,,,0.364941010741328,,0,,,,0,,0,0,,0,,,,,0,0.0224902662831876,,,0.00755219033084855,,,,,0.0345522490266283,,,,,,,,0.225470055369686,,,,,,0.000802175656903602,0,,0,0.0227837451820547,0,,0,0,,,0.0192424331357242,,0.00360979045606621,,0,0,0.00117391559546869,,,0.250807066971885,,,,,0,,,,0,0,,,,0,0.364941010741328
0,0,2013,2013-09-22,057,Uckermark - Barnim I,12,Brandenburg,erststimme,160234,100634,98755,1879,0.628043985670956,cdu,,,,0,,,,0,0,,0,0,,0,,,0,,,0.388780314920763,,0,,,,0,,0,0,,0,,,,,0,0.0158472988709432,,,0.0124854437749987,,,,,0.0286061465242266,,,,,,,,0.259966583970432,,,,,,0,0,,0,0.0341653587160144,0,,0,0,,,0.0248696268543365,,0,,0,0,0,,,0.235279226368285,,,,,0,,,,0,0,,,,0,0.388780314920763
0,0,2013,2013-09-22,057,Uckermark - Barnim I,12,Brandenburg,zweitstimme,160234,100634,98919,1715,0.628043985670956,cdu,,,,0.0482819276377642,,,,0,0,,0,0,,0,,,0,,,0.367745326984705,,0,,,,0,,0,0,,0,,,,,0,0.0209161030742325,,,0.00886583972745378,,,,,0.0361912271656608,,,,,,,,0.238295979538815,,,,,,0.00101092813311902,0,,0,0.0266076284636925,0,,0,0,,,0.0200669234424125,,0.00320464218198728,,0,0,0.00160737573165924,,,0.227206097918499,,,,,0,,,,0,0,,,,0,0.367745326984705
0,0,2013,2013-09-22,058,Oberhavel - Havelland II,12,Brandenburg,erststimme,250706,177378,173719,3659,0.707513980519014,cdu,,,,0,,,,0,0,,0,0,,0,,,0,,,0.374633747603889,,0,,,,0,,0,0,,0.00176146535496981,,,,,0,0.0147997628353836,,,0.0142816847898042,,,,,0.0489871574208924,,,,,,,,0.195983168219941,,,,,,0,0,,0,0.0338477656445179,0,,0,0,,,0.0303996684300508,,0,,0,0,0,,,0.280153581358401,,,,,0,,,,0,0,,,,0.00515199834215025,0.374633747603889
0,0,2013,2013-09-22,058,Oberhavel - Havelland II,12,Brandenburg,zweitstimme,250706,177378,174521,2857,0.707513980519014,cdu,,,,0.067115132276345,,,,0,0,,0,0,,0,,,0,,,0.362128339855949,,0,,,,0,,0,0,,0,,,,,0,0.0293317136619662,,,0.00903616183725741,,,,,0.0565032288377903,,,,,,,,0.183490811993972,,,,,,0.000962634869156147,0,,0,0.0244841594994299,0,,0,0,,,0.0223125010743693,,0.00450948596443981,,0,0,0.00174191071561589,,,0.23838391941371,,,,,0,,,,0,0,,,,0,0.362128339855949
0,0,2013,2013-09-22,059,Märkisch-Oderland - Barnim II,12,Brandenburg,erststimme,251583,175093,171171,3922,0.695965148678567,cdu,,,,0,,,,0,0,,0,0,,0,,,0,,,0.340069287437709,,0,,,,0,,0,0,,0,,,,,0,0.0110240636556426,,,0.014465067096646,,,,,0.0343282448545606,,,,,,,,0.329442487337224,,,,,,0,0,,0,0.0339076128549813,0,,0,0,,,0.0268036057509742,,0,,0,0,0,,,0.202984150352571,,,,,0,,,,0,0,,,,0.00697548065969119,0.340069287437709
0,0,2013,2013-09-22,059,Märkisch-Oderland - Barnim II,12,Brandenburg,zweitstimme,251583,175093,171323,3770,0.695965148678567,cdu,,,,0.0640953053588835,,,,0,0,,0,0,,0,,,0,,,0.323015590434443,,0,,,,0,,0,0,,0,,,,,0,0.0222737168973226,,,0.0124618410838008,,,,,0.0421017610011499,,,,,,,,0.262638408153021,,,,,,0.000968930032745165,0,,0,0.0247835958978071,0,,0,0,,,0.0231609299393543,,0.00502559492887703,,0,0,0.00162266595845275,,,0.217851660314143,,,,,0,,,,0,0,,,,0,0.323015590434443
0,0,2013,2013-09-22,060,Brandenburg an der Havel - Potsdam-Mittelmark I - Havelland III - Teltow-Fläming I,12,Brandenburg,erststimme,191014,124176,121742,2434,0.6500884751903,spd,,,,0,,,,0,0,,0,0,,0,,,0,,,0.328341903369421,,0,,,,0,,0,0,,0,,,,,0,0.0156971299962215,,,0,,,,,0.0242479998685745,,,,,,,,0.237995104401111,,,,,,0,0,,0,0.0325935174385175,0,,0,0,,,0.024954411788865,,0,,0,0,0,,,0.331077196037522,,,,,0,,,,0,0,,,,0.00509273709976836,0.328341903369421
0,0,2013,2013-09-22,060,Brandenburg an der Havel - Potsdam-Mittelmark I - Havelland III - Teltow-Fläming I,12,Brandenburg,zweitstimme,191014,124176,121971,2205,0.6500884751903,spd,,,,0.0486099154717105,,,,0,0,,0,0,,0,,,0,,,0.340154626919514,,0,,,,0,,0,0,,0,,,,,0,0.0227923030884391,,,0.00764935927392577,,,,,0.0375335120643432,,,,,,,,0.22891506997565,,,,,,0.00107402579301637,0,,0,0.0261291618499479,0,,0,0,,,0.0195784243795656,,0.00368940157906388,,0,0,0.00150035664215264,,,0.262373842962671,,,,,0,,,,0,0,,,,0,0.340154626919514
0,0,2013,2013-09-22,061,Potsdam - Potsdam-Mittelmark II - Teltow-Fläming II,12,Brandenburg,erststimme,244812,182227,179139,3088,0.744354851886345,cdu,,,,0,,,,0,0,,0,0,,0,,,0,,,0.325998247171191,,0,,,,0,,0,0,,0,,,,,0,0.0178632235303312,,,0,,,,,0.0720278666287073,,,,,,,,0.200481190583848,,,,,,0,0,,0,0.0175673638906101,0,,0,0,,,0.0303953912883292,,0,,0,0,0,,,0.321923199303334,,,,,0,,,,0,0,,,,0.0137435176036486,0.325998247171191
0,0,2013,2013-09-22,061,Potsdam - Potsdam-Mittelmark II - Teltow-Fläming II,12,Brandenburg,zweitstimme,244812,182227,179897,2330,0.744354851886345,cdu,,,,0.0571549275418712,,,,0,0,,0,0,,0,,,0,,,0.313785110368711,,0,,,,0,,0,0,,0,,,,,0,0.0327965446894612,,,0.00580887952550626,,,,,0.090279437678227,,,,,,,,0.207307514855723,,,,,,0.00147306514283173,0,,0,0.0114899081140875,0,,0,0,,,0.0267597569720451,,0.003390829196707,,0,0,0.00115065843232516,,,0.248603367482504,,,,,0,,,,0,0,,,,0,0.313785110368711
0,0,2013,2013-09-22,062,Dahme-Spreewald - Teltow-Fläming III - Oberspreewald-Lausitz I,12,Brandenburg,erststimme,240784,169480,166002,3478,0.703867366602432,cdu,,,,0,,,,0,0,,0,0,,0,,,0,,,0.370399151817448,,0,,,,0,,0,0,,0.00200599992771171,,,,,0,0.0119817833520078,,,0.0221081673714775,,,,,0.0380959265551017,,,,,,,,0.218575679811087,,,,,,0,0,,0,0.0336261008903507,0,,0,0,,,0.0260900471078662,,0,,0,0,0.00556619799761449,,,0.271550945169335,,,,,0,,,,0,0,,,,0,0.370399151817448
0,0,2013,2013-09-22,062,Dahme-Spreewald - Teltow-Fläming III - Oberspreewald-Lausitz I,12,Brandenburg,zweitstimme,240784,169480,166451,3029,0.703867366602432,cdu,,,,0.0637124439024097,,,,0,0,,0,0,,0,,,0,,,0.347651861508792,,0,,,,0,,0,0,,0,,,,,0,0.0271911853938997,,,0.0143045100359866,,,,,0.0446077223927763,,,,,,,,0.21814227610528,,,,,,0.00108139933073397,0,,0,0.026842734498441,0,,0,0,,,0.0217301187736932,,0.00428354290451845,,0,0,0.0034785011805276,,,0.226973703972941,,,,,0,,,,0,0,,,,0,0.347651861508792
0,0,2013,2013-09-22,063,Frankfurt (Oder) - Oder-Spree,12,Brandenburg,erststimme,199341,135293,132126,3167,0.678701320852208,cdu,,,,0,,,,0,0,,0,0,,0,,,0,,,0.339236789125532,,0,,,,0,,0,0,,0,,,,,0,0.017044336466706,,,0,,,,,0.0392958236834537,,,,,,,,0.280096271740611,,,,,,0,0,,0,0.0422626886456867,0,,0,0,,,0.0376685890740657,,0,,0,0,0,,,0.244395501263945,,,,,0,,,,0,0,,,,0,0.339236789125532
0,0,2013,2013-09-22,063,Frankfurt (Oder) - Oder-Spree,12,Brandenburg,zweitstimme,199341,135293,132830,2463,0.678701320852208,cdu,,,,0.0644583301964918,,,,0,0,,0,0,,0,,,0,,,0.333516524881427,,0,,,,0,,0,0,,0,,,,,0,0.021998042610856,,,0.00917714371753369,,,,,0.0396446585861628,,,,,,,,0.247398930964391,,,,,,0.00149062711736806,0,,0,0.0305503274862606,0,,0,0,,,0.0219152299932244,,0.00483324550176918,,0,0,0.0019423323044493,,,0.223074606640066,,,,,0,,,,0,0,,,,0,0.333516524881427
0,0,2013,2013-09-22,064,Cottbus - Spree-Neiße,12,Brandenburg,erststimme,187157,125920,123231,2689,0.67280411633014,cdu,,,,0,,,,0,0,,0,0,,0,,,0,,,0.359495581468949,,0,,,,0,,0.00731147195105128,0,,0.00198813610211716,,,,,0,0.0202708734003619,,,0,,,,,0.0266004495622043,,,,,,,,0.200282396474913,,,,,,0,0,,0,0.039998052438104,0,,0,0,,,0.0234437763225163,,0,,0,0,0,,,0.239468964789704,,,,,0,,,,0,0,,,,0.0811402974900796,0.359495581468949
0,0,2013,2013-09-22,064,Cottbus - Spree-Neiße,12,Brandenburg,zweitstimme,187157,125920,123713,2207,0.67280411633014,cdu,,,,0.0691519888774826,,,,0,0,,0,0,,0,,,0,,,0.357521036592759,,0,,,,0,,0,0,,0,,,,,0,0.0241203430520641,,,0.0109527697170063,,,,,0.0354206914390565,,,,,,,,0.226047383864267,,,,,,0.00111548503390913,0,,0,0.0315003273706078,0,,0,0,,,0.0211376330700896,,0.00424369306378473,,0,0,0.00164897787621349,,,0.21713967004276,,,,,0,,,,0,0,,,,0,0.357521036592759
0,0,2013,2013-09-22,065,Elbe-Elster - Oberspreewald-Lausitz II,12,Brandenburg,erststimme,177689,118680,116012,2668,0.667908536825577,cdu,,,,0,,,,0,0,,0,0,,0,,,0,,,0.409043892011171,,0,,,,0,,0,0,,0.00278419473847533,,,,,0,0.0179722787297866,,,0,,,,,0.0249887942626625,,,,,,,,0.233915457021687,,,,,,0,0,,0,0.0483398269144571,0,,0,0,,,0.0330483053477227,,0,,0,0,0,,,0.225252560079992,,,,,0,,,,0,0,,,,0.00465469089404544,0.409043892011171
0,0,2013,2013-09-22,065,Elbe-Elster - Oberspreewald-Lausitz II,12,Brandenburg,zweitstimme,177689,118680,116515,2165,0.667908536825577,cdu,,,,0.059314251383942,,,,0,0,,0,0,,0,,,0,,,0.395176586705574,,0,,,,0,,0,0,,0,,,,,0,0.0253186285027679,,,0.00962966141698494,,,,,0.0266403467364717,,,,,,,,0.21731965841308,,,,,,0.00131313564777067,0,,0,0.0379436124104193,0,,0,0,,,0.02253787066043,,0.00455735313049822,,0,0,0.00168218684289576,,,0.198566708149165,,,,,0,,,,0,0,,,,0,0.395176586705574
0,0,2013,2013-09-22,066,Altmark,15,Sachsen-Anhalt,erststimme,172378,107895,106038,1857,0.625920941187391,cdu,,,,0,,,,0,0,,0,0,,0,,,0,,,0.421414964446708,,0,,,,0,,0,0,,0,,,,,0,0.0140421358380958,,,0.00877987136686848,,,,,0.0282728833059846,,,,,,,,0.303325223033252,,,,,,0,0,,0,0.0246421094324676,0,,0,0,,,0.0239631075652125,,0,,0,0,0,,,0.175559705011411,,,,,0,,,,0,0,,,,0,0.421414964446708
0,0,2013,2013-09-22,066,Altmark,15,Sachsen-Anhalt,zweitstimme,172378,107895,106217,1678,0.625920941187391,cdu,,,,0.0360205993390888,,,,0,0,,0,0,,0,,,0,,,0.420412928250657,,0,,,,0,,0,0,,0,,,,,0,0.021446661080618,,,0.00679740531176742,,,,,0.0333468277206097,,,,,,,,0.24647655271755,,,,,,0.00132747112044211,0,,0,0.0209665119519474,0.00138395925322688,,0,0,,,0.0188011335285312,,0.00288089477202331,,0,0,0,,,0.190139054953539,,,,,0,,,,0,0,,,,0,0.420412928250657
0,0,2013,2013-09-22,067,Börde - Jerichower Land,15,Sachsen-Anhalt,erststimme,228139,141814,138838,2976,0.621612262699495,cdu,,,,0,,,,0,0,,0,0,,0,,,0,,,0.445771330615538,,0,,,,0,,0,0,,0,,,,,0,0.0265489275270459,,,0.0205563318399862,,,,,0.0260087295985249,,,,,,,,0.21434333539809,,,,,,0,0,,0,0,0,,0,0,,,0.0304239473343033,,0,,0,0,0,,,0.231334360909837,,,,,0,,,,0,0,,,,0.00501303677667497,0.445771330615538
0,0,2013,2013-09-22,067,Börde - Jerichower Land,15,Sachsen-Anhalt,zweitstimme,228139,141814,139326,2488,0.621612262699495,cdu,,,,0.0386144725320471,,,,0,0,,0,0,,0,,,0,,,0.432130399207614,,0,,,,0,,0,0,,0,,,,,0,0.028673757948983,,,0.0116991803396351,,,,,0.0307264975668576,,,,,,,,0.217009029183354,,,,,,0.00122015991272268,0,,0,0.0208360248625526,0.00166515941030389,,0,0,,,0.018345463158348,,0.00328725435309992,,0,0,0,,,0.195792601524482,,,,,0,,,,0,0,,,,0,0.432130399207614
0,0,2013,2013-09-22,068,Harz,15,Sachsen-Anhalt,erststimme,224917,132539,129944,2595,0.58927960091945,cdu,,,,0,,,,0,0,,0,0,,0,,,0,,,0.460036631164194,,0,,,,0,,0,0,,0,,,,,0,0.0142522932955735,,,0.00854983685279813,,,,,0.0379240288124115,,,,,,,,0.229791294711568,,,,,,0,0,,0,0.0254263374992304,0,,0,0,,,0.0196700116973466,,0,,0,0,0,,,0.191428615403558,,,,,0.0129209505633196,,,,0,0,,,,0,0.460036631164194
0,0,2013,2013-09-22,068,Harz,15,Sachsen-Anhalt,zweitstimme,224917,132539,130199,2340,0.58927960091945,cdu,,,,0.0378190308681326,,,,0,0,,0,0,,0,,,0,,,0.434865091129732,,0,,,,0,,0,0,,0,,,,,0,0.0227421101544559,,,0.00713523145339058,,,,,0.0362214763554252,,,,,,,,0.229456447438152,,,,,,0.00104455487369335,0,,0,0.0203611394864784,0.00225040130876581,,0,0,,,0.0173196414719007,,0.00332567838462661,,0,0,0,,,0.187459197075246,,,,,0,,,,0,0,,,,0,0.434865091129732
0,0,2013,2013-09-22,069,Magdeburg,15,Sachsen-Anhalt,erststimme,244267,154404,151568,2836,0.632111582817163,cdu,,,,0,,,,0,0,,0,0,,0,,,0,,,0.363176923888948,,0,,,,0,,0,0,,0,,,,,0,0.0137891903304128,,,0.0123706851050354,,,,,0.0400678243428692,,,,,,,,0.25223661986699,,,,,,0.00265887258524227,0,,0,0.0183811886414019,0,,0,0,,,0.027400242795313,,0,,0,0,0,,,0.251721999366621,,,,,0.0181964530771667,,,,0,0,,,,0,0.363176923888948
0,0,2013,2013-09-22,069,Magdeburg,15,Sachsen-Anhalt,zweitstimme,244267,154404,152026,2378,0.632111582817163,cdu,,,,0.0418020601739176,,,,0,0,,0,0,,0,,,0,,,0.374817465433544,,0,,,,0,,0,0,,0,,,,,0,0.0242524305053083,,,0.00826174470156421,,,,,0.0558457106021338,,,,,,,,0.239912909633878,,,,,,0.00184179022009393,0,,0,0.0149448120716193,0.00228908213068817,,0,0,,,0.0240353623722258,,0.00306526515201347,,0,0,0,,,0.208931367003013,,,,,0,,,,0,0,,,,0,0.374817465433544
0,0,2013,2013-09-22,070,Dessau - Wittenberg,15,Sachsen-Anhalt,erststimme,185954,120805,118969,1836,0.649649913419448,cdu,,,,0.0468609469693786,,,,0,0,,0,0,,0,,,0,,,0.445897670821811,,0,,,,0,,0,0,,0,,,,,0,0.0125158654775614,,,0.018778000991855,,,,,0.0436752431305634,,,,,,,,0.218670409938724,,,,,,0,0,,0,0.0236532205868756,0,,0,0,,,0.0172565962561676,,0,,0,0,0,,,0.172692045827064,,,,,0,,,,0,0,,,,0,0.445897670821811
0,0,2013,2013-09-22,070,Dessau - Wittenberg,15,Sachsen-Anhalt,zweitstimme,185954,120805,119047,1758,0.649649913419448,cdu,,,,0.0508202642653742,,,,0,0,,0,0,,0,,,0,,,0.425319411660941,,0,,,,0,,0,0,,0,,,,,0,0.0242929263232169,,,0.0145152754794325,,,,,0.0395054054281082,,,,,,,,0.227943585306644,,,,,,0.00100800524162726,0,,0,0.0235117222609558,0.00121800633363294,,0,0,,,0.0181440943492906,,0.00274681428343427,,0,0,0,,,0.170974489067343,,,,,0,,,,0,0,,,,0,0.425319411660941
0,0,2013,2013-09-22,071,Anhalt,15,Sachsen-Anhalt,erststimme,236732,140667,137953,2714,0.594203571971681,cdu,,,,0.0457692112531079,,,,0,0,,0,0,,0,,,0,,,0.409661261444115,,0,,,,0,,0,0,,0,,,,,0,0.0201372931360681,,,0.021347850354831,,,,,0.0209056707719296,,,,,,,,0.287887903851312,,,,,,0.00281980094669924,0,,0,0.0250085173936051,0,,0,0,,,0.0124680144686959,,0,,0,0,0,,,0.153994476379637,,,,,0,,,,0,0,,,,0,0.409661261444115
0,0,2013,2013-09-22,071,Anhalt,15,Sachsen-Anhalt,zweitstimme,236732,140667,138169,2498,0.594203571971681,cdu,,,,0.0480209019389299,,,,0,0,,0,0,,0,,,0,,,0.415122060664838,,0,,,,0,,0,0,,0,,,,,0,0.0257365979344137,,,0.0133749249107976,,,,,0.0258523981500916,,,,,,,,0.256388915024354,,,,,,0.00204821631480289,0,,0,0.0254470973952189,0.00118695221069849,,0,0,,,0.0159225296557115,,0.00281539274366899,,0,0,0,,,0.168084013056474,,,,,0,,,,0,0,,,,0,0.415122060664838
0,0,2013,2013-09-22,072,Halle,15,Sachsen-Anhalt,erststimme,219667,143332,141147,2185,0.652496733692362,cdu,,,,0.0337803849886997,,,,0,0,,0,0,,0,,,0,,,0.362784898014127,,0,,,,0,,0,0,,0,,,,,0,0.0209568747476036,,,0.00925984966028325,,,,,0.0374503177538311,,,,,,,,0.255095751238071,,,,,,0.0031810807172664,0,,0,0.0140775220160542,0,,0,0,,,0.0205317860103297,,0,,0,0,0,,,0.233494158572269,,,,,0,,,,0,0,,,,0.00938737628146542,0.362784898014127
0,0,2013,2013-09-22,072,Halle,15,Sachsen-Anhalt,zweitstimme,219667,143332,141290,2042,0.652496733692362,cdu,,,,0.041609455729351,,,,0,0,,0,0,,0,,,0,,,0.376990586736499,,0,,,,0,,0,0,,0,,,,,0,0.0312690211621488,,,0.00811805506405266,,,,,0.0720857810177649,,,,,,,,0.243817679949041,,,,,,0.00224361242833888,0,,0,0.0151036874513412,0.00210205959374336,,0,0,,,0.0254724325854625,,0.00241347582985349,,0,0,0,,,0.178774152452403,,,,,0,,,,0,0,,,,0,0.376990586736499
0,0,2013,2013-09-22,073,Burgenland - Saalekreis,15,Sachsen-Anhalt,erststimme,201043,123809,121639,2170,0.615833428669489,cdu,,,,0,,,,0,0,,0,0,,0,,,0,,,0.448408816251367,,0,,,,0,,0,0,,0,,,,,0,0.0154473483011205,,,0.0212185236642853,,,,,0.0391321862231686,,,,,,,,0.257318787559911,,,,,,0,0,,0,0.0399049646906009,0,,0,0,,,0.0204539662443789,,0,,0,0,0,,,0.154481704058731,,,,,0,,,,0,0,,,,0.00363370300643708,0.448408816251367
0,0,2013,2013-09-22,073,Burgenland - Saalekreis,15,Sachsen-Anhalt,zweitstimme,201043,123809,121847,1962,0.615833428669489,cdu,,,,0.0429555097786568,,,,0,0,,0,0,,0,,,0,,,0.428356873784336,,0,,,,0,,0,0,,0,,,,,0,0.0276904642707658,,,0.0139108882450943,,,,,0.0306285751803491,,,,,,,,0.237453527784845,,,,,,0.00123925907080191,0,,0,0.0321714937585661,0.00157574663307262,,0,0,,,0.0172101077580901,,0.00389833151411196,,0,0,0,,,0.16290922222131,,,,,0,,,,0,0,,,,0,0.428356873784336
0,0,2013,2013-09-22,074,Mansfeld,15,Sachsen-Anhalt,erststimme,217783,132983,130411,2572,0.610621582033492,cdu,,,,0,,,,0,0,,0,0,,0,,,0,,,0.419481485457515,,0,,,,0,,0,0,,0,,,,,0,0.0188481033041691,,,0.0171151206569998,,,,,0.0244841309398747,,,,,,,,0.275912308010827,,,,,,0,0,,0,0.0327963131944391,0,,0,0,,,0.0239473664031408,,0,,0,0,0,,,0.180659606934998,,,,,0,,,,0,0,,,,0.00675556509803621,0.419481485457515
0,0,2013,2013-09-22,074,Mansfeld,15,Sachsen-Anhalt,zweitstimme,217783,132983,130694,2289,0.610621582033492,cdu,,,,0.0411495554501354,,,,0,0,,0,0,,0,,,0,,,0.412176534500436,,0,,,,0,,0,0,,0,,,,,0,0.0293586545671569,,,0.0107349993113685,,,,,0.0278283624343887,,,,,,,,0.257188547293678,,,,,,0.00153029213276815,0,,0,0.0266117801888381,0.00122423370621452,,0,0,,,0.017101014583684,,0.00371095842196275,,0,0,0,,,0.171385067409368,,,,,0,,,,0,0,,,,0,0.412176534500436
0,0,2013,2013-09-22,075,Berlin-Mitte,11,Berlin,erststimme,204085,141574,139292,2282,0.69370115393096,spd,,,,0.0302386353846596,,,,0,0,,0.0034388191712374,0,,0,,,0.0015578784136921,,,0.238814863739483,,0,,,,0,,0.0133245268931453,0,,0.00187376159434856,,,,,0,0.0149900927547885,,,0.00171582000402033,,,,,0.184411165034604,,,,,,,,0.166556586164317,,,,,,0.00145019096574103,0,,0,0.0097851994371536,0,,0,0,,,0.0392197685437785,,0,,0,0,0,,,0.282571863423599,,,,,0,,,,0,0,,,,0.0100508284754329,0.238814863739483
0,0,2013,2013-09-22,075,Berlin-Mitte,11,Berlin,zweitstimme,204085,141574,139400,2174,0.69370115393096,spd,,,,0.0390459110473458,,,,0,0,,0.00339311334289814,0,,0,,,0.00103299856527977,,,0.226284074605452,,0,,,,0,,0.0120946915351506,0,,0,,,,,0,0.0368292682926829,,,0.00218077474892396,,,,,0.167352941176471,,,,,,,,0.18700143472023,,,,,,0.00104017216642755,0,,0,0.00885222381635581,0.0022883787661406,,0,0,,,0.047403156384505,,0.00209469153515065,,0.00054519368723099,0,0.00142037302725968,,,0.261140602582496,,,,,0,,,,0,0,,,,0,0.226284074605452
0,0,2013,2013-09-22,076,Berlin-Pankow,11,Berlin,erststimme,235344,175061,172647,2414,0.743851553470664,linke_pds,,,,0.0410548691839418,,,,0,0,,0,0,,0,,,0.00186507729644882,,,0.239187475021286,,0,,,,0,,0.0128586074475664,0,,0,,,,,0,0.00915741368225338,,,0.00498705451006968,,,,,0.147364275081525,,,,,,,,0.283387490080917,,,,,,0,0,,0,0.0166350993645994,0,,0,0,,,0.0339420899291618,,0,,0,0,0,,,0.209560548402231,,,,,0,,,,0,0,,,,0,0.239187475021286
0,0,2013,2013-09-22,076,Berlin-Pankow,11,Berlin,zweitstimme,235344,175061,172824,2237,0.743851553470664,linke_pds,,,,0.0484423459704671,,,,0,0,,0.000486043605054854,0,,0,,,0.00105309447761885,,,0.235019441744202,,0,,,,0,,0.0114798870527242,0,,0,,,,,0,0.0253437022635745,,,0.00384784520668426,,,,,0.140605471462297,,,,,,,,0.251539138082674,,,,,,0.000844790075452483,0,,0,0.0150268481229459,0.00240707309170023,,0,0,,,0.0391554413738833,,0.00264430866083414,,0.00071749294079526,0,0.00133661991390085,,,0.220050455955191,,,,,0,,,,0,0,,,,0,0.235019441744202
0,0,2013,2013-09-22,077,Berlin-Reinickendorf,11,Berlin,erststimme,182934,133484,130881,2603,0.729683929723288,cdu,,,,0.0447123723076688,,,,0,0,,0,0,,0,,,0,,,0.449606894812845,,0,,,,0,,0.00660905708238782,0,,0,,,,,0,0.0199035765313529,,,0.00476768973342196,,,,,0.0671602448025306,,,,,,,,0.0650056157883879,,,,,,0,0,,0,0.0172217510563031,0,,0,0,,,0.0248393578899917,,0,,0,0,0,,,0.294870913272362,,,,,0,,,,0,0,,,,0.00530252672274815,0.449606894812845
0,0,2013,2013-09-22,077,Berlin-Reinickendorf,11,Berlin,zweitstimme,182934,133484,131056,2428,0.729683929723288,cdu,,,,0.0603253570992553,,,,0,0,,0.00159473812721279,0,,0,,,0.0005722744475644,,,0.400935477963619,,0,,,,0,,0.00819497008912221,0,,0,,,,,0,0.0435539006226346,,,0.00504364546453425,,,,,0.087191734830912,,,,,,,,0.0793096081064583,,,,,,0.000335734342571115,0,,0,0.0150775241118301,0.00183127823220608,,0,0,,,0.0260728238310341,,0.00342601635941887,,0.000381516298376267,0,0.00236540104993285,,,0.263787999023318,,,,,0,,,,0,0,,,,0,0.400935477963619
0,0,2013,2013-09-22,078,Berlin-Spandau - Charlottenburg Nord,11,Berlin,erststimme,187363,130485,127763,2722,0.696428857351772,cdu,,,,0.0433850175715974,,,,0,0,,0.00432832666734501,0,,0,,,0.00211328788459883,,,0.39190532470277,,0,,,,0,,0,0,,0,,,,,0,0.0139946619913433,,,0.00434398065167537,,,,,0.0465079874455046,,,,,,,,0.0720005009274986,,,,,,0,0,,0,0.0158261781579957,0,,0,0,,,0.0315427784256788,,0,,0,0,0,,,0.374051955573992,,,,,0,,,,0,0,,,,0,0.39190532470277
0,0,2013,2013-09-22,078,Berlin-Spandau - Charlottenburg Nord,11,Berlin,zweitstimme,187363,130485,127846,2639,0.696428857351772,cdu,,,,0.0583358102717332,,,,0,0,,0.00359807893872315,0,,0,,,0.00128279336076217,,,0.365729080299736,,0,,,,0,,0.00811914334433615,0,,0,,,,,0,0.0379831985357383,,,0.00430205090499507,,,,,0.082458582982651,,,,,,,,0.0950049278037639,,,,,,0.000664862412590148,0,,0,0.0141967679864837,0.00175210800494345,,0,0,,,0.0309747665159645,,0.00386402390375921,,0.000430205090499507,0,0.00242479232826995,,,0.288878807315051,,,,,0,,,,0,0,,,,0,0.365729080299736
0,0,2013,2013-09-22,079,Berlin-Steglitz - Zehlendorf,11,Berlin,erststimme,220007,175539,172980,2559,0.797879158390415,cdu,,,,0.0423228118857671,,,,0,0,,0,0,,0,,,0.00162446525609897,,,0.424673372644236,,0,,,,0,,0.00737657532662736,0,,0,,,,,0,0.0266215747485258,,,0.00345704705746329,,,,,0.118025205226038,,,,,,,,0.0526187998612556,,,,,,0,0,,0,0.00673488264539253,0,,0,0,,,0.0243727598566308,,0,,0,0,0,,,0.292172505491964,,,,,0,,,,0,0,,,,0,0.424673372644236
0,0,2013,2013-09-22,079,Berlin-Steglitz - Zehlendorf,11,Berlin,zweitstimme,220007,175539,173437,2102,0.797879158390415,cdu,,,,0.0533738475642452,,,,0,0,,0.000922525182054579,0,,0,,,0.000807209534297757,,,0.371892964015752,,0,,,,0,,0.00665947865795649,0,,0,,,,,0,0.0637522558623593,,,0.0031827118780883,,,,,0.135420930943224,,,,,,,,0.0716456119513137,,,,,,0.000317118031331262,0,,0,0.00585803490604658,0.00203532118290791,,0,0,,,0.0251272796462116,,0.00190847397037541,,0.000288289119392056,0,0.000974417223545149,,,0.255833530330898,,,,,0,,,,0,0,,,,0,0.371892964015752
0,0,2013,2013-09-22,080,Berlin-Charlottenburg - Wilmersdorf,11,Berlin,erststimme,197797,153420,151334,2086,0.775643715526525,cdu,,,,0.037328029391941,,,,0,0,,0.00149999339209959,0,,0.000555063634080907,,,0.00119602997343624,,,0.370564446852657,,0,,,,0,,0.00698455072885142,0,,0,,,,,0,0.025116629442161,,,0.00315857639393659,,,,,0.146536799397359,,,,,,,,0.0619028110008326,,,,,,0,0,,0,0.00498235690591671,0,,0,0,,,0.0241650917837366,,0,,0,0,0,,,0.314661609420223,,,,,0,,,,0,0,,,,0.00134801168276792,0.370564446852657
0,0,2013,2013-09-22,080,Berlin-Charlottenburg - Wilmersdorf,11,Berlin,zweitstimme,197797,153420,151665,1755,0.775643715526525,cdu,,,,0.0479741535621271,,,,0,0,,0.00135166320509017,0,,0,,,0.000791217485906439,,,0.324959614940824,,0,,,,0,,0.00643523555203903,0,,0,,,,,0,0.0682227277222827,,,0.00301321992549369,,,,,0.153786305344015,,,,,,,,0.0886559192958164,,,,,,0.000296706557214914,0,,0,0.00421323311245179,0.00159562192991132,,0,0,,,0.0255299508785811,,0.00145056539082847,,0.000257145682919593,0,0.000751656611611117,,,0.270715062802888,,,,,0,,,,0,0,,,,0,0.324959614940824
0,0,2013,2013-09-22,081,Berlin-Tempelhof - Schöneberg,11,Berlin,erststimme,235259,177205,174159,3046,0.753233670125266,cdu,,,,0.0366963521839239,,,,0,0,,0.00325564570306444,0,,0,,,0.0019981740823041,,,0.349829753271436,,0,,,,0,,0.00857836804299519,0,,0,,,,,0,0.0148427586286095,,,0.00519640098990003,,,,,0.203612790610879,,,,,,,,0.0735018000792379,,,,,,0,0,,0,0.0102722225093162,0,,0,0,,,0.0300472556686706,,0,,0,0,0,,,0.262168478229664,,,,,0,,,,0,0,,,,0,0.349829753271436
0,0,2013,2013-09-22,081,Berlin-Tempelhof - Schöneberg,11,Berlin,zweitstimme,235259,177205,174432,2773,0.753233670125266,cdu,,,,0.0457943496606127,,,,0,0,,0.00271165841130068,0,,0,,,0.00126696936341956,,,0.316885663181068,,0,,,,0,,0.00904650522839846,0,,0,,,,,0,0.0408984589983489,,,0.00435126582278481,,,,,0.154449871583196,,,,,,,,0.102830902586681,,,,,,0.000418501192441754,0,,0,0.00910383415886993,0.00196064942212438,,0,0,,,0.031679966978536,,0.00275752155567786,,0.000361172261970281,0,0.00125550357732526,,,0.274227206017245,,,,,0,,,,0,0,,,,0,0.316885663181068
0,0,2013,2013-09-22,082,Berlin-Neukölln,11,Berlin,erststimme,205635,140825,137723,3102,0.684829917086099,spd,,,,0.030060338505551,,,,0,0,,0,0,,0,,,0.0016119311952252,,,0.305627963375762,,0,,,,0,,0.0175715022182206,0,,0,,,,,0,0.0135126304248383,,,0.00576519535589553,,,,,0.117090101145052,,,,,,,,0.117220798268989,,,,,,0.00151027787660739,0,,0,0.022465383414535,0,,0,0,,,0.0442482374040647,,0,,0,0,0,,,0.32331564081526,,,,,0,,,,0,0,,,,0,0.305627963375762
0,0,2013,2013-09-22,082,Berlin-Neukölln,11,Berlin,zweitstimme,205635,140825,137957,2868,0.684829917086099,spd,,,,0.0422740419116101,,,,0,0,,0.00447240806918098,0,,0,,,0.000913328065991577,,,0.29022086592199,,0,,,,0,,0.0149321890154178,0,,0,,,,,0,0.0298788753017245,,,0.00499430982117616,,,,,0.138854860572497,,,,,,,,0.142631399639018,,,,,,0.001036554868546,0,,0,0.0190421653123799,0.00184840203831629,,0,0,,,0.0409837848025109,,0.00329088049174743,,0.000579890835550208,0,0.00156570525598556,,,0.262480338076357,,,,,0,,,,0,0,,,,0,0.29022086592199
0,0,2013,2013-09-22,083,Berlin-Friedrichshain-Kreuzberg - Prenzlauer Berg Ost,11,Berlin,erststimme,226240,168048,165731,2317,0.742786421499293,gruene,,,,0.0200626316138803,,,,0.00376513748182295,0,,0.00363239225009202,0,,0,,,0.000651658410315511,,,0.13710772275555,,0,,,,0,,0.0160863085361218,0,,0,,,,,0,0.00993779075731155,,,0.00310744519733785,,,,,0.398573592146309,,,,,,,,0.171609415257254,,,,,,0,0,,0,0.0077897315529382,0,,0,0,,,0.0381159831292878,,0,,0,0,0,,,0.179803416379555,,,,,0,,,,0.00275748049550175,0,,,,0.00699929403672216,0.13710772275555
0,0,2013,2013-09-22,083,Berlin-Friedrichshain-Kreuzberg - Prenzlauer Berg Ost,11,Berlin,zweitstimme,226240,168048,165690,2358,0.742786421499293,gruene,,,,0.0279015028064458,,,,0,0,,0.00358500814774579,0,,0,,,0.000519041583680367,,,0.153744945379926,,0,,,,0,,0.0189631239060897,0,,0,,,,,0,0.0216005793952562,,,0.00287887017925041,,,,,0.207737340817189,,,,,,,,0.251306657010079,,,,,,0.00126139175568833,0,,0,0.00688031866739091,0.00257106644939345,,0,0,,,0.0580119500271592,,0.00152091254752852,,0.000760456273764259,0,0.00064578429597441,,,0.240111050757439,,,,,0,,,,0,0,,,,0,0.153744945379926
0,0,2013,2013-09-22,084,Berlin-Treptow - Köpenick,11,Berlin,erststimme,201629,148406,146219,2187,0.736034994966002,linke_pds,,,,0.0395844589280463,,,,0,0,,0,0,,0,,,0.00149091431346132,,,0.225935069997743,,0,,,,0,,0.00918485285769975,0,,0,,,,,0,0.00977301171530376,,,0.00584739329362121,,,,,0.0502260308167885,,,,,,,,0.421703061845588,,,,,,0.00142252374862364,0,,0,0.0276229491379369,0,,0,0,,,0.0287582325142423,,0,,0,0,0,,,0.178451500830945,,,,,0,,,,0,0,,,,0,0.225935069997743
0,0,2013,2013-09-22,084,Berlin-Treptow - Köpenick,11,Berlin,zweitstimme,201629,148406,146281,2125,0.736034994966002,linke_pds,,,,0.0554138951743562,,,,0,0,,0.000601581886916278,0,,0,,,0.00136039540336749,,,0.254099985644069,,0,,,,0,,0.0101653666573239,0,,0,,,,,0,0.0198522022682372,,,0.00611152507844491,,,,,0.0737416342518851,,,,,,,,0.294761452273364,,,,,,0.00130570614092056,0,,0,0.0259432188732645,0.00224225976032431,,0,0,,,0.0353839528031665,,0.0035821466902742,,0.000567401097886944,0,0.00155180782193176,,,0.213315468174267,,,,,0,,,,0,0,,,,0,0.254099985644069
0,0,2013,2013-09-22,085,Berlin-Marzahn - Hellersdorf,11,Berlin,erststimme,203968,132817,130739,2078,0.651165869155946,linke_pds,,,,0.048547105301402,,,,0,0,,0,0,,0,,,0.00182806966551679,,,0.256633445261169,,0,,,,0,,0.00657799126503951,0,,0,,,,,0,0.00717459977512449,,,0.00548420899655038,,,,,0.0311383749302045,,,,,,,,0.38906523684593,,,,,,0,0,,0,0.0423745018701382,0,,0,0,,,0.0280558976280987,,0.00842135858466104,,0,0,0,,,0.170882445177032,,,,,0,,,,0,0,,,,0.00381676469913339,0.256633445261169
0,0,2013,2013-09-22,085,Berlin-Marzahn - Hellersdorf,11,Berlin,zweitstimme,203968,132817,130732,2085,0.651165869155946,linke_pds,,,,0.0636339993268672,,,,0,0,,0.000558394272251629,0,,0,,,0.00138451182571979,,,0.25966863507022,,0,,,,0,,0.00852124957929199,0,,0,,,,,0,0.0174249609888933,,,0.0057522259278524,,,,,0.0387663311201542,,,,,,,,0.329116054217789,,,,,,0.000849065263286724,0,,0,0.0390187559281584,0.00154514579444971,,0,0,,,0.0305663494783221,,0.00853654805250436,,0.000780222133831044,0,0.00185876449530337,,,0.192018786525105,,,,,0,,,,0,0,,,,0,0.25966863507022
0,0,2013,2013-09-22,086,Berlin-Lichtenberg,11,Berlin,erststimme,205457,138551,136292,2259,0.67435521788014,linke_pds,,,,0.042753793326094,,,,0,0,,0,0,,0,,,0.00169489038241423,,,0.227364775628797,,0,,,,0,,0,0,,0,,,,,0,0.0068896193466968,,,0.00731517623925102,,,,,0.0421741554896839,,,,,,,,0.403046400375664,,,,,,0,0,,0,0.0283068705426584,0,,0,0,,,0.0360769524256743,,0,,0,0,0,,,0.195433334311625,,,,,0,,,,0,0,,,,0.00894403193144132,0.227364775628797
0,0,2013,2013-09-22,086,Berlin-Lichtenberg,11,Berlin,zweitstimme,205457,138551,136401,2150,0.67435521788014,linke_pds,,,,0.0548383076370408,,,,0,0,,0.000535186692179676,0,,0,,,0.00126098782266992,,,0.230870741416852,,0,,,,0,,0.0101098965550106,0,,0,,,,,0,0.0155204140732106,,,0.00565245122836343,,,,,0.0583280181230343,,,,,,,,0.345730603148071,,,,,,0.00119500590171626,0,,0,0.0255569973827171,0.00194280100585773,,0,0,,,0.0371844781196619,,0.00436213810749188,,0.000857764972397563,0,0.00161289140108943,,,0.204441316412636,,,,,0,,,,0,0,,,,0,0.230870741416852
0,0,2013,2013-09-22,087,Aachen I,05,Nordrhein-Westfalen,erststimme,179933,134447,132971,1476,0.747205904419979,cdu,,,,0.022268013326214,,,,0,0,,0,0,,0,,,0,,,0.407419662934023,,0,,,,0,,0,0,,0,,,,,0,0.0216814192568304,,,0.004549864256116,,,,,0.0897263313053222,,,,,,,,0.0618555925728166,,,,,,0,0,,0,0.00558768453271766,0,,0,0,,,0.0341503034496244,,0,,0,0,0,,,0.352761128366336,,,,,0,,,,0,0,,,,0,0.407419662934023
0,0,2013,2013-09-22,087,Aachen I,05,Nordrhein-Westfalen,zweitstimme,179933,134447,133234,1213,0.747205904419979,cdu,,,,0.0311406998213669,,,,0,0,,0.000923187774892295,0,,0.000300223666631641,,,0.000127595058318447,,,0.365732470690665,,0,,,,0,,0.00588438386598016,0.000345257216626387,,0,,,,,0,0.0630544755843103,,,0.00416560337451401,,,,,0.131235270276356,,,,,,,,0.0766471020910578,,,,,,0.000187639791644775,0,,0.00111833315820286,0.00510380233273789,0.00165873575813981,,0.000683008841586982,0,,,0.0350436074875783,,0.00120089466652656,,0.000105078283321074,0,0.000870648633231758,,,0.273443715568098,,,,,0,,,,0,0.00102826605821337,,,,0,0.365732470690665
0,0,2013,2013-09-22,088,Aachen II,05,Nordrhein-Westfalen,erststimme,228375,164576,161549,3027,0.72063929939792,cdu,,,,0,,,,0,0,,0,0,,0,,,0,,,0.45571931735882,,0,,,,0,,0,0,,0,,,,,0,0.023689406929167,,,0,,,,,0.05630489820426,,,,,,,,0.0582981015048066,,,,,,0,0,,0,0.0133272257952695,0,,0,0,,,0.0281214987403203,,0,,0,0,0.00777473088660406,,,0.356764820580753,,,,,0,,,,0,0,,,,0,0.45571931735882
0,0,2013,2013-09-22,088,Aachen II,05,Nordrhein-Westfalen,zweitstimme,228375,164576,162268,2308,0.72063929939792,cdu,,,,0.0328900337712919,,,,0,0,,0.000684053541055538,0,,0.000474523627579067,,,0.000184879335420416,,,0.408755885325511,,0,,,,0,,0.00443094140557596,0.000338945448270762,,0,,,,,0,0.0489806985973821,,,0.00339561712722163,,,,,0.0629822269332216,,,,,,,,0.064941947888678,,,,,,0.00016022875736436,0,,0.00138659501565312,0.0104580077402815,0.00131264328148495,,0.000640915029457441,0,,,0.0228757364360194,,0.00197204624448443,,0.000184879335420416,0,0.00488081445509897,,,0.325985406857791,,,,,0,,,,0,0.00208297384573668,,,,0,0.408755885325511
0,0,2013,2013-09-22,089,Heinsberg,05,Nordrhein-Westfalen,erststimme,188266,134521,132316,2205,0.714526255404587,cdu,,,,0.0229979745457843,,,,0,0,,0,0,,0,,,0,,,0.533941473442365,,0,,,,0,,0,0,,0,,,,,0,0.0220759394177575,,,0,,,,,0.0567656216935216,,,,,,,,0.0432298437074881,,,,,,0,0,,0,0.0129840684422141,0,,0,0,,,0.025015871096466,,0,,0,0,0,,,0.282989207654403,,,,,0,,,,0,0,,,,0,0.533941473442365
0,0,2013,2013-09-22,089,Heinsberg,05,Nordrhein-Westfalen,zweitstimme,188266,134521,132639,1882,0.714526255404587,cdu,,,,0.0350726407768454,,,,0,0,,0.000452355642005745,0,,0.000580523073907373,,,0.000218638560302777,,,0.493195817218164,,0,,,,0,,0.00419182894925324,0.000196020778202489,,0,,,,,0,0.0493293827607265,,,0.00329465692594184,,,,,0.0553080164959024,,,,,,,,0.0521339877411621,,,,,,0.000135706692601723,0,,0.00147015583651867,0.0107585250190366,0.00109319280151388,,0.000844397198410724,0,,,0.0227610280535891,,0.00189235443572403,,0.000331727470804213,0,0.00191497221782432,,,0.263082502129841,,,,,0,,,,0,0.00174156922172212,,,,0,0.493195817218164
0,0,2013,2013-09-22,090,Düren,05,Nordrhein-Westfalen,erststimme,199550,145541,142776,2765,0.72934602856427,cdu,,,,0,,,,0,0,,0,0,,0,,,0,,,0.503607048803721,,0,,,,0,,0,0,,0,,,,,0,0.0190648288227713,,,0,,,,,0.0486846528828375,,,,,,,,0.05104499355634,,,,,,0,0,,0,0,0,,0,0,,,0.0340883621897238,,0,,0,0,0,,,0.342137334005715,,,,,0,,,,0,0,,,,0.00137277973889169,0.503607048803721
0,0,2013,2013-09-22,090,Düren,05,Nordrhein-Westfalen,zweitstimme,199550,145541,143471,2070,0.72934602856427,cdu,,,,0.0399523248600763,,,,0,0,,0.00046699332966244,0,,0.000515783677537621,,,0.000243951739375902,,,0.442821197315137,,0,,,,0,,0.00454447240208823,0.000320622286036899,,0,,,,,0,0.0495012929442187,,,0.00239769709558029,,,,,0.0608415638003499,,,,,,,,0.0565968035352092,,,,,,0.000216071540590084,0,,0.00165887182775613,0.010908127774951,0.00103156735507524,,0.000850346062967429,0,,,0.0242418328442682,,0.0021676854555973,,0.000278801987858173,0,0.00127551909445114,,,0.296568644534436,,,,,0,,,,0,0.00259982853677747,,,,0,0.442821197315137
0,0,2013,2013-09-22,091,Rhein-Erft-Kreis I,05,Nordrhein-Westfalen,erststimme,247721,182970,176775,6195,0.738613197912167,cdu,,,,0,,,,0,0,,0,0,,0,,,0,,,0.472906236741621,,0,,,,0,,0,0,,0,,,,,0,0.0304907368123321,,,0,,,,,0.0555621552821383,,,,,,,,0.0442370244661293,,,,,,0,0,,0,0,0,,0,0,,,0.036594541083298,,0,,0,0,0,,,0.360209305614482,,,,,0,,,,0,0,,,,0,0.472906236741621
0,0,2013,2013-09-22,091,Rhein-Erft-Kreis I,05,Nordrhein-Westfalen,zweitstimme,247721,182970,178735,4235,0.738613197912167,cdu,,,,0.037261868128794,,,,0,0,,0.00125884689624304,0,,0.00060424651019666,,,0.000257364254343022,,,0.422530562005203,,0,,,,0,,0.00386605869023974,0.000408425881892187,,0,,,,,0,0.0572635465913224,,,0.0041793716955269,,,,,0.0686155481578874,,,,,,,,0.0518421126248357,,,,,,0.000106302626793857,0,,0.00175119590455143,0.00989733404201751,0.00123646739586539,,0.00127003664643187,0,,,0.0216241922399082,,0.00391641256608946,,0.000246174504154195,0,0.00137074439813131,,,0.308216074076146,,,,,0,,,,0,0.0022771141634263,,,,0,0.422530562005203
0,0,2013,2013-09-22,092,Euskirchen - Rhein-Erft-Kreis II,05,Nordrhein-Westfalen,erststimme,245268,178218,174278,3940,0.726625568765595,cdu,,,,0,,,,0,0,,0,0,,0,,,0,,,0.509295493407085,,0,,,,0,,0,0,,0,,,,,0,0.0350072872077944,,,0,,,,,0.0577582942195802,,,,,,,,0.0468561723223815,,,,,,0,0,,0,0.0148555755746566,0,,0,0,,,0.0280815708236266,,0,,0,0,0,,,0.308145606444875,,,,,0,,,,0,0,,,,0,0.509295493407085
0,0,2013,2013-09-22,092,Euskirchen - Rhein-Erft-Kreis II,05,Nordrhein-Westfalen,zweitstimme,245268,178218,175471,2747,0.726625568765595,cdu,,,,0.0409355392059087,,,,0,0,,0.000547098950823783,0,,0.000535701056014954,,,0.000136774737705946,,,0.450530287055981,,0,,,,0,,0.00434259792216378,0.000113978948088288,,0,,,,,0,0.0661704783126557,,,0.0032825937049427,,,,,0.0714875962409743,,,,,,,,0.0517179476950607,,,,,,0.000199463159154504,0,,0.00157860843102279,0.00969960848231332,0.00121387579714027,,0.00119677895492703,0,,,0.0218041727692895,,0.00278678528075864,,0.000188065264345675,0,0.00108849895424315,,,0.267747946954198,,,,,0,,,,0,0.00269560212228801,,,,0,0.450530287055981
0,0,2013,2013-09-22,093,Köln I,05,Nordrhein-Westfalen,erststimme,191277,132837,131392,1445,0.694474505559999,spd,,,,0.0295680102289333,,,,0,0,,0,0,,0,,,0.00129383828543595,,,0.36708475401851,,0,,,,0,,0,0,,0,,,,,0,0.0246818679980516,,,0.00337920116902095,,,,,0.10284492206527,,,,,,,,0.0653236117876279,,,,,,0,0,,0,0.0101147710667316,0,,0,0,,,0.0255799439844131,,0,,0,0,0,,,0.370129079396006,,,,,0,,,,0,0,,,,0,0.36708475401851
0,0,2013,2013-09-22,093,Köln I,05,Nordrhein-Westfalen,zweitstimme,191277,132837,131602,1235,0.694474505559999,spd,,,,0.0407820549839668,,,,0,0,,0.00193006185316333,0,,0.000607893497059315,,,0.000463518791507728,,,0.333300405768909,,0,,,,0,,0.00670962447379219,0.000136776036838346,,0,,,,,0,0.0549763681403018,,,0.00256075135636237,,,,,0.122004224859805,,,,,,,,0.0813741432501026,,,,,,0.000554702816066625,0,,0.00183127915989119,0.00784182611206517,0.00155012841750125,,0.0008434522271698,0,,,0.0266029391650583,,0.00312305284114223,,0.000235558730110485,0,0.00127657634382456,,,0.309714138083008,,,,,0,,,,0,0.00158052309235422,,,,0,0.333300405768909
0,0,2013,2013-09-22,094,Köln II,05,Nordrhein-Westfalen,erststimme,233118,184162,182684,1478,0.78999476659889,cdu,,,,0.0210144292877318,,,,0,0,,0,0,,0,,,0.000585710844956318,,,0.399657331786035,,0,,,,0,,0,0,,0,,,,,0,0.0260668695671214,,,0.00319130301504237,,,,,0.144654156904819,,,,,,,,0.0521173173348514,,,,,,0,0,,0,0.00428608964112894,0,,0,0,,,0.0201276521206017,,0,,0,0,0,,,0.328299139497712,,,,,0,,,,0,0,,,,0,0.399657331786035
0,0,2013,2013-09-22,094,Köln II,05,Nordrhein-Westfalen,zweitstimme,233118,184162,183019,1143,0.78999476659889,cdu,,,,0.0325376053852332,,,,0,0,,0.000721236592922046,0,,0.000289587419885367,,,0.000207628716144226,,,0.354657166742251,,0,,,,0,,0.00562783099022506,5.46391358274278e-05,,0,,,,,0,0.0812538588889678,,,0.00220195717384534,,,,,0.156497412836919,,,,,,,,0.0693315994514231,,,,,,0.000234948284057939,0,,0.00198886454411837,0.00325649249531469,0.00179216365513963,,0.000524535703943306,0,,,0.0222490561089286,,0.00133865882777198,,0.000202164802561483,0,0.000562783099022506,,,0.263305995552374,,,,,0,,,,0,0.00116381359312421,,,,0,0.354657166742251
0,0,2013,2013-09-22,095,Köln III,05,Nordrhein-Westfalen,erststimme,201922,141714,139949,1765,0.70182545735482,spd,,,,0,,,,0,0,,0,0,,0,,,0.00145052840677675,,,0.328684020607507,,0,,,,0,,0,0,,0,,,,,0,0.0225653630965566,,,0.00520189497602698,,,,,0.128946973540361,,,,,,,,0.0777640426155242,,,,,,0,0,,0,0.0125045552308341,0,,0,0,,,0.0297322596088575,,0,,0,0,0,,,0.393150361917556,,,,,0,,,,0,0,,,,0,0.328684020607507
0,0,2013,2013-09-22,095,Köln III,05,Nordrhein-Westfalen,zweitstimme,201922,141714,140346,1368,0.70182545735482,spd,,,,0.0321562424294244,,,,0,0,,0.00271471933649694,0,,0.00047739158935773,,,0.000420389608538897,,,0.305687372636199,,0,,,,0,,0.0074173827540507,0.000192381685263563,,0,,,,,0,0.0451669445513232,,,0.00288572527895344,,,,,0.148953301127214,,,,,,,,0.0923432089265102,,,,,,0.000406139113334188,0,,0.00208769754748978,0.00753138671568837,0.00187394011941915,,0.000904906445498981,0,,,0.02699756316532,,0.00347712082994884,,0.000242258418480042,0,0.00107591238795548,,,0.315220953928149,,,,,0,,,,0,0.00176706140538384,,,,0,0.305687372636199
0,0,2013,2013-09-22,096,Bonn,05,Nordrhein-Westfalen,erststimme,226487,175014,172871,2143,0.772733092848596,spd,,,,0.0253483811628324,,,,0,0,,0,0,,0,,,0,,,0.374718720895928,,0,,,,0,,0.0052466868358487,0,,0,,,,,0,0.0602530210388093,,,0,,,,,0.0855956175414037,,,,,,,,0.0435179989703305,,,,,,0,0,,0,0,0,,0,0,,,0.0237923075588155,,0,,0,0,0,,,0.381527265996032,,,,,0,,,,0,0,,,,0,0.374718720895928
0,0,2013,2013-09-22,096,Bonn,05,Nordrhein-Westfalen,zweitstimme,226487,175014,173239,1775,0.772733092848596,spd,,,,0.0426520587165707,,,,0,0,,0.00551261551960009,0,,0.00027130149677613,,,0.000144309306795814,,,0.362758963051045,,0,,,,0,,0.00622838968130733,0.000109675073164819,,0,,,,,0,0.0832260634152818,,,0.00178366303199626,,,,,0.136724409630626,,,,,,,,0.0634268265228961,,,,,,0.000242439635416967,0,,0.00125260478298766,0.00462367018973788,0.00169130507564694,,0.000761953139881897,0,,,0.0255023406969562,,0.00206650927331606,,0.000121219817708484,0,0.000531058249008595,,,0.259231466355728,,,,,0,,,,0,0.00113715733755101,,,,0,0.362758963051045
0,0,2013,2013-09-22,097,Rhein-Sieg-Kreis I,05,Nordrhein-Westfalen,erststimme,234377,172653,170402,2251,0.736646513949748,cdu,,,,0.0323881175103579,,,,0,0,,0,0,,0,,,0,,,0.496214833159235,,0,,,,0,,0,0,,0,,,,,0,0.0244832807126677,,,0.0047123860048591,,,,,0.0639370429924531,,,,,,,,0.0466309080879332,,,,,,0,0,,0,0.00949519371838359,0,,0,0,,,0.0203753477071865,,0,,0,0,0,,,0.29501414302649,,,,,0,,,,0,0.00674874708043333,,,,0,0.496214833159235
0,0,2013,2013-09-22,097,Rhein-Sieg-Kreis I,05,Nordrhein-Westfalen,zweitstimme,234377,172653,170747,1906,0.736646513949748,cdu,,,,0.0440066296918833,,,,0,0,,0.000890205977264608,0,,0.000603231681962201,,,0.000134702220243987,,,0.434484939706115,,0,,,,0,,0.00417576882756359,0.000117132365429554,,0,,,,,0,0.0632280508588731,,,0.00312743415696908,,,,,0.0819926558006876,,,,,,,,0.0556144471059521,,,,,,0.000105419128886598,0,,0.00120060674565293,0.00857408914944333,0.00139387514861169,,0.00080821332146392,0,,,0.0220853075017423,,0.00184483475551547,,0.000222551494316152,0,0.000866779504178697,,,0.26978512067562,,,,,0,,,,0,0.00473800418162545,,,,0,0.434484939706115
0,0,2013,2013-09-22,098,Rhein-Sieg-Kreis II,05,Nordrhein-Westfalen,erststimme,213791,164635,162445,2190,0.770074512023425,cdu,,,,0.0311366924189726,,,,0,0,,0,0,,0,,,0,,,0.523611068361599,,0,,,,0,,0,0,,0,,,,,0,0.0311366924189726,,,0.00640216688725415,,,,,0.0722213672319862,,,,,,,,0.033519037212595,,,,,,0,0,,0,0.00743020714703438,0,,0,0,,,0.0193973344824402,,0,,0,0,0,,,0.271464187878974,,,,,0,,,,0,0.00368124596017114,,,,0,0.523611068361599
0,0,2013,2013-09-22,098,Rhein-Sieg-Kreis II,05,Nordrhein-Westfalen,zweitstimme,213791,164635,162910,1725,0.770074512023425,cdu,,,,0.0451905960346204,,,,0,0,,0.000896200356024799,0,,0.000460376895218219,,,0.000128905530661101,,,0.453379166410902,,0,,,,0,,0.00361549321711374,6.13835860290958e-05,,0,,,,,0,0.0826714136639863,,,0.00359093978270211,,,,,0.0866859001902891,,,,,,,,0.0456264194954269,,,,,,0.000110490454852372,0,,0.00100055245227426,0.00669694923577435,0.00165735682278559,,0.000705911239334602,0,,,0.019415628261003,,0.00183536922226997,,0.000104352096249463,0,0.000681357804922964,,,0.242900988275735,,,,,0,,,,0,0.00258424897182493,,,,0,0.453379166410902
0,0,2013,2013-09-22,099,Oberbergischer Kreis,05,Nordrhein-Westfalen,erststimme,209414,150899,148916,1983,0.720577420802812,cdu,,,,0.0299161943646082,,,,0,0,,0,0,,0,,,0,,,0.522442182169814,,0,,,,0,,0,0,,0,,,,,0,0.0216632195331596,,,0,,,,,0.0515391227269064,,,,,,,,0.0427959386499772,,,,,,0,0,,0,0.0100123559590642,0,,0,0,,,0.0185943753525477,,0,,0,0,0,,,0.300659432163099,,,,,0,,,,0,0,,,,0.00237717908082409,0.522442182169814
0,0,2013,2013-09-22,099,Oberbergischer Kreis,05,Nordrhein-Westfalen,zweitstimme,209414,150899,148946,1953,0.720577420802812,cdu,,,,0.0502665395512468,,,,0,0,,0.000537107408053926,0,,0.000483396667248533,,,0.000120849166812133,,,0.452761403461657,,0,,,,0,,0.00422300699582399,0.000140990694614155,,0,,,,,0,0.0567051146052932,,,0.00244383870664536,,,,,0.0694681293891746,,,,,,,,0.0540800021484296,,,,,,0.000174559907617526,0,,0.0012689162515274,0.00892269681629584,0.00175902676137661,,0.000872799538087629,0,,,0.0191277375693204,,0.00317564755011884,,0.00021484296322157,0,0.00102050407530246,,,0.269795764908088,,,,,0,,,,0,0.00243712486404469,,,,0,0.452761403461657
0,0,2013,2013-09-22,100,Rheinisch-Bergischer Kreis,05,Nordrhein-Westfalen,erststimme,216414,169131,167604,1527,0.781515983254318,cdu,,,,0.0281198539414334,,,,0,0,,0,0,,0,,,0,,,0.584813011622634,,0,,,,0,,0,0,,0,,,,,0,0.0175234481277296,,,0,,,,,0.0684470537695998,,,,,,,,0.0410730054175318,,,,,,0,0,,0,0.00740435789121978,0,,0,0,,,0,,0,,0,0,0,,,0.249958234886996,,,,,0,,,,0,0,,,,0.00266103434285578,0.584813011622634
0,0,2013,2013-09-22,100,Rheinisch-Bergischer Kreis,05,Nordrhein-Westfalen,zweitstimme,216414,169131,167720,1411,0.781515983254318,cdu,,,,0.0473706176961603,,,,0,0,,0.000709515859766277,0,,0.000471023133794419,,,0.000149057953732411,,,0.436906749344145,,0,,,,0,,0.00461483424755545,0.000166944908180301,,0,,,,,0,0.0696160267111853,,,0.00276055330312426,,,,,0.0901085141903172,,,,,,,,0.0505187216789888,,,,,,0.000178869544478893,0,,0.00177080849034104,0.00685070355354162,0.00158001430956356,,0.000912234676842356,0,,,0.0197412353923205,,0.00207488671595516,,0.000143095635583115,0,0.000924159313140949,,,0.26067851180539,,,,,0,,,,0,0.00175292153589316,,,,0,0.436906749344145
0,0,2013,2013-09-22,101,Leverkusen - Köln IV,05,Nordrhein-Westfalen,erststimme,214098,150030,147944,2086,0.700753860381694,spd,,,,0,,,,0,0,,0,0,,0,,,0,,,0.393398853620289,,0,,,,0,,0.0103349916184502,0,,0,,,,,0,0.0232993565132753,,,0.0108419401935868,,,,,0.071574379494944,,,,,,,,0.057819174822906,,,,,,0.00269020710539123,0,,0,0.0165603201211269,0,,0,0,,,0,,0,,0,0,0,,,0.413480776510031,,,,,0,,,,0,0,,,,0,0.393398853620289
0,0,2013,2013-09-22,101,Leverkusen - Köln IV,05,Nordrhein-Westfalen,zweitstimme,214098,150030,148440,1590,0.700753860381694,spd,,,,0.0391201832390191,,,,0,0,,0.00186607383454594,0,,0.000437887361897063,,,0.000202101859337106,,,0.35626515763945,,0,,,,0,,0.00668957154405821,0.000107787658313123,,0,,,,,0,0.0485852869846403,,,0.00425761250336836,,,,,0.0962206952303961,,,,,,,,0.0715103745621126,,,,,,0.00110482349770951,0,,0.00154944758825115,0.0106305578011318,0.00136081918620318,,0.000646725949878739,0,,,0.0257073565076799,,0.00346267852330908,,0.000154944758825115,0,0.00119240097008892,,,0.326805443276745,,,,,0,,,,0,0.00212206952303961,,,,0,0.35626515763945
0,0,2013,2013-09-22,102,Wuppertal I,05,Nordrhein-Westfalen,erststimme,213132,145925,143405,2520,0.684669594429743,spd,,,,0,,,,0,0,,0,0,,0,,,0,,,0.365586973954883,,0,,,,0,,0,0,,0,,,,,0,0.0300826331020536,,,0,,,,,0.0711132805690178,,,,,,,,0.0766500470694885,,,,,,0,0,,0,0.0195460409330219,0,,0,0,,,0.0297339702241902,,0,,0,0,0,,,0.407287054147345,,,,,0,,,,0,0,,,,0,0.365586973954883
0,0,2013,2013-09-22,102,Wuppertal I,05,Nordrhein-Westfalen,zweitstimme,213132,145925,143938,1987,0.684669594429743,spd,,,,0.0416081924161792,,,,0,0,,0.00129917047617724,0,,0.000423793577790438,,,0.000132001278328169,,,0.329794772749378,,0,,,,0,,0.00668343314482624,0.000548847420417124,,0,,,,,0,0.0569550778807542,,,0.00305687170865234,,,,,0.0994733843738276,,,,,,,,0.0868359988328308,,,,,,0.000910114076894218,0,,0.00157706790423655,0.0112548458364018,0.00140338201169948,,0.000875376898386806,0,,,0.0247398185329795,,0.00328613708680126,,0.000257055120954856,0,0.00270949992357821,,,0.324014506245745,,,,,0,,,,0,0.00216065250316108,,,,0,0.329794772749378
0,0,2013,2013-09-22,103,Solingen - Remscheid - Wuppertal II,05,Nordrhein-Westfalen,erststimme,226117,160929,158572,2357,0.711706771273279,cdu,,,,0.036475544232273,,,,0,0,,0,0,,0,,,0,,,0.443136240950483,,0,,,,0,,0,0,,0,,,,,0,0.0262972025326035,,,0,,,,,0.0714754181066014,,,,,,,,0.0581565471836138,,,,,,0.00271170193981283,0,,0,0,0,,0,0,,,0.027949448830815,,0,,0,0,0,,,0.333797896223797,,,,,0,,,,0,0,,,,0,0.443136240950483
0,0,2013,2013-09-22,103,Solingen - Remscheid - Wuppertal II,05,Nordrhein-Westfalen,zweitstimme,226117,160929,159021,1908,0.711706771273279,cdu,,,,0.0430949371466662,,,,0,0,,0.00165386961470498,0,,0.000465347344061476,,,0.000201231283918476,,,0.390067978443099,,0,,,,0,,0.00494274341124757,0.00015721194056131,,0,,,,,0,0.0606838090566655,,,0.00218210173499098,,,,,0.0797127423422064,,,,,,,,0.0675382496651386,,,,,,0.00111306053917407,0,,0.00125769552449048,0.00999867941969929,0.00135831116644971,,0.000867809911898429,0,,,0.0245313512051867,,0.00314423881122619,,0.000226385194408286,0,0.00216952477974607,,,0.302620408625276,,,,,0,,,,0,0.00201231283918476,,,,0,0.390067978443099
0,0,2013,2013-09-22,104,Mettmann I,05,Nordrhein-Westfalen,erststimme,205564,154473,152673,1800,0.75145939950575,cdu,,,,0.0306734000117899,,,,0,0,,0,0,,0,,,0,,,0.495359362821193,,0,,,,0,,0,0,,0,,,,,0,0.0194140417755595,,,0,,,,,0.0506638370897277,,,,,,,,0.0373150458823761,,,,,,0,0,,0,0,0,,0,0,,,0.0205275327006085,,0,,0,0,0,,,0.346046779718745,,,,,0,,,,0,0,,,,0,0.495359362821193
0,0,2013,2013-09-22,104,Mettmann I,05,Nordrhein-Westfalen,zweitstimme,205564,154473,152883,1590,0.75145939950575,cdu,,,,0.0507839328113656,,,,0,0,,0.000968060543029637,0,,0.000627931163046251,,,0.00029434273267793,,,0.429714225911318,,0,,,,0,,0.00298921397408476,0.00030742463190806,,0,,,,,0,0.063185573281529,,,0.00199498963259486,,,,,0.0765225695466468,,,,,,,,0.0510717345944284,,,,,,0.000170064689991693,0,,0.00130164897339796,0.00832662885997789,0.00149787746184991,,0.000660635911121577,0,,,0.0212122996016562,,0.00214543147374136,,0.000196228488451953,0,0.00185108874106343,,,0.282392417731206,,,,,0,,,,0,0.00178567924491278,,,,0,0.429714225911318
0,0,2013,2013-09-22,105,Mettmann II,05,Nordrhein-Westfalen,erststimme,165493,123036,121379,1657,0.74345138465071,cdu,,,,0.0322213892024156,,,,0,0,,0,0,,0,,,0,,,0.455655426391715,,0,,,,0,,0,0,,0,,,,,0,0.0240568796908856,,,0,,,,,0.0493248420237438,,,,,,,,0.0425609042750393,,,,,,0,0,,0,0,0,,0,0,,,0.0246912563128713,,0,,0,0,0,,,0.371489302103329,,,,,0,,,,0,0,,,,0,0.455655426391715
0,0,2013,2013-09-22,105,Mettmann II,05,Nordrhein-Westfalen,zweitstimme,165493,123036,121654,1382,0.74345138465071,cdu,,,,0.0471007940552715,,,,0,0,,0.000789123251187795,0,,0.000452101862659674,,,0.000213720880530028,,,0.413089581929078,,0,,,,0,,0.00285235175168922,0.000320581320795042,,0,,,,,0,0.0610008713235899,,,0.00161934667170829,,,,,0.0691140447498644,,,,,,,,0.0546303450770217,,,,,,0.000254821049862725,0,,0.00144672596051096,0.00901737715159386,0.00120834497838131,,0.000608282506123925,0,,,0.0218241899156625,,0.00201390829730219,,0.00017262071119733,0,0.00161934667170829,,,0.308908872704556,,,,,0,,,,0,0.00174264717970638,,,,0,0.413089581929078
0,0,2013,2013-09-22,106,Düsseldorf I,05,Nordrhein-Westfalen,erststimme,218889,165028,163393,1635,0.75393464267277,cdu,,,,0.0307295906189372,,,,0,0,,0,0,,0,,,0,,,0.478637395726867,,0,,,,0,,0,0,,0,,,,,0,0.0356502420544332,,,0,,,,,0.0821761030154291,,,,,,,,0.0529826859167774,,,,,,0.00105879688848359,0,,0,0.00504305570006059,0,,0,0,,,0.018746213118065,,0,,0,0,0.00285201936435465,,,0.292123897596592,,,,,0,,,,0,0,,,,0,0.478637395726867
0,0,2013,2013-09-22,106,Düsseldorf I,05,Nordrhein-Westfalen,zweitstimme,218889,165028,163675,1353,0.75393464267277,cdu,,,,0.0421017259813655,,,,0,0,,0.000769818237360623,0,,0.000384909118680312,,,0.000201619062165878,,,0.403103711623644,,0,,,,0,,0.0033053306858103,0.000128303039560104,,0,,,,,0,0.0915533832289598,,,0.00147243012066595,,,,,0.0943638307621812,,,,,,,,0.0641820681228043,,,,,,0.000494883152588972,0,,0.00114250801893997,0.00470444478387048,0.00111195967618757,,0.000543760500992821,0,,,0.0211272338475638,,0.00122804337864671,,0.000171070719413472,0,0.00231556438063235,,,0.264359248510768,,,,,0,,,,0,0.00123415304719719,,,,0,0.403103711623644
0,0,2013,2013-09-22,107,Düsseldorf II,05,Nordrhein-Westfalen,erststimme,196250,139390,137407,1983,0.710267515923567,cdu,,,,0,,,,0,0,,0,0,,0,,,0.00276550685190711,,,0.407475601679682,,0,,,,0,,0,0,,0,,,,,0,0.0289650454489218,,,0,,,,,0.0750689557300574,,,,,,,,0.091247170813714,,,,,,0,0,,0,0.00967927398167488,0,,0,0,,,0.0280043957003646,,0,,0,0,0.00699382127548087,,,0.349800228518198,,,,,0,,,,0,0,,,,0,0.407475601679682
0,0,2013,2013-09-22,107,Düsseldorf II,05,Nordrhein-Westfalen,zweitstimme,196250,139390,138042,1348,0.710267515923567,cdu,,,,0.042342185711595,,,,0,0,,0.00111560249779053,0,,0.000470871184132366,,,0.000586777937149563,,,0.369814983845496,,0,,,,0,,0.00402775966734762,0.000130395097144347,,0,,,,,0,0.0578012488952638,,,0.00185450804827516,,,,,0.0970646614798395,,,,,,,,0.0775488619405688,,,,,,0.000441894495878066,0,,0.00139812520826995,0.00759189232262645,0.00136190434795207,,0.000615754625403863,0,,,0.0254197997710842,,0.00205010069399168,,0.00025354602222512,0,0.00398429463496617,,,0.302350009417424,,,,,0,,,,0,0.00177482215557584,,,,0,0.369814983845496
0,0,2013,2013-09-22,108,Neuss I,05,Nordrhein-Westfalen,erststimme,214614,154444,152566,1878,0.719636184032729,cdu,,,,0.02723411507151,,,,0,0,,0,0,,0,,,0,,,0.51592097846178,,0,,,,0,,0,0,,0,,,,,0,0.0229867729376139,,,0.00529606858671001,,,,,0.0473631084252062,,,,,,,,0.0392158147949084,,,,,,0,0,,0,0.0109133096495943,0,,0,0,,,0.0255037164243672,,0,,0,0,0,,,0.30556611564831,,,,,0,,,,0,0,,,,0,0.51592097846178
0,0,2013,2013-09-22,108,Neuss I,05,Nordrhein-Westfalen,zweitstimme,214614,154444,152809,1635,0.719636184032729,cdu,,,,0.0410708793330236,,,,0,0,,0.00131536755034062,0,,0.000602058779260384,,,0.000281397038132571,,,0.454685260684907,,0,,,,0,,0.00303647036496541,0.000170147046312717,,0,,,,,0,0.0616324954681989,,,0.00422749968915443,,,,,0.0612725690240758,,,,,,,,0.0497745551636357,,,,,,0.000255220569469076,0,,0.00109941168386679,0.00983580810030823,0.00122374991001839,,0.00070022053674849,0,,,0.0239907335300931,,0.0023427939453828,,0.000255220569469076,0,0.00147897047948746,,,0.278805567734885,,,,,0,,,,0,0.0019436027982645,,,,0,0.454685260684907
0,0,2013,2013-09-22,109,Mönchengladbach,05,Nordrhein-Westfalen,erststimme,192676,127559,125606,1953,0.662038863169258,cdu,,,,0.0339076158782224,,,,0,0,,0,0,,0,,,0,,,0.508279859242393,,0,,,,0,,0.00687865229368024,0,,0,,,,,0,0.0226661146760505,,,0,,,,,0.0608091970128816,,,,,,,,0.0623139022021241,,,,,,0,0,,0,0.0132398133847109,0,,0,0,,,0,,0,,0,0,0,,,0.291904845309937,,,,,0,,,,0,0,,,,0,0.508279859242393
0,0,2013,2013-09-22,109,Mönchengladbach,05,Nordrhein-Westfalen,zweitstimme,192676,127559,125942,1617,0.662038863169258,cdu,,,,0.0417255562084134,,,,0,0,,0.000984580203585778,0,,0.000357307331946452,,,0.000158803258642867,,,0.43694716615585,,0,,,,0,,0.00590748122151467,0.000158803258642867,,0,,,,,0,0.0588683679789109,,,0.0025090914865573,,,,,0.0618697495672611,,,,,,,,0.0641565164917184,,,,,,0.000238204887964301,0,,0.00142128916485366,0.01063187816614,0.00125454574327865,,0.000976640040653634,0,,,0.0250035730733195,,0.00246145050896444,,0.000182623747439297,0,0.00115132362516079,,,0.281454955455686,,,,,0,,,,0,0.00158009242349653,,,,0,0.43694716615585
0,0,2013,2013-09-22,110,Krefeld I - Neuss II,05,Nordrhein-Westfalen,erststimme,202204,150999,149141,1858,0.746765642618346,cdu,,,,0.0243594987293903,,,,0,0,,0,0,,0,,,0,,,0.490817414393091,,0,,,,0,,0.00360732461227965,0,,0,,,,,0,0.0365224854332477,,,0.00354697903326382,,,,,0.0582871242649573,,,,,,,,0.041336721625844,,,,,,0,0,,0,0.0094876660341556,0,,0,0,,,0.0226094769379312,,0,,0,0,0,,,0.309425308935839,,,,,0,,,,0,0,,,,0,0.490817414393091
0,0,2013,2013-09-22,110,Krefeld I - Neuss II,05,Nordrhein-Westfalen,zweitstimme,202204,150999,149420,1579,0.746765642618346,cdu,,,,0.0385022085396868,,,,0,0,,0.00104403694284567,0,,0.000515325926917414,,,0.000227546513184313,,,0.447075358051131,,0,,,,0,,0.00398875652523089,0.000160621068130103,,0,,,,,0,0.0729554276535939,,,0.00305849283897738,,,,,0.0689532860393522,,,,,,,,0.05198768571811,,,,,,0.00028108686922768,0,,0.00100388167581314,0.00797751305046179,0.00110426984339446,,0.000535403560433677,0,,,0.0212354437157007,,0.00193414536206666,,0.000227546513184313,0,0.00103734439834025,,,0.274180163298086,,,,,0,,,,0,0.00201445589613171,,,,0,0.447075358051131
0,0,2013,2013-09-22,111,Viersen,05,Nordrhein-Westfalen,erststimme,227631,167490,165604,1886,0.735796091042081,cdu,,,,0.0252530132122413,,,,0,0,,0,0,,0,,,0,,,0.529963044370909,,0,,,,0,,0,0,,0,,,,,0,0.0232905002294631,,,0.00347213835414604,,,,,0.0536218931909857,,,,,,,,0.0482959348808,,,,,,0,0,,0,0.0101688365015338,0,,0,0,,,0.0209294461486438,,0,,0,0,0,,,0.285005193111278,,,,,0,,,,0,0,,,,0,0.529963044370909
0,0,2013,2013-09-22,111,Viersen,05,Nordrhein-Westfalen,zweitstimme,227631,167490,165797,1693,0.735796091042081,cdu,,,,0.0410501999433042,,,,0,0,,0.000633304583315742,0,,0.000597115749983413,,,0.000223164472216023,,,0.462897398626031,,0,,,,0,,0.00332937266657418,0.000120629444441094,,0,,,,,0,0.0632882380260198,,,0.00275638280547899,,,,,0.0669855304981393,,,,,,,,0.0536620083596205,,,,,,0.00019300711110575,0,,0.000959004083306694,0.00939100224973914,0.00123042033329916,,0.000681556361092179,0,,,0.0208930197771974,,0.00182753608328257,,0.000259353305548351,0,0.000874563472197929,,,0.266006019409278,,,,,0,,,,0,0.00214117263882941,,,,0,0.462897398626031
0,0,2013,2013-09-22,112,Kleve,05,Nordrhein-Westfalen,erststimme,225823,161873,159490,2383,0.716813610659676,cdu,,,,0.0333312433381403,,,,0,0,,0,0,,0,,,0,,,0.509223148786758,,0,,,,0,,0,0,,0,,,,,0,0.0313687378519029,,,0,,,,,0.0578092670386858,,,,,,,,0,,,,,,0,0,,0,0.0102200764938241,0,,0,0,,,0.0271302276004765,,0,,0,0,0,,,0.330917298890213,,,,,0,,,,0,0,,,,0,0.509223148786758
0,0,2013,2013-09-22,112,Kleve,05,Nordrhein-Westfalen,zweitstimme,225823,161873,160160,1713,0.716813610659676,cdu,,,,0.0393356643356643,,,,0,0,,0.000293456543456544,0,,0.000586913086913087,,,0.00014985014985015,,,0.48597027972028,,0,,,,0,,0.0023538961038961,0.000187312687312687,,0,,,,,0,0.0567807192807193,,,0.00146103896103896,,,,,0.0615384615384615,,,,,,,,0.0457167832167832,,,,,,0.000193556443556444,0,,0.000855394605394606,0.00807317682317682,0.00123626373626374,,0.000630619380619381,0,,,0.0200549450549451,,0.00191058941058941,,0.000143606393606394,0,0.000718031968031968,,,0.270061188811189,,,,,0,,,,0,0.00174825174825175,,,,0,0.48597027972028
0,0,2013,2013-09-22,113,Wesel I,05,Nordrhein-Westfalen,erststimme,207485,153981,152245,1736,0.742130756440225,cdu,,,,0.0296233045420211,,,,0,0,,0,0,,0.00321849650234819,,,0,,,0.434641531741601,,0,,,,0,,0,0,,0,,,,,0,0.0182666097408782,,,0,,,,,0.0491904496042563,,,,,,,,0.0494400472921935,,,,,,0,0,,0,0,0,,0,0,,,0.023429340865053,,0,,0,0,0,,,0.392190219711649,,,,,0,,,,0,0,,,,0,0.434641531741601
0,0,2013,2013-09-22,113,Wesel I,05,Nordrhein-Westfalen,zweitstimme,207485,153981,152469,1512,0.742130756440225,cdu,,,,0.0372403570561885,,,,0,0,,0.000550931664797434,0,,0.00159376660173543,,,0.000163967757380189,,,0.393325856403597,,0,,,,0,,0.00421725071981845,0.000255789701513094,,0,,,,,0,0.0473801231725793,,,0.00193481953708623,,,,,0.0641441866871299,,,,,,,,0.0596252352937318,,,,,,0.000236113570627472,0,,0.00117400914284215,0.0107956371459116,0.00103627622664279,,0.000760810394244076,0,,,0.0206861722710846,,0.00226931376214181,,0.000183643888265811,0,0.00150194465760253,,,0.349244764509507,,,,,0,,,,0,0.00167902983557313,,,,0,0.393325856403597
0,0,2013,2013-09-22,114,Krefeld II - Wesel II,05,Nordrhein-Westfalen,erststimme,182593,131185,129237,1948,0.718455800605719,spd,,,,0,,,,0,0,,0,0,,0,,,0,,,0.401084828648143,,0,,,,0,,0.00479738774499563,0,,0,,,,,0,0.0251089084395336,,,0.00564853718362388,,,,,0.0532974303024676,,,,,,,,0.0541176288524184,,,,,,0.00207370954138521,0,,0,0.0157772155033001,0,,0,0,,,0.0235226753948173,,0,,0,0,0,,,0.414571678389316,,,,,0,,,,0,0,,,,0,0.401084828648143
0,0,2013,2013-09-22,114,Krefeld II - Wesel II,05,Nordrhein-Westfalen,zweitstimme,182593,131185,129696,1489,0.718455800605719,spd,,,,0.0392070688378979,,,,0,0,,0.0011025783370343,0,,0.000570565013570195,,,0.000231310140636566,,,0.368600419442388,,0,,,,0,,0.00411732050333087,0.00020046878855169,,0,,,,,0,0.0557997162595608,,,0.00309955588452998,,,,,0.0731325561312608,,,,,,,,0.0658925487293363,,,,,,0.000848137182334074,0,,0.000840426844312855,0.0112802245250432,0.000971502590673575,,0.000817295830249198,0,,,0.0211186158401184,,0.00311497656057242,,0.000208179126572909,0,0.00127991611152233,,,0.345854922279793,,,,,0,,,,0,0.00171169504071058,,,,0,0.368600419442388
0,0,2013,2013-09-22,115,Duisburg I,05,Nordrhein-Westfalen,erststimme,171223,121815,119654,2161,0.711440635895879,spd,,,,0,,,,0,0,,0,0,,0,,,0,,,0.321568856870644,,0,,,,0,,0,0,,0,,,,,0,0.0163387768064586,,,0,,,,,0.0510388286225283,,,,,,,,0.0735621040667257,,,,,,0,0,,0,0.0385110401658114,0,,0,0,,,0.0328112725023819,,0,,0,0,0,,,0.46616912096545,,,,,0,,,,0,0,,,,0,0.321568856870644
0,0,2013,2013-09-22,115,Duisburg I,05,Nordrhein-Westfalen,zweitstimme,171223,121815,120315,1500,0.711440635895879,spd,,,,0.051622823421851,,,,0,0,,0.0027926692432365,0,,0.000631675185970162,,,0.00029921456177534,,,0.300120516976271,,0,,,,0,,0.00429705356771807,0.000523625483106845,,0,,,,,0,0.0336117691060965,,,0.0017204837302082,,,,,0.0693263516602252,,,,,,,,0.0787516103561485,,,,,,0.00150438432448157,0,,0.00147113826206209,0.0228400448821843,0.00129659643435981,,0.00075634792004322,0,,,0.02407846070731,,0.00712296887337406,,0.000357395171009434,0,0.00264306196234883,,,0.392012633503719,,,,,0,,,,0,0.00221917466650044,,,,0,0.300120516976271
0,0,2013,2013-09-22,116,Duisburg II,05,Nordrhein-Westfalen,erststimme,166103,105682,103619,2063,0.636243776451961,spd,,,,0.0414885300958319,,,,0,0,,0,0,,0,,,0,,,0.295833775658904,,0,,,,0,,0,0,,0,,,,,0,0.0162132427450564,,,0,,,,,0.0518341230855345,,,,,,,,0.0860845983844662,,,,,,0.00338740964494929,0,,0,0.0451268589737403,0,,0,0,,,0.0280740018722435,,0,,0,0,0,,,0.431957459539274,,,,,0,,,,0,0,,,,0,0.295833775658904
0,0,2013,2013-09-22,116,Duisburg II,05,Nordrhein-Westfalen,zweitstimme,166103,105682,104132,1550,0.636243776451961,spd,,,,0.0513674951023701,,,,0,0,,0.00321707064110936,0,,0.00110436753351515,,,0.000307302270195521,,,0.265672415779972,,0,,,,0,,0.00350516651941766,0.000739446087657973,,0,,,,,0,0.0277628394729766,,,0.00137325701993623,,,,,0.0516267813928475,,,,,,,,0.0879652748434679,,,,,,0.00218952867514309,0,,0.00117158990512042,0.0336784081742404,0.000720239695770753,,0.000691430107939922,0,,,0.023518226865901,,0.00811470057235048,,0.000499366189067722,0,0.0028713555871394,,,0.429522144969846,,,,,0,,,,0,0.00238159259401529,,,,0,0.265672415779972
0,0,2013,2013-09-22,117,Oberhausen - Wesel III,05,Nordrhein-Westfalen,erststimme,208991,147679,145210,2469,0.706628515103521,spd,,,,0,,,,0,0,,0,0,,0,,,0,,,0.322904758625439,,0,,,,0,,0,0,,0,,,,,0,0.01663108601336,,,0,,,,,0.0784794435644928,,,,,,,,0.0731836650368432,,,,,,0,0,,0,0.0275531988155086,0,,0,0,,,0.0305764065835686,,0,,0,0,0,,,0.450671441360788,,,,,0,,,,0,0,,,,0,0.322904758625439
0,0,2013,2013-09-22,117,Oberhausen - Wesel III,05,Nordrhein-Westfalen,zweitstimme,208991,147679,145767,1912,0.706628515103521,spd,,,,0.0421563179594833,,,,0,0,,0.00106334081102033,0,,0.000713467382878155,,,0.000336152901548361,,,0.3010420739948,,0,,,,0,,0.0036016382308753,0.000322432374954551,,0,,,,,0,0.0329429843517394,,,0.0015435592418037,,,,,0.0658859687034788,,,,,,,,0.0804846089992934,,,,,,0.000631144223315291,0,,0.0011525242338801,0.0201554535663079,0.00114566397058319,,0.000795790542441019,0,,,0.0245528823396242,,0.00439742877331632,,0.000322432374954551,0,0.00160530161147585,,,0.413138776266233,,,,,0,,,,0,0.00201005714599326,,,,0,0.3010420739948
0,0,2013,2013-09-22,118,Mülheim - Essen I,05,Nordrhein-Westfalen,erststimme,191475,140961,139165,1796,0.736184880532707,spd,,,,0.0386807027629073,,,,0,0,,0,0,,0,,,0,,,0.355599468257105,,0,,,,0,,0,0,,0,,,,,0,0.0245176588941185,,,0,,,,,0.0634067473861962,,,,,,,,0.0550713182193799,,,,,,0.00159522868537348,0,,0,0.0168073869148134,0,,0,0,,,0.022225415873244,,0,,0,0,0,,,0.422096073006862,,,,,0,,,,0,0,,,,0,0.355599468257105
0,0,2013,2013-09-22,118,Mülheim - Essen I,05,Nordrhein-Westfalen,zweitstimme,191475,140961,139478,1483,0.736184880532707,spd,,,,0.045914050961442,,,,0,0,,0.00149844419908516,0,,0.000552058389136638,,,0.000293953168241587,,,0.338741593656347,,0,,,,0,,0.00352026842942973,0.00037998824187327,,0,,,,,0,0.045799337529933,,,0.00119732144137427,,,,,0.0705272516095728,,,,,,,,0.0642968783607451,,,,,,0.000774315662685155,0,,0.00108260800986536,0.0145470970332239,0.00101808170464159,,0.000559227978605945,0,,,0.0204906867032794,,0.00336253746110498,,0.000301122757710893,0,0.00162749680953269,,,0.38195987897733,,,,,0,,,,0,0.00155580091483962,,,,0,0.338741593656347
0,0,2013,2013-09-22,119,Essen II,05,Nordrhein-Westfalen,erststimme,167962,108599,106985,1614,0.646568866767483,spd,,,,0,,,,0,0,,0,0,,0,,,0.0028415198392298,,,0.310725802682619,,0,,,,0,,0.00686077487498247,0,,0,,,,,0,0.016086367247745,,,0,,,,,0.0503061176800486,,,,,,,,0.0724587559003599,,,,,,0.00224330513623405,0,,0,0.0269570500537459,0,,0,0,,,0.0284899752301725,,0,,0,0,0,,,0.483030331354863,,,,,0,,,,0,0,,,,0,0.310725802682619
0,0,2013,2013-09-22,119,Essen II,05,Nordrhein-Westfalen,zweitstimme,167962,108599,107280,1319,0.646568866767483,spd,,,,0.0424683072334079,,,,0,0,,0.00215324384787472,0,,0.000475391498881432,,,0.00075503355704698,,,0.284675615212528,,0,,,,0,,0.00673937360178971,0.000260999254287845,,0,,,,,0,0.0338087248322148,,,0.00197613721103654,,,,,0.0709917971662938,,,,,,,,0.0812453392990306,,,,,,0.00156599552572707,0,,0.0014261744966443,0.0187733035048471,0.000820283370618941,,0.000857568978374348,0,,,0.0254753914988814,,0.00358873974645787,,0.000195749440715884,0,0.00344891871737509,,,0.416517524235645,,,,,0,,,,0,0.00178038777032066,,,,0,0.284675615212528
0,0,2013,2013-09-22,120,Essen III,05,Nordrhein-Westfalen,erststimme,195692,151040,149489,1551,0.771825112932568,cdu,,,,0.0268581634769113,,,,0,0,,0,0,,0,,,0.00142485400263565,,,0.395353504271217,,0,,,,0,,0,0,,0,,,,,0,0.0201151924221849,,,0,,,,,0.077437135842771,,,,,,,,0.049107292175344,,,,,,0,0,,0,0.00996059910762665,0,,0,0,,,0.0211988841988374,,0,,0,0,0,,,0.394731384917954,,,,,0,,,,0,0,,,,0.00381298958451792,0.395353504271217
0,0,2013,2013-09-22,120,Essen III,05,Nordrhein-Westfalen,zweitstimme,195692,151040,149772,1268,0.771825112932568,cdu,,,,0.0388056512565767,,,,0,0,,0.000934754159656011,0,,0.000400608925566862,,,0.000607590203776407,,,0.362617845792271,,0,,,,0,,0.00505434927756857,0.000140213123948402,,0,,,,,0,0.0572937531714873,,,0.00157572844056299,,,,,0.0971476644499639,,,,,,,,0.065800016024357,,,,,,0.000667681542611436,0,,0.00136874716235344,0.00863979916139198,0.00124188766925727,,0.000654327911759207,0,,,0.020611329220415,,0.00217664182891328,,0.00021365809363566,0,0.00143551531661459,,,0.331343642336351,,,,,0,,,,0,0.00126859493096173,,,,0,0.362617845792271
0,0,2013,2013-09-22,121,Recklinghausen I,05,Nordrhein-Westfalen,erststimme,172167,122346,120545,1801,0.710623987175243,spd,,,,0.0325272719731221,,,,0,0,,0,0,,0,,,0,,,0.343299182877764,,0,,,,0,,0,0,,0,,,,,0,0.020125264424074,,,0,,,,,0.0512505703264341,,,,,,,,0.0614708200257165,,,,,,0,0,,0,0.014683313285495,0,,0,0,,,0.0244970757808287,,0,,0,0,0,,,0.452146501306566,,,,,0,,,,0,0,,,,0,0.343299182877764
0,0,2013,2013-09-22,121,Recklinghausen I,05,Nordrhein-Westfalen,zweitstimme,172167,122346,120927,1419,0.710623987175243,spd,,,,0.045184284733765,,,,0,0,,0.00133965119452232,0,,0.000702903404533314,,,0.000173658488178819,,,0.338204040454158,,0,,,,0,,0.00339047524539598,0.000339047524539598,,0,,,,,0,0.0339047524539598,,,0.00152984858633721,,,,,0.0638070902279888,,,,,,,,0.0681733607879134,,,,,,0.000711172856351353,0,,0.00134792064634035,0.0126522612815996,0.00125695667634193,,0.00065328669362508,0,,,0.0220050112878017,,0.00332431963085167,,0.000305969717267442,0,0.00168696817087995,,,0.397512548893134,,,,,0,,,,0,0.00179447104451446,,,,0,0.338204040454158
0,0,2013,2013-09-22,122,Recklinghausen II,05,Nordrhein-Westfalen,erststimme,191504,137426,135205,2221,0.717614253488178,spd,,,,0,,,,0,0,,0,0,,0,,,0,,,0.365400687844384,,0,,,,0,,0,0,,0,,,,,0,0.0156946858474169,,,0,,,,,0.049798454199179,,,,,,,,0.0556858104360046,,,,,,0.00208572168189046,0,,0,0.0190377574793832,0,,0,0,,,0.0281572427055212,,0,,0,0,0,,,0.456699086572242,,,,,0,,,,0,0,,,,0.00744055323397803,0.365400687844384
0,0,2013,2013-09-22,122,Recklinghausen II,05,Nordrhein-Westfalen,zweitstimme,191504,137426,135724,1702,0.717614253488178,spd,,,,0.040479207804073,,,,0,0,,0.00123780613598185,0,,0.000478913088326309,,,0.0002136689163302,,,0.346895169608912,,0,,,,0,,0.00344817423594943,0.000486280981992868,,0,,,,,0,0.0354616722171466,,,0.00195985971530459,,,,,0.0579116442191506,,,,,,,,0.0626344640594147,,,,,,0.0010315051133182,0,,0.00135569243464678,0.0127464560431464,0.000965194070319177,,0.000943090389319501,0,,,0.023135186112994,,0.00324187321328579,,0.000449441513660075,0,0.00185670920397277,,,0.400651321800124,,,,,0,,,,0,0.00241666912263122,,,,0,0.346895169608912
0,0,2013,2013-09-22,123,Gelsenkirchen,05,Nordrhein-Westfalen,erststimme,181476,118452,116844,1608,0.652714408516829,spd,,,,0.0376998391017083,,,,0,0,,0,0,,0,,,0,,,0.286364725617062,,0,,,,0,,0,0,,0,,,,,0,0.0165434254219301,,,0.0059994522611345,,,,,0.0365444524323029,,,,,,,,0.0608674814282291,,,,,,0.00421930094827291,0,,0,0.0242460032179658,0,,0,0,,,0.022850980794906,,0,,0,0,0,,,0.504664338776488,,,,,0,,,,0,0,,,,0,0.286364725617062
0,0,2013,2013-09-22,123,Gelsenkirchen,05,Nordrhein-Westfalen,zweitstimme,181476,118452,116948,1504,0.652714408516829,spd,,,,0.0474826418579198,,,,0,0,,0.00389061805246776,0,,0.000692615521428327,,,0.000145363751410883,,,0.2768751923932,,0,,,,0,,0.00389916886137429,0.000410438827513083,,0,,,,,0,0.0296542052878202,,,0.00383076239012211,,,,,0.0548363375175292,,,,,,,,0.0759311830899203,,,,,,0.00340322194479598,0,,0.00102609706878271,0.0219071724185108,0.00070116633033485,,0.000957690597530526,0,,,0.0219670280808564,,0.00600266785237884,,0.000188117795943496,0,0.00395902452371994,,,0.440486370010603,,,,,0,,,,0,0.00175291582583712,,,,0,0.2768751923932
0,0,2013,2013-09-22,124,Steinfurt I - Borken I,05,Nordrhein-Westfalen,erststimme,201091,147449,145847,1602,0.733245147719192,cdu,,,,0.0224344689983339,,,,0,0,,0,0,,0,,,0,,,0.520086117643832,,0,,,,0,,0,0,,0,,,,,0,0.0279402387433406,,,0,,,,,0.0511357792755422,,,,,,,,0.0376010476732466,,,,,,0,0,,0,0,0,,0,0,,,0.0222561999904009,,0,,0,0,0,,,0.318546147675304,,,,,0,,,,0,0,,,,0,0.520086117643832
0,0,2013,2013-09-22,124,Steinfurt I - Borken I,05,Nordrhein-Westfalen,zweitstimme,201091,147449,146206,1243,0.733245147719192,cdu,,,,0.0282204560688344,,,,0,0,,0.000273586583313954,0,,0.000369341887473838,,,0.000109434633325582,,,0.497941260960563,,0,,,,0,,0.0029684144289564,0.000191510608319768,,0,,,,,0,0.0508460665088984,,,0.00192878541236338,,,,,0.0611192427123374,,,,,,,,0.0439106466218897,,,,,,0.000136793291656977,0,,0.000889156395770351,0.00644980370162647,0.00106014801034157,,0.000615569812456397,0,,,0.0190005882111541,,0.000998591029095933,,0.000164151949988373,0,0.000841278743690409,,,0.280925543411351,,,,,0,,,,0,0.00103962901659303,,,,0,0.497941260960563
0,0,2013,2013-09-22,125,Bottrop - Recklinghausen III,05,Nordrhein-Westfalen,erststimme,206061,148181,146171,2010,0.71911230169707,spd,,,,0.0378324017760021,,,,0,0,,0,0,,0,,,0,,,0.365010843464162,,0,,,,0,,0,0,,0,,,,,0,0.0162275690800501,,,0,,,,,0.0361015522914942,,,,,,,,0.0535468731827791,,,,,,0.00204554939078203,0,,0,0,0.00674552407796348,,0,0,,,0.024717625247142,,0,,0,0,0,,,0.457772061489625,,,,,0,,,,0,0,,,,0,0.365010843464162
0,0,2013,2013-09-22,125,Bottrop - Recklinghausen III,05,Nordrhein-Westfalen,zweitstimme,206061,148181,146488,1693,0.71911230169707,spd,,,,0.041191087324559,,,,0,0,,0.00165883894926547,0,,0.000539293320954617,,,0.000245753918409699,,,0.348294740866146,,0,,,,0,,0.00337911637813336,0.000368630877614549,,0,,,,,0,0.034781005952706,,,0.00120829009884769,,,,,0.0545983288733548,,,,,,,,0.062482933755666,,,,,,0.000969362678171591,0,,0.000969362678171591,0.0150729069957949,0.00317432144612528,,0.000750914750696303,0,,,0.0206774616350827,,0.00373409426028071,,0.000361804379880946,0,0.0022322647588881,,,0.401398066735842,,,,,0,,,,0,0.00191141936540877,,,,0,0.348294740866146
0,0,2013,2013-09-22,126,Borken II,05,Nordrhein-Westfalen,erststimme,198648,151387,149986,1401,0.762086706133462,cdu,,,,0.0189951062099129,,,,0,0,,0,0,,0,,,0,,,0.573573533529796,,0,,,,0,,0,0,,0,,,,,0,0.0225954422412759,,,0,,,,,0.0636592748656541,,,,,,,,0.0300894750176683,,,,,,0,0,,0,0,0,,0,0,,,0.0201085434640566,,0,,0,0,0,,,0.270978624671636,,,,,0,,,,0,0,,,,0,0.573573533529796
0,0,2013,2013-09-22,126,Borken II,05,Nordrhein-Westfalen,zweitstimme,198648,151387,150269,1118,0.762086706133462,cdu,,,,0.0268984288176537,,,,0,0,,0.000146404115286586,0,,0.000405938683294625,,,0.000113130452721453,,,0.534721066886717,,0,,,,0,,0.00234246584458538,7.98567901563197e-05,,0,,,,,0,0.0526722078406058,,,0.00165037366323061,,,,,0.0608109457040374,,,,,,,,0.0362483279984561,,,,,,0.000113130452721453,0,,0.000778603704024117,0.00630868642234925,0.00111134032967545,,0.000519069136016078,0,,,0.0164238798421497,,0.00113130452721453,,0.000146404115286586,0,0.000685437448841744,,,0.255481835907606,,,,,0,,,,0,0.00121116131737085,,,,0,0.534721066886717
0,0,2013,2013-09-22,127,Coesfeld - Steinfurt II,05,Nordrhein-Westfalen,erststimme,190611,149678,148381,1297,0.785253736667873,cdu,,,,0.0204608406736712,,,,0,0,,0,0,,0,,,0,,,0.560550205214953,,0,,,,0,,0,0,,0,,,,,0.00310686678213518,0.025784972469521,,,0,,,,,0.0697259083036238,,,,,,,,0.0332185387617013,,,,,,0,0,,0,0,0,,0,0,,,0.0194364507585203,,0,,0,0,0,,,0.267716217035874,,,,,0,,,,0,0,,,,0,0.560550205214953
0,0,2013,2013-09-22,127,Coesfeld - Steinfurt II,05,Nordrhein-Westfalen,zweitstimme,190611,149678,148485,1193,0.785253736667873,cdu,,,,0.0283934404148567,,,,0,0,,0.000121224366097586,0,,0.000431019968346971,,,9.42856180758999e-05,,,0.501000101020305,,0,,,,0,,0.00317877226655891,8.75509310704785e-05,,0,,,,,0,0.0560864733811496,,,0.00179816143044752,,,,,0.0813752230865071,,,,,,,,0.0415328147624339,,,,,,0.000148163114119271,0,,0.000680203387547564,0.0054685658484022,0.00126612115701923,,0.000646529952520457,0,,,0.0175438596491228,,0.00163652894231741,,0.000195305923157221,0,0.000740815570596357,,,0.256423207731421,,,,,0,,,,0,0.00115163147792706,,,,0,0.501000101020305
0,0,2013,2013-09-22,128,Steinfurt III,05,Nordrhein-Westfalen,erststimme,193909,146050,144714,1336,0.75318835123692,cdu,,,,0.017731525629863,,,,0,0,,0,0,,0,,,0,,,0.479462940696823,,0,,,,0,,0,0,,0,,,,,0,0.0179872023439336,,,0,,,,,0.0584877758889948,,,,,,,,0.0382340340257335,,,,,,0,0,,0,0.00705529527205384,0,,0,0,,,0.0162803875229764,,0,,0,0,0,,,0.364760838619622,,,,,0,,,,0,0,,,,0,0.479462940696823
0,0,2013,2013-09-22,128,Steinfurt III,05,Nordrhein-Westfalen,zweitstimme,193909,146050,144754,1296,0.75318835123692,cdu,,,,0.0278265194744187,,,,0,0,,0.000511212125398953,0,,0.000345413598242536,,,0.000110532351437611,,,0.43334899208312,,0,,,,0,,0.00321234646365558,0.000110532351437611,,0,,,,,0,0.0471282313442116,,,0.00192740787819335,,,,,0.0758597344460257,,,,,,,,0.0467344598422151,,,,,,0.000172706799121268,0,,0.000918800171325145,0.00649377564695967,0.000849717451676638,,0.000614836204871713,0,,,0.0172983129999862,,0.000794451275957832,,0.000165798527156417,0,0.000663194108625668,,,0.333835334429446,,,,,0,,,,0,0.00107769042651671,,,,0,0.43334899208312
0,0,2013,2013-09-22,129,Münster,05,Nordrhein-Westfalen,erststimme,227762,180093,178566,1527,0.790706966043502,cdu,,,,0.0204462215651356,,,,0,0,,0,0,,0,,,0,,,0.388383006843408,,0,,,,0,,0,0,,0,,,,,0,0.0572449402461835,,,0,,,,,0.110698565236383,,,,,,,,0.042673297268237,,,,,,0,0,,0,0,0.00421132802437194,,0,0,,,0.0200598098182185,,0,,0,0,0,,,0.354468375838626,,,,,0,,,,0,0,,,,0.00181445515943685,0.388383006843408
0,0,2013,2013-09-22,129,Münster,05,Nordrhein-Westfalen,zweitstimme,227762,180093,178802,1291,0.790706966043502,cdu,,,,0.0292837887719377,,,,0,0,,0.000329973937651704,0,,0.000290824487421841,,,0.00011744835068959,,,0.378217245892104,,0,,,,0,,0.00376394000067113,0.000128633907898122,,0,,,,,0,0.0677788839051017,,,0.0010905918278319,,,,,0.15166497019049,,,,,,,,0.0629411304124115,,,,,,0.000285231708817575,0,,0.00121922573573003,0.00274046151609042,0.00332770326953837,,0.000631983982282077,0,,,0.0225780472254225,,0.000777396225992998,,0.000151005022315187,0,0.000302010044630373,,,0.271691591816646,,,,,0,,,,0,0.000687911768324739,,,,0,0.378217245892104
0,0,2013,2013-09-22,130,Warendorf,05,Nordrhein-Westfalen,erststimme,210355,158085,156401,1684,0.751515295571772,cdu,,,,0.0220906515942993,,,,0,0,,0,0,,0,,,0,,,0.513244800225063,,0,,,,0,,0,0,,0,,,,,0,0.0225893696331865,,,0,,,,,0.0594625354057839,,,,,,,,0.0350892897104239,,,,,,0,0,,0,0.00725059302689881,0,,0,0,,,0.0202236558589779,,0,,0,0,0,,,0.320049104545367,,,,,0,,,,0,0,,,,0,0.513244800225063
0,0,2013,2013-09-22,130,Warendorf,05,Nordrhein-Westfalen,zweitstimme,210355,158085,156533,1552,0.751515295571772,cdu,,,,0.0292015102246811,,,,0,0,,0.000338586751675366,0,,0.000338586751675366,,,0.000159710731922342,,,0.471236097180786,,0,,,,0,,0.00210179323209802,2.55537171075748e-05,,0,,,,,0,0.0542122108437199,,,0.00241482626666582,,,,,0.0722211929752832,,,,,,,,0.0438118479809369,,,,,,0.000146933873368555,0,,0.000594123922751113,0.00696338791181412,0.00113714041128708,,0.000447190049382558,0,,,0.019951064631739,,0.000939099103703373,,0.000185264449029917,0,0.00077938837178103,,,0.291369870889844,,,,,0,,,,0,0.00142461972874729,,,,0,0.471236097180786
0,0,2013,2013-09-22,131,Gütersloh I,05,Nordrhein-Westfalen,erststimme,233596,168983,166903,2080,0.723398517097896,cdu,,,,0.0250325039094564,,,,0,0,,0,0,,0.00205508588821052,,,0,,,0.502501452939732,,0,,,,0,,0,0,,0,,,,,0,0.0188492717326831,,,0,,,,,0.0543369502046099,,,,,,,,0.0427373983691126,,,,,,0,0,,0,0,0,,0,0,,,0.0187773736841159,,0,,0,0,0,,,0.33570996327208,,,,,0,,,,0,0,,,,0,0.502501452939732
0,0,2013,2013-09-22,131,Gütersloh I,05,Nordrhein-Westfalen,zweitstimme,233596,168983,167143,1840,0.723398517097896,cdu,,,,0.0316256139952017,,,,0,0,,0.00066410199649402,0,,0.000981195742567741,,,0.000125640918255625,,,0.462843194151116,,0,,,,0,,0.00261452767989087,0.000101709314778363,,0,,,,,0,0.0492751715596824,,,0.00271623699466924,,,,,0.0786631806297601,,,,,,,,0.0498495300431367,,,,,,0.00011965801738631,0,,0.00102307604865295,0.00753845509533753,0.00211794690773769,,0.000670084897363336,0,,,0.0183675056687986,,0.00136410139820393,,0.000227350233033989,0,0.000831623220834854,,,0.28695189149411,,,,,0,,,,0,0.00132820399298804,,,,0,0.462843194151116
0,0,2013,2013-09-22,132,Bielefeld - Gütersloh II,05,Nordrhein-Westfalen,erststimme,247179,179625,177149,2476,0.726700083744978,spd,,,,0.0248265584338608,,,,0,0,,0,0,,0,,,0,,,0.372686269750323,,0,,,,0,,0,0,,0,,,,,0,0.019887213588561,,,0,,,,,0.107401114316197,,,,,,,,0.06860326617706,,,,,,0,0,,0,0,0,,0,0,,,0.0257636227130833,,0,,0,0,0,,,0.380831955020915,,,,,0,,,,0,0,,,,0,0.372686269750323
0,0,2013,2013-09-22,132,Bielefeld - Gütersloh II,05,Nordrhein-Westfalen,zweitstimme,247179,179625,177548,2077,0.726700083744978,spd,,,,0.0342217315880776,,,,0,0,,0.00107013314709262,0,,0.000354833622457026,,,0.000219658909140064,,,0.353132673981121,,0,,,,0,,0.00417351927366121,0.000191497510532363,,0,,,,,0,0.0397357334354653,,,0.00127289521706806,,,,,0.116650145312817,,,,,,,,0.0837463671795796,,,,,,0.000546331132989389,0,,0.00107013314709262,0.00694460089665893,0.00157703832203123,,0.000523802014103228,0,,,0.0235936197535314,,0.00189244598643747,,0.000287246265798545,0,0.000737828643521752,,,0.326283596548539,,,,,0,,,,0,0.00177416811228513,,,,0,0.353132673981121
0,0,2013,2013-09-22,133,Herford - Minden-Lübbecke II,05,Nordrhein-Westfalen,erststimme,230975,163815,161333,2482,0.709232600930837,spd,,,,0,,,,0,0,,0,0,,0,,,0,,,0.408304562612733,,0,,,,0,,0,0,,0,,,,,0,0.0350269318738262,,,0.00693596474372881,,,,,0.0508823365337532,,,,,,,,0.0539629214109947,,,,,,0,0,,0,0,0,,0,0,,,0.0291136965159019,,0,,0,0,0,,,0.413040109587003,,,,,0,,,,0,0,,,,0.00273347672205934,0.408304562612733
0,0,2013,2013-09-22,133,Herford - Minden-Lübbecke II,05,Nordrhein-Westfalen,zweitstimme,230975,163815,161960,1855,0.709232600930837,spd,,,,0.0360088910842183,,,,0,0,,0.000413682390713757,0,,0.000469251667078291,,,0.000179056557174611,,,0.393646579402322,,0,,,,0,,0.00293899728327982,0.000135836008891084,,0,,,,,0,0.041973326747345,,,0.00408125463077303,,,,,0.0759261546060756,,,,,,,,0.0580945912571005,,,,,,0.000222277105458138,0,,0.00108051370708817,0.00782291923931835,0.00114843171153371,,0.000673005680414917,0,,,0.0206841195356878,,0.00204988886144727,,0.000197579649296123,0,0.00130279081254631,,,0.349184983946653,,,,,0,,,,0,0.0017658681155841,,,,0,0.393646579402322
0,0,2013,2013-09-22,134,Minden-Lübbecke I,05,Nordrhein-Westfalen,erststimme,206505,145637,143524,2113,0.705246846323334,cdu,,,,0,,,,0,0,,0,0,,0,,,0,,,0.462535882500488,,0,,,,0,,0,0,,0,,,,,0,0.0190769488029877,,,0.00413171316295532,,,,,0.0412683592987932,,,,,,,,0.0414077088152504,,,,,,0,0,,0,0,0,,0,0,,,0.026169839190658,,0,,0,0,0,,,0.405409548228868,,,,,0,,,,0,0,,,,0,0.462535882500488
0,0,2013,2013-09-22,134,Minden-Lübbecke I,05,Nordrhein-Westfalen,zweitstimme,206505,145637,144026,1611,0.705246846323334,cdu,,,,0.0358962965020205,,,,0,0,,0.000270784441698027,0,,0.000423534639578965,,,0.000111091053004319,,,0.410578645522336,,0,,,,0,,0.00274256037104412,0.000194409342757558,,0,,,,,0,0.0461027869967923,,,0.00248566231097163,,,,,0.0730909696860289,,,,,,,,0.0493938594420452,,,,,,0.000208295724383098,0,,0.000978989904600558,0.00649882660075264,0.00104842181272826,,0.000617943982336523,0,,,0.0200866510213434,,0.00169413855831586,,0.000215238915195867,0,0.00165942260425201,,,0.343937900101371,,,,,0,,,,0,0.00176357046644356,,,,0,0.410578645522336
0,0,2013,2013-09-22,135,Lippe I,05,Nordrhein-Westfalen,erststimme,172330,125708,123911,1797,0.729460918006151,spd,,,,0.0254537530969809,,,,0,0,,0,0,,0,,,0,,,0.401764169444198,,0,,,,0,,0,0,,0,,,,,0,0.0231859964006424,,,0.00700502780221288,,,,,0.0570570812922178,,,,,,,,0.0418526200256636,,,,,,0,0,,0,0,0,,0,0,,,0.0227098481974966,,0,,0,0,0,,,0.411053094559805,,,,,0,,,,0,0,,,,0.00991840918078298,0.401764169444198
0,0,2013,2013-09-22,135,Lippe I,05,Nordrhein-Westfalen,zweitstimme,172330,125708,124194,1514,0.729460918006151,spd,,,,0.0383110295183342,,,,0,0,,0.000483115126334606,0,,0.000450907451245632,,,0.000144934537900382,,,0.392740390034945,,0,,,,0,,0.00305167721468026,0.000233505644395059,,0,,,,,0,0.045879833164243,,,0.00634491199252782,,,,,0.0734576549591768,,,,,,,,0.0512826706604184,,,,,,0.000217401806850573,0,,0.00084545147108556,0.00821295714768829,0.00107090519670838,,0.000764932283363125,0,,,0.0201136930930641,,0.00214181039341675,,0.000289869075800763,0,0.00111921670934184,,,0.350926775850685,,,,,0,,,,0,0.00191635666779394,,,,0,0.392740390034945
0,0,2013,2013-09-22,136,Höxter - Lippe II,05,Nordrhein-Westfalen,erststimme,213488,155994,153734,2260,0.730692123210672,cdu,,,,0.0260449867953738,,,,0,0,,0,0,,0,,,0,,,0.500097571129353,,0,,,,0,,0,0,,0,,,,,0,0.0192280172245567,,,0.00706414976517882,,,,,0.0569620253164557,,,,,,,,0.0411620071031782,,,,,,0,0,,0,0.00853422144743518,0.00450778617612239,,0,0,,,0.0185645335449543,,0,,0,0,0,,,0.3132618679017,,,,,0,,,,0,0,,,,0.00457283359569126,0.500097571129353
0,0,2013,2013-09-22,136,Höxter - Lippe II,05,Nordrhein-Westfalen,zweitstimme,213488,155994,153998,1996,0.730692123210672,cdu,,,,0.0360069611293653,,,,0,0,,0.000590916765152794,0,,0.000409096222028858,,,0.000142858998168807,,,0.457928025039286,,0,,,,0,,0.00284419278172444,0.000123378225691243,,0,,,,,0,0.0482019247003208,,,0.00524032779646489,,,,,0.0666632034182262,,,,,,,,0.0512604059792984,,,,,,0.000142858998168807,0,,0.000733775763321602,0.0077143859011156,0.00259743633034195,,0.000590916765152794,0,,,0.018526214626164,,0.00128573098351927,,0.000188314133949792,0,0.00057143599267523,,,0.296802555877349,,,,,0,,,,0,0.00143508357251393,,,,0,0.457928025039286
0,0,2013,2013-09-22,137,Paderborn - Gütersloh III,05,Nordrhein-Westfalen,erststimme,247138,176149,174046,2103,0.712755626411155,cdu,,,,0.0202302839479218,,,,0,0,,0,0,,0,,,0,,,0.591033404961907,,0,,,,0,,0,0,,0,,,,,0,0.018937522264229,,,0,,,,,0.0646610666145732,,,,,,,,0.0400411385495788,,,,,,0,0,,0,0.00828516599060019,0,,0,0,,,0.0218333084357009,,0,,0,0,0,,,0.232289164933408,,,,,0,,,,0,0,,,,0.00268894430208106,0.591033404961907
0,0,2013,2013-09-22,137,Paderborn - Gütersloh III,05,Nordrhein-Westfalen,zweitstimme,247138,176149,174148,2001,0.712755626411155,cdu,,,,0.0361531570847785,,,,0,0,,0.000683326825458805,0,,0.000436410409536716,,,0.000178009509153134,,,0.513322001975331,,0,,,,0,,0.00251510209706686,0.00013781381353791,,0,,,,,0,0.0503824333325677,,,0.00287112111537313,,,,,0.0714622045616372,,,,,,,,0.0520534258217149,,,,,,9.76181179226865e-05,0,,0.00107379929714955,0.00794152100512208,0.00168247697360866,,0.000723522521074029,0,,,0.0211429358936077,,0.00142407607322507,,0.000178009509153134,0,0.000757975974458507,,,0.233307301835221,,,,,0,,,,0,0.00147575625330179,,,,0,0.513322001975331
0,0,2013,2013-09-22,138,Hagen - Ennepe-Ruhr-Kreis I,05,Nordrhein-Westfalen,erststimme,212903,147183,144588,2595,0.691314824121783,spd,,,,0,,,,0,0,,0,0,,0.00355492848645807,,,0,,,0.341169391650759,,0,,,,0,,0,0,,0,,,,,0,0.0344288599330512,,,0,,,,,0.0451005615957064,,,,,,,,0.0565814590422442,,,,,,0.00185354247932055,0,,0,0.0195175256591142,0,,0,0,,,0.0271875950977951,,0,,0,0,0,,,0.470606136055551,,,,,0,,,,0,0,,,,0,0.341169391650759
0,0,2013,2013-09-22,138,Hagen - Ennepe-Ruhr-Kreis I,05,Nordrhein-Westfalen,zweitstimme,212903,147183,145446,1737,0.691314824121783,spd,,,,0.0438238246496982,,,,0,0,,0.000976307358057286,0,,0.00129945134276639,,,0.000137508078599618,,,0.352900732918059,,0,,,,0,,0.00389147862436918,0.000199386713969446,,0,,,,,0,0.0454051675535938,,,0.00256452566588287,,,,,0.0674202109373926,,,,,,,,0.0675164665924123,,,,,,0.000660038777278165,0,,0.00125132351525652,0.0110762757311992,0.00109318922486696,,0.00077692064408784,0,,,0.0224275676195977,,0.00511530052390578,,0.000226888329689369,0,0.00213137521829407,,,0.36700906178238,,,,,0,,,,0,0.00209699819864417,,,,0,0.352900732918059
0,0,2013,2013-09-22,139,Ennepe-Ruhr-Kreis II,05,Nordrhein-Westfalen,erststimme,181174,134749,132852,1897,0.743754622627971,spd,,,,0.0300560021678259,,,,0,0,,0,0,,0,,,0,,,0.357766537199289,,0,,,,0,,0,0,,0,,,,,0,0.0200674434709301,,,0,,,,,0.082527925812182,,,,,,,,0.0507557281787252,,,,,,0.00175383133110529,0,,0,0.0114638846234908,0,,0,0,,,0.0226041008039021,,0,,0,0,0,,,0.423004546412549,,,,,0,,,,0,0,,,,0,0.357766537199289
0,0,2013,2013-09-22,139,Ennepe-Ruhr-Kreis II,05,Nordrhein-Westfalen,zweitstimme,181174,134749,133149,1600,0.743754622627971,spd,,,,0.0388887637158371,,,,0,0,,0.00107398478396383,0,,0.000480664518697099,,,0.000142697278988201,,,0.330667147331185,,0,,,,0,,0.00365755657196074,0.000330456856604255,,0,,,,,0,0.0448895598164462,,,0.00147954547161451,,,,,0.0906578344561356,,,,,,,,0.0638232356232491,,,,,,0.00117161976432418,0,,0.00114908861501025,0.00932038543286093,0.00140444164056809,,0.000563278732848163,0,,,0.022163140541799,,0.00242585374279942,,0.00027788417487176,0,0.00114157823190561,,,0.3826239776491,,,,,0,,,,0,0.00166730504923056,,,,0,0.330667147331185
0,0,2013,2013-09-22,140,Bochum I,05,Nordrhein-Westfalen,erststimme,210904,154030,151165,2865,0.730332283882714,spd,,,,0,,,,0,0,,0,0,,0,,,0,,,0.356306023219661,,0,,,,0,,0,0,,0,,,,,0,0.0136870307280124,,,0,,,,,0.0682896173055932,,,,,,,,0.0683425396090365,,,,,,0.00191843349981808,0,,0,0.0187344954189131,0,,0,0,,,0.0304832467833162,,0,,0,0,0,,,0.44223861343565,,,,,0,,,,0,0,,,,0,0.356306023219661
0,0,2013,2013-09-22,140,Bochum I,05,Nordrhein-Westfalen,zweitstimme,210904,154030,152182,1848,0.730332283882714,spd,,,,0.0382436819071901,,,,0,0,,0.00128793155563733,0,,0.000453404476219264,,,0.000236558857157877,,,0.305213494368585,,0,,,,0,,0.00445519180980668,0.000315411809543836,,0,,,,,0,0.0385196672405409,,,0.00187932869853202,,,,,0.0963780210537383,,,,,,,,0.0789975161319998,,,,,,0.000952806507997004,0,,0.00122879184134786,0.0125901880642914,0.00155734580962269,,0.000466546634950257,0,,,0.0256469227635331,,0.00245758368269572,,0.000236558857157877,0,0.00111708349213442,,,0.386156049992772,,,,,0,,,,0,0.00160991444454666,,,,0,0.305213494368585
0,0,2013,2013-09-22,141,Herne - Bochum II,05,Nordrhein-Westfalen,erststimme,184009,126927,124530,2397,0.689786912596667,spd,,,,0,,,,0,0,,0,0,,0,,,0,,,0.303597526700393,,0,,,,0,,0,0,,0,,,,,0,0.0152091865413957,,,0,,,,,0.0577692122380149,,,,,,,,0.0762868385128082,,,,,,0.00319601702401028,0,,0,0.0268850879306191,0,,0,0,,,0.0303461013410423,,0,,0,0,0,,,0.486710029711716,,,,,0,,,,0,0,,,,0,0.303597526700393
0,0,2013,2013-09-22,141,Herne - Bochum II,05,Nordrhein-Westfalen,zweitstimme,184009,126927,125133,1794,0.689786912596667,spd,,,,0.039549918886305,,,,0,0,,0.00179009533855977,0,,0.000711243237195624,,,0.000191795929131404,,,0.280893129709989,,0,,,,0,,0.00383591858262808,0.000431540840545659,,0,,,,,0,0.0281940015823164,,,0.00173415485922978,,,,,0.0661296380650987,,,,,,,,0.0812095929930554,,,,,,0.00158231641533408,0,,0.00121470755116556,0.0177810809298906,0.00124667353935413,,0.000703251740148482,0,,,0.0245978279111026,,0.00370006313282667,,0.000319659881885674,0,0.00350826720369527,,,0.438541391958956,,,,,0,,,,0,0.00213372971158687,,,,0,0.280893129709989
0,0,2013,2013-09-22,142,Dortmund I,05,Nordrhein-Westfalen,erststimme,213946,149031,147469,1562,0.696582315163639,spd,,,,0.0351802751764778,,,,0,0,,0,0,,0.00137656049746048,,,0,,,0.307251015467658,,0,,,,0,,0,0,,0,,,,,0,0.0195430904122222,,,0.00429920864724112,,,,,0.074876753758417,,,,,,,,0.0599108965274058,,,,,,0.0017223958933742,0,,0,0.014504743369793,0,,0,0,,,0.0255986003838095,,0,,0,0,0,,,0.454461615661597,,,,,0,,,,0,0,,,,0.00127484420454468,0.307251015467658
0,0,2013,2013-09-22,142,Dortmund I,05,Nordrhein-Westfalen,zweitstimme,213946,149031,147485,1546,0.696582315163639,spd,,,,0.0410889242973862,,,,0,0,,0.00107129538597145,0,,0.000922127674000746,,,0.000183069464691325,,,0.289602332440587,,0,,,,0,,0.00495643624775401,0.000847543818015391,,0,,,,,0,0.04140760077296,,,0.00296301318778181,,,,,0.107312608061837,,,,,,,,0.0790114248906668,,,,,,0.00104417398379496,0,,0.00109163643760382,0.0128419839305692,0.00116622029358918,,0.000928908024544869,0,,,0.0276502695189341,,0.00164762518222192,,0.00021697121741194,0,0.00106451503542733,,,0.380920093568838,,,,,0,,,,0,0.00206122656541343,,,,0,0.289602332440587
0,0,2013,2013-09-22,143,Dortmund II,05,Nordrhein-Westfalen,erststimme,206701,137503,135653,1850,0.665226583325673,spd,,,,0,,,,0,0,,0,0,,0,,,0,,,0.322057013114343,,0,,,,0,,0,0,,0,,,,,0,0.0148467044591716,,,0.00897879147530832,,,,,0.0680265088129271,,,,,,,,0.0688521448106566,,,,,,0,0,,0,0.0202059666944336,0,,0,0,,,0.0297523829181809,,0,,0,0,0,,,0.467280487714979,,,,,0,,,,0,0,,,,0,0.322057013114343
0,0,2013,2013-09-22,143,Dortmund II,05,Nordrhein-Westfalen,zweitstimme,206701,137503,136002,1501,0.665226583325673,spd,,,,0.0409626329024573,,,,0,0,,0.00177203276422406,0,,0.0005955794767724,,,0.00015440949397803,,,0.291201599976471,,0,,,,0,,0.00472787164894634,0.000367641652328642,,0,,,,,0,0.0377862090263379,,,0.00447787532536286,,,,,0.0832928927515772,,,,,,,,0.0777047396361818,,,,,,0.000522051146306672,0,,0.000948515463007897,0.013926265790209,0.000919104130821606,,0.000897045631681887,0,,,0.024426111380715,,0.00228673107748415,,0.000242643490536904,0,0.00117645328745166,,,0.409427802532316,,,,,0,,,,0,0.00218379141483213,,,,0,0.291201599976471
0,0,2013,2013-09-22,144,Unna I,05,Nordrhein-Westfalen,erststimme,200068,148119,146276,1843,0.740343283283684,spd,,,,0,,,,0,0,,0,0,,0,,,0,,,0.358452514424786,,0,,,,0,,0,0,,0,,,,,0,0.0171866881785119,,,0.00917443736498127,,,,,0.0563455385709207,,,,,,,,0.0529751975717138,,,,,,0,0,,0,0.0148623150756105,0,,0,0,,,0.0241666438786951,,0,,0,0,0,,,0.466836664934781,,,,,0,,,,0,0,,,,0,0.358452514424786
0,0,2013,2013-09-22,144,Unna I,05,Nordrhein-Westfalen,zweitstimme,200068,148119,146615,1504,0.740343283283684,spd,,,,0.0376837294956178,,,,0,0,,0.00117314053814412,0,,0.000566108515499778,,,0.000272823380963749,,,0.319162432220441,,0,,,,0,,0.0037990655799202,0.000197796951198718,,0,,,,,0,0.0399004194659482,,,0.00601575555025066,,,,,0.078893701190192,,,,,,,,0.0622514749514033,,,,,,0.000375132148825154,0,,0.000961702417897214,0.010264979708761,0.000852573065511714,,0.000777546635746684,0,,,0.0217508440473349,,0.00246905159772192,,0.000211438120246905,0,0.000948061248849026,,,0.409364662551581,,,,,0,,,,0,0.00210756061794496,,,,0,0.319162432220441
0,0,2013,2013-09-22,145,Hamm - Unna II,05,Nordrhein-Westfalen,erststimme,238091,167338,164912,2426,0.702832110411565,spd,,,,0,,,,0,0,,0,0,,0,,,0,,,0.393367371689143,,0,,,,0,,0,0,,0,,,,,0,0.0208535461336955,,,0.00641554283496653,,,,,0.0500266808964781,,,,,,,,0.0562542446880761,,,,,,0,0,,0,0.0176639662365383,0,,0,0,,,0.0238308916270496,,0,,0,0,0,,,0.431587755894053,,,,,0,,,,0,0,,,,0,0.393367371689143
0,0,2013,2013-09-22,145,Hamm - Unna II,05,Nordrhein-Westfalen,zweitstimme,238091,167338,165392,1946,0.702832110411565,spd,,,,0.0333933926671181,,,,0,0,,0.00142691303086002,0,,0.000459514365870175,,,0.000126971074779917,,,0.368724001160878,,0,,,,0,,0.00335566411918352,0.000556254232369159,,0,,,,,0,0.0372025249105156,,,0.00412958305117539,,,,,0.0604019541453033,,,,,,,,0.0628748669826836,,,,,,0.00039905194930831,0,,0.00077996517364806,0.012479442778369,0.000743687723710941,,0.000713456515430009,0,,,0.0209502273386863,,0.00276313243687724,,0.000199525974654155,0,0.00169899390538841,,,0.384819096449647,,,,,0,,,,0,0.00180178001354358,,,,0,0.368724001160878
0,0,2013,2013-09-22,146,Soest,05,Nordrhein-Westfalen,erststimme,232311,167911,165476,2435,0.722785404048883,cdu,,,,0,,,,0,0,,0,0,,0,,,0,,,0.497921148686214,,0,,,,0,,0,0,,0,,,,,0,0.023387077280089,,,0,,,,,0.0596340254780149,,,,,,,,0.0499589064275182,,,,,,0,0,,0,0.0118083589160966,0,,0,0,,,0.0241485170054872,,0,,0,0,0,,,0.33314196620658,,,,,0,,,,0,0,,,,0,0.497921148686214
0,0,2013,2013-09-22,146,Soest,05,Nordrhein-Westfalen,zweitstimme,232311,167911,166146,1765,0.722785404048883,cdu,,,,0.0343733824467637,,,,0,0,,0.00054771104931807,0,,0.000517617035619275,,,0.000192601687672288,,,0.447678547783275,,0,,,,0,,0.00281078087946746,0.000355109361645781,,0,,,,,0,0.0494625209153395,,,0.00137830582740481,,,,,0.0696074536853129,,,,,,,,0.0524899786934383,,,,,,0.000150470068493975,0,,0.00115561012603373,0.00795083841922165,0.00122783575891084,,0.00060789907671566,0,,,0.0205241173425782,,0.00198620490412047,,0.000312977742467468,0,0.00108338449315662,,,0.303582391390705,,,,,0,,,,0,0.00200426131233975,,,,0,0.447678547783275
0,0,2013,2013-09-22,147,Hochsauerlandkreis,05,Nordrhein-Westfalen,erststimme,205948,151727,149604,2123,0.736724804319537,cdu,,,,0,,,,0,0,,0,0,,0,,,0,,,0.561161466270955,,0,,,,0,,0,0,,0,,,,,0,0.0192374535440229,,,0.00425790754257908,,,,,0.0421646480040641,,,,,,,,0.0411686853292693,,,,,,0,0,,0,0.011416807037245,0,,0,0,,,0.0219245474719927,,0,,0,0,0,,,0.298668484799872,,,,,0,,,,0,0,,,,0,0.561161466270955
0,0,2013,2013-09-22,147,Hochsauerlandkreis,05,Nordrhein-Westfalen,zweitstimme,205948,151727,150046,1681,0.736724804319537,cdu,,,,0.0342561614438239,,,,0,0,,0.000286578782506698,0,,0.000566492942164403,,,0.00013329245697986,,,0.496714340935447,,0,,,,0,,0.00239259960278848,0.000146621702677845,,0,,,,,0,0.0508177492235714,,,0.00355224397851326,,,,,0.0477253642216387,,,,,,,,0.0470189141996454,,,,,,0.000146621702677845,0,,0.00087306559321808,0.00845740639537209,0.00115297975287578,,0.000586486810711382,0,,,0.0195939911760393,,0.00185276515202005,,0.000259920291110726,0,0.00106633965583888,,,0.280274049291551,,,,,0,,,,0,0.00212601468882876,,,,0,0.496714340935447
0,0,2013,2013-09-22,148,Siegen-Wittgenstein,05,Nordrhein-Westfalen,erststimme,215751,156569,154757,1812,0.725693044296434,cdu,,,,0.0306545099737007,,,,0,0,,0,0,,0,,,0,,,0.457704659563057,,0,,,,0,,0,0,,0,,,,,0,0.0218600774116841,,,0,,,,,0.0504532912889239,,,,,,,,0.044527872729505,,,,,,0,0,,0,0.011992995470318,0,,0,0,,,0.0176534825565241,,0,,0,0,0,,,0.365153111006287,,,,,0,,,,0,0,,,,0,0.457704659563057
0,0,2013,2013-09-22,148,Siegen-Wittgenstein,05,Nordrhein-Westfalen,zweitstimme,215751,156569,154896,1673,0.725693044296434,cdu,,,,0.0494073442826154,,,,0,0,,0.00262111352133044,0,,0.000355076954860035,,,0.000142030781944014,,,0.415162431566987,,0,,,,0,,0.00290517508521847,0.000193678339014565,,0,,,,,0,0.0473027063319905,,,0.00156879454601797,,,,,0.0641527218262576,,,,,,,,0.0575870261336639,,,,,,0.000264693729986572,0,,0.000942567916537548,0.0113560066108873,0.00184640016527218,,0.000652050408015701,0,,,0.0175730812932548,,0.00201425472575147,,0.000225958062183659,0,0.00173664910649726,,,0.319975983885962,,,,,0,,,,0,0.00201425472575147,,,,0,0.415162431566987
0,0,2013,2013-09-22,149,Olpe - Märkischer Kreis I,05,Nordrhein-Westfalen,erststimme,210836,150469,148837,1632,0.713677929765315,cdu,,,,0.0264114433910923,,,,0,0,,0,0,,0,,,0,,,0.516746507924777,,0,,,,0,,0,0,,0,,,,,0,0.0240934713814441,,,0.00366172389929923,,,,,0.0344806734884471,,,,,,,,0.0378602094909196,,,,,,0,0,,0,0.0113681409864483,0,,0,0,,,0.0181003379536002,,0,,0,0,0,,,0.327277491483972,,,,,0,,,,0,0,,,,0,0.516746507924777
0,0,2013,2013-09-22,149,Olpe - Märkischer Kreis I,05,Nordrhein-Westfalen,zweitstimme,210836,150469,148915,1554,0.713677929765315,cdu,,,,0.0413054427022127,,,,0,0,,0.000785683107813182,0,,0.000564080179968438,,,0.000181311486418427,,,0.479716616861968,,0,,,,0,,0.00327703723600712,0.00013430480475439,,0,,,,,0,0.0516670583890139,,,0.00339119632004835,,,,,0.0518819460766209,,,,,,,,0.0477655038108988,,,,,,0.000147735285229829,0,,0.000899842191854414,0.0105697881341705,0.00129604136587986,,0.00067823926400967,0,,,0.0181848705637444,,0.00184669106537286,,0.000295470570459658,0,0.00126246516469127,,,0.282053520464695,,,,,0,,,,0,0.00209515495416849,,,,0,0.479716616861968
0,0,2013,2013-09-22,150,Märkischer Kreis II,05,Nordrhein-Westfalen,erststimme,206189,145197,143502,1695,0.704193725174476,spd,,,,0.0328148736602974,,,,0,0,,0,0,,0,,,0,,,0.416495937338852,,0,,,,0,,0,0,,0,,,,,0,0.0194561748268317,,,0,,,,,0.0313445108778972,,,,,,,,0.0482641356914886,,,,,,0,0,,0,0.0130590514417918,0,,0,0,,,0.0217000459923904,,0,,0,0,0,,,0.416865270170451,,,,,0,,,,0,0,,,,0,0.416495937338852
0,0,2013,2013-09-22,150,Märkischer Kreis II,05,Nordrhein-Westfalen,zweitstimme,206189,145197,143560,1637,0.704193725174476,spd,,,,0.0496099191975481,,,,0,0,,0.00102396210643633,0,,0.000828921705210365,,,0.000125383115073837,,,0.41471161883533,,0,,,,0,,0.00435358038450822,0.000188074672610755,,0,,,,,0,0.0447966007244358,,,0.00270966843131792,,,,,0.055523822791864,,,,,,,,0.0589509612705489,,,,,,0.000327389244915018,0,,0.00135135135135135,0.0112844803566453,0.00101003064920591,,0.000759264419058234,0,,,0.02287545277236,,0.00220813597102257,,0.000215937587071608,0,0.00197826692672054,,,0.322638617999443,,,,,0,,,,0,0.00252855948732237,,,,0,0.41471161883533
0,0,2013,2013-09-22,151,Nordsachsen,14,Sachsen,erststimme,168695,112071,109461,2610,0.66434097039035,cdu,,,,0,,,,0,0,,0,0,,0,,,0,,,0.455924941303295,,0,,,,0,,0,0,,0,,,,,0,0.0207927937804332,,,0,,,,,0.0310521555622551,,,,,,,,0.217821872630435,,,,,,0,0,,0,0.0509039749317108,0,,0,0,,,0.0196325631960242,,0,,0,0,0,,,0.203871698595847,,,,,0,,,,0,0,,,,0,0.455924941303295
0,0,2013,2013-09-22,151,Nordsachsen,14,Sachsen,zweitstimme,168695,112071,110163,1908,0.66434097039035,cdu,,,,0.0613817706489475,,,,0,0,,0,0,,0,,,0.00124361173896862,,,0.44908907709485,,0,,,,0,,0,0,,0,,,,,0,0.0264335575465447,,,0.0105116963045669,,,,,0.0285395277906375,,,,,,,,0.206021985603152,,,,,,0.000944055626662309,0,,0,0.0387789003567441,0,,0,0,,,0.0194348374681154,,0.00357651843177836,,0,0,0,,,0.154044461389033,,,,,0,,,,0,0,,,,0,0.44908907709485
0,0,2013,2013-09-22,152,Leipzig I,14,Sachsen,erststimme,210456,138427,136399,2028,0.657747937811229,cdu,,,,0,,,,0,0,,0,0,,0,,,0.0137610979552636,,,0.400046921165111,,0,,,,0,,0,0,,0,,,,,0,0.0169136137361711,,,0,,,,,0.0563273924295633,,,,,,,,0.234041305288162,,,,,,0,0,,0,0.0329107984662644,0,,0,0,,,0.029640979772579,,0,,0,0,0,,,0.216357891186886,,,,,0,,,,0,0,,,,0,0.400046921165111
0,0,2013,2013-09-22,152,Leipzig I,14,Sachsen,zweitstimme,210456,138427,136794,1633,0.657747937811229,cdu,,,,0.0613623404535287,,,,0,0,,0,0,,0,,,0.00298258695556823,,,0.369029343392254,,0,,,,0,,0,0,,0,,,,,0,0.0294457359240902,,,0.00956913314911473,,,,,0.0691989414740413,,,,,,,,0.212889454215828,,,,,,0.00148398321563811,0,,0,0.0237291109259178,0,,0,0,,,0.0318873634808544,,0.00357471818939427,,0,0,0,,,0.18484728862377,,,,,0,,,,0,0,,,,0,0.369029343392254
0,0,2013,2013-09-22,153,Leipzig II,14,Sachsen,erststimme,219865,153935,151860,2075,0.700134173242672,cdu,,,,0,,,,0,0,,0,0,,0,,,0.00784933491373634,,,0.342927696562623,,0,,,,0,,0.0154550243645463,0,,0,,,,,0,0.0147306729882787,,,0,,,,,0.0904253918082444,,,,,,,,0.248584222310022,,,,,,0,0,,0,0.0203871987356776,0,,0,0,,,0.025773738970104,,0,,0,0,0,,,0.233866719346767,,,,,0,,,,0,0,,,,0,0.342927696562623
0,0,2013,2013-09-22,153,Leipzig II,14,Sachsen,zweitstimme,219865,153935,152187,1748,0.700134173242672,cdu,,,,0.0506087905011598,,,,0,0,,0,0,,0,,,0.00229323135353217,,,0.325605997884182,,0,,,,0,,0,0,,0,,,,,0,0.030114267315868,,,0.00747107177354176,,,,,0.11219749387267,,,,,,,,0.225393758993869,,,,,,0.00145216082845447,0,,0,0.0145018956941132,0,,0,0,,,0.0387483819248688,,0.00251664071175593,,0,0,0,,,0.189096309145985,,,,,0,,,,0,0,,,,0,0.325605997884182
0,0,2013,2013-09-22,154,Leipzig-Land,14,Sachsen,erststimme,220400,151537,148740,2797,0.68755444646098,cdu,,,,0,,,,0,0,,0,0,,0,,,0,,,0.512794137421003,,0,,,,0,,0,0,,0,,,,,0,0.0194298776388329,,,0,,,,,0.0329770068576039,,,,,,,,0.214232889606024,,,,,,0,0,,0,0.0407825736183945,0,,0,0,,,0.0215073282237461,,0,,0,0,0,,,0.158276186634396,,,,,0,,,,0,0,,,,0,0.512794137421003
0,0,2013,2013-09-22,154,Leipzig-Land,14,Sachsen,zweitstimme,220400,151537,149205,2332,0.68755444646098,cdu,,,,0.0640863241848463,,,,0,0,,0,0,,0,,,0.00115277638148856,,,0.458081163499883,,0,,,,0,,0,0,,0,,,,,0,0.0287657920310982,,,0.0099527495727355,,,,,0.0328340203076304,,,,,,,,0.199162226466941,,,,,,0.000918199792232164,0,,0,0.0302469756375457,0,,0,0,,,0.0194698569082806,,0.00331758319091183,,0,0,0,,,0.152012332026407,,,,,0,,,,0,0,,,,0,0.458081163499883
0,0,2013,2013-09-22,155,Meißen,14,Sachsen,erststimme,207261,145679,142973,2706,0.702877048745302,cdu,,,,0,,,,0,0,,0,0,,0,,,0.0113168220573115,,,0.536227119805838,,0,,,,0,,0,0,,0,,,,,0,0.0242073678246942,,,0,,,,,0.0336916760507229,,,,,,,,0.176809607408392,,,,,,0,0,,0,0.0452043392808432,0,,0,0,,,0.0251795793611381,,0.0208361019213418,,0,0,0,,,0.126527386289719,,,,,0,,,,0,0,,,,0,0.536227119805838
0,0,2013,2013-09-22,155,Meißen,14,Sachsen,zweitstimme,207261,145679,143189,2490,0.702877048745302,cdu,,,,0.0711996033214842,,,,0,0,,0,0,,0,,,0.00344998568325779,,,0.451305617051589,,0,,,,0,,0,0,,0,,,,,0,0.0366857789355328,,,0.0131783866079098,,,,,0.0399541864249349,,,,,,,,0.186711269720439,,,,,,0.000949793629398906,0,,0,0.0390253441255962,0,,0,0,,,0.0227112417853327,,0.00895320171242205,,0,0,0,,,0.125875591002102,,,,,0,,,,0,0,,,,0,0.451305617051589
0,0,2013,2013-09-22,156,Bautzen I,14,Sachsen,erststimme,223726,155255,152003,3252,0.693951529996514,cdu,,,,0,,,,0,0,,0,0,,0,,,0,,,0.492056077840569,,0,,,,0,,0,0,,0,,,,,0,0.0259731715821398,,,0.0297165187529194,,,,,0.024400834194062,,,,,,,,0.213495786267376,,,,,,0,0,,0,0.0478280033946698,0,,0,0,,,0.0199667111833319,,0,,0,0,0,,,0.113603020993007,,,,,0,,,,0,0,,,,0.0329598757919252,0.492056077840569
0,0,2013,2013-09-22,156,Bautzen I,14,Sachsen,zweitstimme,223726,155255,152013,3242,0.693951529996514,cdu,,,,0.0711189174610066,,,,0,0,,0,0,,0,,,0.00132883371816884,,,0.45611230618434,,0,,,,0,,0,0,,0,,,,,0,0.0310697111431259,,,0.0228269950596331,,,,,0.0279515567747495,,,,,,,,0.199259273877892,,,,,,0.000960444172537875,0,,0,0.0412530507259248,0,,0,0,,,0.020452198167262,,0.00595343819278614,,0,0,0,,,0.121713274522574,,,,,0,,,,0,0,,,,0,0.45611230618434
0,0,2013,2013-09-22,157,Görlitz,14,Sachsen,erststimme,223614,152944,149683,3261,0.683964331392489,cdu,,,,0,,,,0,0.0095602038975702,,0,0,,0,,,0.0138225449783877,,,0.495740999311879,,0,,,,0,,0,0,,0,,,,,0,0.0163144779300255,,,0,,,,,0.033704562308345,,,,,,,,0.197417208367016,,,,,,0,0,,0,0.0556041768270278,0,,0,0,,,0.0259080857545613,,0,,0,0,0,,,0.151927740625188,,,,,0,,,,0,0,,,,0,0.495740999311879
0,0,2013,2013-09-22,157,Görlitz,14,Sachsen,zweitstimme,223614,152944,149961,2983,0.683964331392489,cdu,,,,0.0822280459586159,,,,0,0,,0,0,,0,,,0.00456785430878695,,,0.440821280199519,,0,,,,0,,0,0,,0,,,,,0,0.0279072558865305,,,0.01718446796167,,,,,0.0336354118737538,,,,,,,,0.19591760524403,,,,,,0.00114696487753483,0,,0,0.0424110268669854,0,,0,0,,,0.0217323170691046,,0.0068217736611519,,0,0,0,,,0.125625996092317,,,,,0,,,,0,0,,,,0,0.440821280199519
0,0,2013,2013-09-22,158,Sächsische Schweiz - Osterzgebirge,14,Sachsen,erststimme,207752,147427,144771,2656,0.709629750856791,cdu,,,,0,,,,0,0,,0,0,,0,,,0.0100572628496039,,,0.50178557860345,,0,,,,0,,0,0,,0,,,,,0,0.0181528068466751,,,0.0578983359927057,,,,,0.0293152634160156,,,,,,,,0.190445600292876,,,,,,0,0,,0,0.0664843097029101,0,,0,0,,,0.0191958334196766,,0,,0,0,0,,,0.106665008876087,,,,,0,,,,0,0,,,,0,0.50178557860345
0,0,2013,2013-09-22,158,Sächsische Schweiz - Osterzgebirge,14,Sachsen,zweitstimme,207752,147427,144975,2452,0.709629750856791,cdu,,,,0.0787515088808415,,,,0,0,,0,0,,0,,,0.00360062079668908,,,0.459893085014658,,0,,,,0,,0,0,,0,,,,,0,0.0321089843076393,,,0.0324538713571305,,,,,0.0355785480255216,,,,,,,,0.171395068115192,,,,,,0.000772546990860493,0,,0,0.0508363510950164,0,,0,0,,,0.020555268149681,,0.00462148646318331,,0,0,0,,,0.109432660803587,,,,,0,,,,0,0,,,,0,0.459893085014658
0,0,2013,2013-09-22,159,Dresden I,14,Sachsen,erststimme,233382,173167,170365,2802,0.741989527898467,cdu,,,,0,,,,0,0,,0,0,,0,,,0.00692630528571009,,,0.425774073313181,,0,,,,0,,0,0,,0,,,,,0,0.0193995245502304,,,0.025333842045021,,,,,0.0612156252751445,,,,,,,,0.250045490564377,,,,,,0,0,,0,0.0304992222580929,0,,0,0,,,0.0306224870131776,,0,,0,0,0,,,0.148627945880903,,,,,0,,,,0,0,,,,0.00155548381416371,0.425774073313181
0,0,2013,2013-09-22,159,Dresden I,14,Sachsen,zweitstimme,233382,173167,171136,2031,0.741989527898467,cdu,,,,0.0690328160059836,,,,0,0,,0,0,,0,,,0.00267039080029918,,,0.398466716529544,,0,,,,0,,0,0,,0,,,,,0,0.0306364528795812,,,0.014099897157816,,,,,0.0789839659685864,,,,,,,,0.189936658563949,,,,,,0.00104595175766642,0,,0,0.0227187733732236,0,,0,0,,,0.0355623597606582,,0.00234900897531788,,0,0,0,,,0.154497008227375,,,,,0,,,,0,0,,,,0,0.398466716529544
0,0,2013,2013-09-22,160,Dresden II - Bautzen II,14,Sachsen,erststimme,235691,173489,170398,3091,0.736086655833273,cdu,,,,0,,,,0,0,,0,0,,0,,,0.00500005868613481,,,0.418003732438174,,0,,,,0,,0,0,,0,,,,,0,0.0203699573938661,,,0.0364793014002512,,,,,0.0977124144649585,,,,,,,,0.191246376131175,,,,,,0.00325121186868391,0,,0,0.0343255202525851,0,,0,0,,,0.0460157983074919,,0,,0,0,0,,,0.147595629056679,,,,,0,,,,0,0,,,,0,0.418003732438174
0,0,2013,2013-09-22,160,Dresden II - Bautzen II,14,Sachsen,zweitstimme,235691,173489,171193,2296,0.736086655833273,cdu,,,,0.0696874288084209,,,,0,0,,0,0,,0,,,0.00233654413439802,,,0.386067187326585,,0,,,,0,,0,0,,0,,,,,0,0.0315725526160532,,,0.0189844210919839,,,,,0.0952375389180632,,,,,,,,0.18142681067567,,,,,,0.00159469137172665,0,,0,0.0268118439422173,0,,0,0,,,0.0438569334026508,,0.00256435718750183,,0,0,0,,,0.139859690524729,,,,,0,,,,0,0,,,,0,0.386067187326585
0,0,2013,2013-09-22,161,Mittelsachsen,14,Sachsen,erststimme,210677,145578,142986,2592,0.691000916094306,cdu,,,,0,,,,0,0,,0,0,,0,,,0,,,0.518994866630299,,0,,,,0,,0,0,,0,,,,,0,0.022400794483376,,,0,,,,,0.0320520890157078,,,,,,,,0.203369560656288,,,,,,0,0,,0,0.0468717217070203,0,,0,0,,,0.0218972486816891,,0,,0,0,0,,,0.154413718825619,,,,,0,,,,0,0,,,,0,0.518994866630299
0,0,2013,2013-09-22,161,Mittelsachsen,14,Sachsen,zweitstimme,210677,145578,143374,2204,0.691000916094306,cdu,,,,0.0627519633964317,,,,0,0,,0,0,,0,,,0.00144377641692357,,,0.453157476250924,,0,,,,0,,0,0,,0,,,,,0,0.0344065172206955,,,0.0128893662728249,,,,,0.0328023212018916,,,,,,,,0.205929945457335,,,,,,0.000969492376581528,0,,0,0.0370011299119785,0,,0,0,,,0.0212172360400073,,0.00442200119965963,,0,0,0,,,0.133008774254746,,,,,0,,,,0,0,,,,0,0.453157476250924
0,0,2013,2013-09-22,162,Chemnitz,14,Sachsen,erststimme,201249,135876,134175,1701,0.675163603297408,cdu,,,,0,,,,0,0,,0,0,,0,,,0,,,0.416687162288057,,0,,,,0,,0.0112166946152413,0,,0,,,,,0,0.0203018446059251,,,0,,,,,0.0482578721818521,,,,,,,,0.238434879821129,,,,,,0,0,,0,0.0347382150177008,0,,0,0,,,0.0209278926774735,,0,,0,0,0,,,0.209435438792622,,,,,0,,,,0,0,,,,0,0.416687162288057
0,0,2013,2013-09-22,162,Chemnitz,14,Sachsen,zweitstimme,201249,135876,134528,1348,0.675163603297408,cdu,,,,0.0604929828734539,,,,0,0,,0,0,,0,,,0.00126367745004757,,,0.389361322549952,,0,,,,0,,0,0,,0,,,,,0,0.0287300784966698,,,0.00803550190294957,,,,,0.0532825880114177,,,,,,,,0.230539367269267,,,,,,0.00136774500475737,0,,0,0.0233036988582303,0,,0,0,,,0.0245153425309229,,0.00399173406279734,,0,0,0,,,0.175115960989534,,,,,0,,,,0,0,,,,0,0.389361322549952
0,0,2013,2013-09-22,163,Chemnitzer Umland - Erzgebirgskreis II,14,Sachsen,erststimme,191550,134560,131445,3115,0.702479770294962,cdu,,,,0,,,,0,0,,0,0,,0,,,0,,,0.495697820381148,,0,,,,0,,0,0,,0,,,,,0,0.0228688805203697,,,0,,,,,0.0370801475902469,,,,,,,,0.218973715242116,,,,,,0,0,,0,0.0472060557647685,0,,0,0,,,0.0220852828179086,,0,,0,0,0,,,0.156088097683442,,,,,0,,,,0,0,,,,0,0.495697820381148
0,0,2013,2013-09-22,163,Chemnitzer Umland - Erzgebirgskreis II,14,Sachsen,zweitstimme,191550,134560,132435,2125,0.702479770294962,cdu,,,,0.072760221995696,,,,0,0,,0,0,,0,,,0.0011930380941594,,,0.452591837505191,,0,,,,0,,0,0,,0,,,,,0,0.0271378412051195,,,0.0132895382640541,,,,,0.0323328425265224,,,,,,,,0.199599803677276,,,,,,0.000913655755653717,0,,0,0.0325216143768641,0,,0,0,,,0.0190433042624684,,0.00380564050288821,,0,0,0,,,0.144810661834107,,,,,0,,,,0,0,,,,0,0.452591837505191
0,0,2013,2013-09-22,164,Erzgebirgskreis I,14,Sachsen,erststimme,232499,161718,157918,3800,0.695564281996912,cdu,,,,0,,,,0,0,,0,0,,0,,,0,,,0.502273331729125,,0,,,,0,,0,0,,0,,,,,0,0.0648817740852848,,,0,,,,,0.0319849542167454,,,,,,,,0.20562570447954,,,,,,0,0,,0,0.0533504730303069,0,,0,0,,,0.020662622373637,,0,,0,0,0,,,0.121221140085361,,,,,0,,,,0,0,,,,0,0.502273331729125
0,0,2013,2013-09-22,164,Erzgebirgskreis I,14,Sachsen,zweitstimme,232499,161718,158750,2968,0.695564281996912,cdu,,,,0.076340157480315,,,,0,0,,0,0,,0,,,0.00115275590551181,,,0.460459842519685,,0,,,,0,,0,0,,0,,,,,0,0.036711811023622,,,0.0160692913385827,,,,,0.0249700787401575,,,,,,,,0.193644094488189,,,,,,0.000837795275590551,0,,0,0.0403023622047244,0,,0,0,,,0.018948031496063,,0.00386141732283465,,0,0,0,,,0.126702362204724,,,,,0,,,,0,0,,,,0,0.460459842519685
0,0,2013,2013-09-22,165,Zwickau,14,Sachsen,erststimme,217679,148305,145582,2723,0.681301365772537,cdu,,,,0,,,,0,0,,0,0,,0,,,0.00707505048701076,,,0.445501504306851,,0,,,,0,,0,0,,0,,,,,0,0.0274484482971796,,,0.026260114574604,,,,,0.029770163893888,,,,,,,,0.24623236389114,,,,,,0,0,,0,0.0406506298855628,0,,0,0,,,0.0188484840158811,,0,,0,0,0,,,0.158213240647882,,,,,0,,,,0,0,,,,0,0.445501504306851
0,0,2013,2013-09-22,165,Zwickau,14,Sachsen,zweitstimme,217679,148305,146054,2251,0.681301365772537,cdu,,,,0.060785736782286,,,,0,0,,0,0,,0,,,0.00262916455557534,,,0.444164487107508,,0,,,,0,,0,0,,0,,,,,0,0.0268667753022855,,,0.018417845454421,,,,,0.0318580798882605,,,,,,,,0.212667917345639,,,,,,0.00119818697194188,0,,0,0.0319333944979254,0,,0,0,,,0.0177263204020431,,0.00327276212907555,,0,0,0,,,0.148479329563038,,,,,0,,,,0,0,,,,0,0.444164487107508
0,0,2013,2013-09-22,166,Vogtlandkreis,14,Sachsen,erststimme,201934,138790,136134,2656,0.687303772519734,cdu,,,,0,,,,0,0,,0,0,,0,,,0,,,0.482928585070592,,0,,,,0,,0,0,,0,,,,,0,0.0259523704585188,,,0,,,,,0.026003790383005,,,,,,,,0.196181703321727,,,,,,0,0,,0,0.0418190900142507,0,,0,0,,,0.0201713018055739,,0,,0,0,0,,,0.206943158946332,,,,,0,,,,0,0,,,,0,0.482928585070592
0,0,2013,2013-09-22,166,Vogtlandkreis,14,Sachsen,zweitstimme,201934,138790,136695,2095,0.687303772519734,cdu,,,,0.0665349866491093,,,,0,0,,0,0,,0,,,0.00108270236658254,,,0.442342441201214,,0,,,,0,,0,0,,0,,,,,0,0.0280624748527744,,,0.0112440103880903,,,,,0.0334247777899704,,,,,,,,0.202033724715608,,,,,,0.000943706792494239,0,,0,0.0316178353268225,0,,0,0,,,0.0190423936500969,,0.00356999158710999,,0,0,0,,,0.160100954680127,,,,,0,,,,0,0,,,,0,0.442342441201214
0,0,2013,2013-09-22,167,Waldeck,06,Hessen,erststimme,189728,138632,133701,4931,0.730688143025805,cdu,,,,0,,,,0,0,,0,0,,0,,,0,,,0.414686501970816,,0,,,,0,,0,0,,0,,,,,0,0.026768685350147,,,0,,,,,0.0634699815259422,,,,,,,,0.0542479113843576,,,,,,0,0,,0,0,0,,0,0,,,0.0237619763502143,,0,,0,0,0,,,0.412988683704684,,,,,0,,,,0,0,,,,0.00407625971383909,0.414686501970816
0,0,2013,2013-09-22,167,Waldeck,06,Hessen,zweitstimme,189728,138632,134416,4216,0.730688143025805,cdu,,,,0.0503957862159267,,,,0,0,,0,0,,0,,,0.000349660754672063,,,0.365008629925009,,0,,,,0,,0.00390578502559219,0,,0,,,,,0,0.0480002380668968,,,0.0075363052017617,,,,,0.0808832281871206,,,,,,,,0.0547256279014403,,,,,,0.000245506487322938,0,,0,0.00862248541840257,0,,0,0,,,0.0166795619569099,,0.0011308177597905,,0.000528210927270563,0,0.00176318295441019,,,0.360224973217474,,,,,0,,,,0,0,,,,0,0.365008629925009
0,0,2013,2013-09-22,168,Kassel,06,Hessen,erststimme,224555,160695,155463,5232,0.71561532809334,spd,,,,0,,,,0,0,,0,0,,0,,,0,,,0.351684966840985,,0,,,,0,,0,0,,0,,,,,0,0.020532216668918,,,0,,,,,0.106514090169365,,,,,,,,0.0840457214900008,,,,,,0.00209052957938545,0,,0,0,0,,0,0,,,0.0297434116156256,,0,,0,0,0,,,0.399953686729318,,,,,0,,,,0,0,,,,0.00543537690640217,0.351684966840985
0,0,2013,2013-09-22,168,Kassel,06,Hessen,zweitstimme,224555,160695,156479,4216,0.71561532809334,spd,,,,0.0509780865164016,,,,0,0,,0,0,,0,,,0.000325922328235738,,,0.30905744540801,,0,,,,0,,0.0050869445740323,0,,0,,,,,0,0.0399989774985781,,,0.00536174183117223,,,,,0.127071364208616,,,,,,,,0.0874238715738214,,,,,,0.00105445459135092,0,,0,0.00778379207433585,0,,0,0,,,0.0228465161459365,,0.000990548252481164,,0.000568766415940797,0,0.0012653455096211,,,0.340186223071466,,,,,0,,,,0,0,,,,0,0.30905744540801
0,0,2013,2013-09-22,169,Werra-Meißner - Hersfeld-Rotenburg,06,Hessen,erststimme,180203,131446,126814,4632,0.729432917321021,spd,,,,0,,,,0,0,,0,0,,0,,,0,,,0.405207626918164,,0,,,,0,,0,0,,0,,,,,0,0.0198164240541265,,,0,,,,,0.0499392811519233,,,,,,,,0.0573832542148343,,,,,,0,0,,0,0.0188622707272068,0,,0,0,,,0.0180027441765105,,0,,0,0,0,,,0.430788398757235,,,,,0,,,,0,0,,,,0,0.405207626918164
0,0,2013,2013-09-22,169,Werra-Meißner - Hersfeld-Rotenburg,06,Hessen,zweitstimme,180203,131446,127253,4193,0.729432917321021,spd,,,,0.0557629289682758,,,,0,0,,0,0,,0,,,0.000432209849669556,,,0.360478731346216,,0,,,,0,,0.00409420603050616,0,,0,,,,,0,0.0394018215680573,,,0.0075518848278626,,,,,0.0696879444885386,,,,,,,,0.0595978090889802,,,,,,0.000322192797026396,0,,0,0.0158188804979057,0,,0,0,,,0.0153552372046239,,0.00106873708281927,,0.000432209849669556,0,0.00133592135352408,,,0.368659285046325,,,,,0,,,,0,0,,,,0,0.360478731346216
0,0,2013,2013-09-22,170,Schwalm-Eder,06,Hessen,erststimme,191354,141665,136829,4836,0.740329441767614,spd,,,,0,,,,0,0,,0,0,,0,,,0,,,0.395837139787618,,0,,,,0,,0,0,,0,,,,,0,0.0219617186415161,,,0.0157422768565143,,,,,0.0576193643160441,,,,,,,,0.0503548224426109,,,,,,0,0,,0,0.0147556439058971,0,,0,0,,,0.0202515548604463,,0,,0,0,0,,,0.423477479189353,,,,,0,,,,0,0,,,,0,0.395837139787618
0,0,2013,2013-09-22,170,Schwalm-Eder,06,Hessen,zweitstimme,191354,141665,136981,4684,0.740329441767614,spd,,,,0.0539782889597827,,,,0,0,,0,0,,0,,,0.000335812995962944,,,0.355866872047948,,0,,,,0,,0.00386184945357385,0,,0,,,,,0,0.0464443973981793,,,0.0116220497733262,,,,,0.0766383659047605,,,,,,,,0.0543287025207876,,,,,,0.000233609040669874,0,,0,0.0111840328220702,0,,0,0,,,0.0168344514932728,,0.00118264576839124,,0.000423416386214146,0,0.00167176469729379,,,0.365393740737767,,,,,0,,,,0,0,,,,0,0.355866872047948
0,0,2013,2013-09-22,171,Marburg,06,Hessen,erststimme,184686,130945,128002,2943,0.709014218728003,spd,,,,0,,,,0,0,,0,0,,0,,,0,,,0.39595475070702,,0,,,,0,,0.00567959875626943,0,,0,,,,,0,0.0174137904095249,,,0,,,,,0.0593350103904627,,,,,,,,0.0527023015265386,,,,,,0,0,,0,0.0113982594021968,0,,0,0,,,0.0201637474414462,,0,,0,0,0,,,0.437352541366541,,,,,0,,,,0,0,,,,0,0.39595475070702
0,0,2013,2013-09-22,171,Marburg,06,Hessen,zweitstimme,184686,130945,127909,3036,0.709014218728003,spd,,,,0.0457981846468974,,,,0,0,,0,0,,0,,,0.000367448733083677,,,0.367394006676622,,0,,,,0,,0.00504264750721216,0,,0,,,,,0,0.0399580952083122,,,0.0046361084833749,,,,,0.105098155720082,,,,,,,,0.0681734670742481,,,,,,0.00020326951191863,0,,0,0.00808387212784089,0,,0,0,,,0.0172466362804807,,0.000852168338428101,,0.000484719605344425,0,0.00244705220117427,,,0.334214167884981,,,,,0,,,,0,0,,,,0,0.367394006676622
0,0,2013,2013-09-22,172,Lahn-Dill,06,Hessen,erststimme,210867,146943,142835,4108,0.696851569946933,cdu,,,,0,,,,0,0,,0,0,,0,,,0,,,0.480736514159695,,0,,,,0,,0,0,,0,,,,,0,0.0212342913151539,,,0,,,,,0.0605383834494347,,,,,,,,0.0462281653656317,,,,,,0,0,,0,0.0200721111772325,0,,0,0,,,0.0228585430741765,,0,,0,0,0,,,0.344544404382679,,,,,0,,,,0,0,,,,0.00378758707599678,0.480736514159695
0,0,2013,2013-09-22,172,Lahn-Dill,06,Hessen,zweitstimme,210867,146943,143103,3840,0.696851569946933,cdu,,,,0.0581050012927751,,,,0,0,,0,0,,0,,,0.000440242342927821,,,0.417601308148676,,0,,,,0,,0.00395519311265312,0,,0,,,,,0,0.0441849576878193,,,0.00873496712158376,,,,,0.0740725211910302,,,,,,,,0.0519416084917856,,,,,,0.000258555026798879,0,,0,0.0157439047399426,0,,0,0,,,0.0177005373751773,,0.00148843839751787,,0.000440242342927821,0,0.0020125364248129,,,0.303319986303572,,,,,0,,,,0,0,,,,0,0.417601308148676
0,0,2013,2013-09-22,173,Gießen,06,Hessen,erststimme,215246,156652,152302,4350,0.727781236352824,cdu,,,,0,,,,0,0,,0,0,,0,,,0,,,0.443769615632099,,0,,,,0,,0,0,,0,,,,,0,0.0298288925949758,,,0,,,,,0.0734461793016507,,,,,,,,0.0512271670759412,,,,,,0,0,,0,0.0163031345615947,0,,0,0,,,0.0259287468319523,,0,,0,0,0,,,0.354742550984229,,,,,0,,,,0,0,,,,0.00475371301755722,0.443769615632099
0,0,2013,2013-09-22,173,Gießen,06,Hessen,zweitstimme,215246,156652,152723,3929,0.727781236352824,cdu,,,,0.0487418398014706,,,,0,0,,0,0,,0,,,0.000608945607406874,,,0.386726295318976,,0,,,,0,,0.00496978189270771,0,,0,,,,,0,0.0494555502445604,,,0.0129777440202196,,,,,0.0966390131152479,,,,,,,,0.0650065805412413,,,,,,0.000386320331580705,0,,0,0.0129450050090687,0,,0,0,,,0.0213982176882329,,0.0011982478081232,,0.000550015387335241,0,0.00178755000883953,,,0.296608893224989,,,,,0,,,,0,0,,,,0,0.386726295318976
0,0,2013,2013-09-22,174,Fulda,06,Hessen,erststimme,209960,154025,149596,4429,0.733592112783387,cdu,,,,0,,,,0,0,,0,0,,0,,,0,,,0.583324420439049,,0,,,,0,,0,0,,0,,,,,0,0.0240982379208,,,0,,,,,0.0543129495441055,,,,,,,,0.0459170031284259,,,,,,0,0,,0,0.0200005347736571,0,,0,0,,,0.0226610337174791,,0,,0,0,0,,,0.249685820476483,,,,,0,,,,0,0,,,,0,0.583324420439049
0,0,2013,2013-09-22,174,Fulda,06,Hessen,zweitstimme,209960,154025,150230,3795,0.733592112783387,cdu,,,,0.0579844238833788,,,,0,0,,0,0,,0,,,0.000426013446049391,,,0.51106969313719,,0,,,,0,,0.00384743393463356,0,,0,,,,,0,0.0486786926712374,,,0.00687612327764095,,,,,0.0669506756306996,,,,,,,,0.0459295746522,,,,,,0.000166411502363043,0,,0,0.0145776476070026,0,,0,0,,,0.0180722891566265,,0.00107834653531252,,0.000472608666711043,0,0.002755774479132,,,0.221114291419823,,,,,0,,,,0,0,,,,0,0.51106969313719
0,0,2013,2013-09-22,175,Main-Kinzig - Wetterau II - Schotten,06,Hessen,erststimme,180491,131010,126773,4237,0.725853366649861,cdu,,,,0,,,,0,0,,0,0,,0,,,0,,,0.488361086351195,,0,,,,0,,0,0,,0,,,,,0,0.0233724846773367,,,0,,,,,0.053757503569372,,,,,,,,0.0531580068311076,,,,,,0,0,,0,0.0279081507892059,0,,0,0,,,0.029548878704456,,0,,0,0,0,,,0.323893889077327,,,,,0,,,,0,0,,,,0,0.488361086351195
0,0,2013,2013-09-22,175,Main-Kinzig - Wetterau II - Schotten,06,Hessen,zweitstimme,180491,131010,127014,3996,0.725853366649861,cdu,,,,0.0637567512242745,,,,0,0,,0,0,,0,,,0.000566866644621853,,,0.41180499787425,,0,,,,0,,0.00496008314044121,0,,0,,,,,0,0.0513014313382777,,,0.0104319208906105,,,,,0.0765269970239501,,,,,,,,0.0545924071362212,,,,,,0.000196828696049254,0,,0,0.0209583195553246,0,,0,0,,,0.0209898121466925,,0.00147227864644842,,0.000582612940305793,0,0.00383422299903948,,,0.278024469743493,,,,,0,,,,0,0,,,,0,0.41180499787425
0,0,2013,2013-09-22,176,Hochtaunus,06,Hessen,erststimme,182026,139886,136975,2911,0.768494610660016,cdu,,,,0.056565066617996,,,,0,0,,0,0,,0,,,0,,,0.487570724584778,,0,,,,0,,0,0,,0,,,,,0,0.0355247307902902,,,0,,,,,0.0734732615440774,,,,,,,,0.0400219018068991,,,,,,0,0,,0,0.0068187625479102,0,,0,0,,,0.0160175214455193,,0,,0,0,0.0034093812739551,,,0.280598649388575,,,,,0,,,,0,0,,,,0,0.487570724584778
0,0,2013,2013-09-22,176,Hochtaunus,06,Hessen,zweitstimme,182026,139886,136883,3003,0.768494610660016,cdu,,,,0.069015144320332,,,,0,0,,0,0,,0,,,0.000372580963304428,,,0.429724655362609,,0,,,,0,,0.00372580963304428,0,,0,,,,,0,0.0754951308781952,,,0.00639962595793488,,,,,0.0927069102810429,,,,,,,,0.0464484267586187,,,,,,0.00013149916351921,0,,0,0.00748084130242616,0,,0,0,,,0.0165542835852516,,0.000978938217309673,,0.000277609345207221,0,0.00342628376058386,,,0.247262260470621,,,,,0,,,,0,0,,,,0,0.429724655362609
0,0,2013,2013-09-22,177,Wetterau I,06,Hessen,erststimme,175085,131480,127770,3710,0.750949538795442,cdu,,,,0,,,,0,0,,0,0,,0,,,0,,,0.470517335837834,,0,,,,0,,0,0,,0,,,,,0,0.0276042889567191,,,0.0189559364483055,,,,,0.0743288721922204,,,,,,,,0.0483212021601315,,,,,,0,0,,0,0.0185019957736558,0,,0,0,,,0.0224074508883149,,0,,0,0,0,,,0.319362917742819,,,,,0,,,,0,0,,,,0,0.470517335837834
0,0,2013,2013-09-22,177,Wetterau I,06,Hessen,zweitstimme,175085,131480,128149,3331,0.750949538795442,cdu,,,,0.0593683914817907,,,,0,0,,0,0,,0,,,0.000858375796923893,,,0.409047280899578,,0,,,,0,,0.00471326346674574,0,,0,,,,,0,0.059196716322406,,,0.0112369195233673,,,,,0.09357076528104,,,,,,,,0.0516195990604687,,,,,,0.00017947857572045,0,,0,0.0145143543843495,0,,0,0,,,0.0197816604109279,,0.0013265807770642,,0.00044479473113329,0,0.00151386276912032,,,0.272627956519364,,,,,0,,,,0,0,,,,0,0.409047280899578
0,0,2013,2013-09-22,178,Rheingau-Taunus - Limburg,06,Hessen,erststimme,220668,165788,162032,3756,0.751300596371019,cdu,,,,0.0426644119680063,,,,0,0,,0,0,,0,,,0,,,0.521434037720944,,0,,,,0,,0,0,,0,,,,,0,0.0229954576873704,,,0,,,,,0.0562790066159771,,,,,,,,0.0388812086501432,,,,,,0,0,,0,0.0090352522958428,0,,0,0,,,0.0177063789868668,,0,,0,0,0,,,0.291004246074849,,,,,0,,,,0,0,,,,0,0.521434037720944
0,0,2013,2013-09-22,178,Rheingau-Taunus - Limburg,06,Hessen,zweitstimme,220668,165788,161924,3864,0.751300596371019,cdu,,,,0.0584780514315358,,,,0,0,,0,0,,0,,,0.000352016995627578,,,0.454528050196388,,0,,,,0,,0.00377337516365702,0,,0,,,,,0,0.0626157950643512,,,0.00695387959783602,,,,,0.0861824065611027,,,,,,,,0.0450211210197377,,,,,,0.000259380944146637,0,,0,0.00911538746572466,0,,0,0,,,0.0178108248314024,,0.00116721424865987,,0.00041377436328154,0,0.00186507250314963,,,0.251463649613399,,,,,0,,,,0,0,,,,0,0.454528050196388
0,0,2013,2013-09-22,179,Wiesbaden,06,Hessen,erststimme,189698,132335,129630,2705,0.697608830878554,cdu,,,,0.0399290287742035,,,,0,0,,0,0,,0,,,0.00258427833063334,,,0.435593612589678,,0,,,,0,,0,0,,0,,,,,0,0.0254262130679627,,,0,,,,,0.0754763557818406,,,,,,,,0.0470338656175268,,,,,,0,0,,0,0.00725912211679395,0,,0,0,,,0.017156522409936,,0,,0,0,0,,,0.349541001311425,,,,,0,,,,0,0,,,,0,0.435593612589678
0,0,2013,2013-09-22,179,Wiesbaden,06,Hessen,zweitstimme,189698,132335,129683,2652,0.697608830878554,cdu,,,,0.0505077766553827,,,,0,0,,0,0,,0,,,0.00116437775190272,,,0.386997524733388,,0,,,,0,,0.00404833324337037,0,,0,,,,,0,0.067865487380767,,,0.00512788877493581,,,,,0.116692241851284,,,,,,,,0.0591287986860267,,,,,,0.000400977768867161,0,,0,0.00667011096288642,0,,0,0,,,0.0195168217885151,,0.000956177756529383,,0.000293022215710617,0,0.00271431105079309,,,0.277916149379641,,,,,0,,,,0,0,,,,0,0.386997524733388
0,0,2013,2013-09-22,180,Hanau,06,Hessen,erststimme,177413,128280,124101,4179,0.723058625918056,cdu,,,,0,,,,0,0,,0,0,,0,,,0,,,0.442542767584467,,0,,,,0,,0.00844473453074512,0,,0,,,,,0,0.0246009298877527,,,0,,,,,0.0581542453324308,,,,,,,,0.056961668318547,,,,,,0,0,,0,0.0211521260908454,0,,0,0,,,0.0240529890975899,,0,,0,0,0,,,0.364090539157622,,,,,0,,,,0,0,,,,0,0.442542767584467
0,0,2013,2013-09-22,180,Hanau,06,Hessen,zweitstimme,177413,128280,124494,3786,0.723058625918056,cdu,,,,0.0590871849245747,,,,0,0,,0,0,,0,,,0.000586373640496731,,,0.392211672851704,,0,,,,0,,0.00703648368596077,0,,0,,,,,0,0.0531029607852587,,,0.00680354073288673,,,,,0.0898276222147252,,,,,,,,0.0612880942053432,,,,,,0.000224910437450801,0,,0,0.0152537471685382,0,,0,0,,,0.0204748823236461,,0.00170289331212749,,0.000522113515510788,0,0.00551833823316786,,,0.286359181968609,,,,,0,,,,0,0,,,,0,0.392211672851704
0,0,2013,2013-09-22,181,Main-Taunus,06,Hessen,erststimme,196605,155145,151067,4078,0.789120317387655,cdu,,,,0,,,,0,0,,0,0,,0,,,0,,,0.525283483487459,,0,,,,0,,0,0,,0,,,,,0,0.0428419178245414,,,0,,,,,0.0824336221676475,,,,,,,,0.0420674270356862,,,,,,0,0,,0,0.0117696121588434,0,,0,0,,,0.02468441155249,,0,,0,0,0,,,0.270919525773332,,,,,0,,,,0,0,,,,0,0.525283483487459
0,0,2013,2013-09-22,181,Main-Taunus,06,Hessen,zweitstimme,196605,155145,151919,3226,0.789120317387655,cdu,,,,0.0689183051494547,,,,0,0,,0,0,,0,,,0.000348870121577946,,,0.438378346355624,,0,,,,0,,0.00361376786313759,0,,0,,,,,0,0.0862301621258697,,,0.00797793561042398,,,,,0.0991120268037573,,,,,,,,0.0421672075250627,,,,,,0.000230385929343927,0,,0,0.00660220248948453,0,,0,0,,,0.0182531480591631,,0.00104661036473384,,0.000414694672819068,0,0.00187599971037197,,,0.224830337219176,,,,,0,,,,0,0,,,,0,0.438378346355624
0,0,2013,2013-09-22,182,Frankfurt am Main I,06,Hessen,erststimme,195615,133575,130519,3056,0.682846407484089,cdu,,,,0,,,,0,0,,0,0,,0,,,0.00135612439568185,,,0.401680981313065,,0,,,,0,,0.00719435484488848,0,,0,,,,,0,0.0316045939671619,,,0.0121514875228894,,,,,0.0986446417762931,,,,,,,,0.0787624790260422,,,,,,0,0,,0,0.00879565427255802,0,,0,0,,,0.0234908327523196,,0,,0,0,0.00591484764670278,,,0.330404002482397,,,,,0,,,,0,0,,,,0,0.401680981313065
0,0,2013,2013-09-22,182,Frankfurt am Main I,06,Hessen,zweitstimme,195615,133575,130888,2687,0.682846407484089,cdu,,,,0.0533509565429986,,,,0,0,,0,0,,0,,,0.000649410182751666,,,0.335271377055192,,0,,,,0,,0.00663926410366115,0,,0,,,,,0,0.0703578632112952,,,0.00690666829655889,,,,,0.13292280422957,,,,,,,,0.0892671597090642,,,,,,0.000427846708636391,0,,0,0.00725047368742742,0,,0,0,,,0.0238142534074934,,0.00101613593301143,,0.000473687427418862,0,0.00343805390868529,,,0.268214045596235,,,,,0,,,,0,0,,,,0,0.335271377055192
0,0,2013,2013-09-22,183,Frankfurt am Main II,06,Hessen,erststimme,219357,159914,156977,2937,0.729012522964847,cdu,,,,0.0328392057435166,,,,0,0,,0,0,,0,,,0.000643406358893341,,,0.363136000815406,,0,,,,0,,0.00735776578734464,0,,0,,,,,0,0.0346165361804596,,,0.00629391566917446,,,,,0.134949706007887,,,,,,,,0.0608178268153933,,,,,,0,0,,0,0.00646591538887863,0,,0,0,,,0.0182064888486848,,0,,0,0,0,,,0.304847206915663,,,,,0,,,,0,0,,,,0.0298260254686992,0.363136000815406
0,0,2013,2013-09-22,183,Frankfurt am Main II,06,Hessen,zweitstimme,219357,159914,157013,2901,0.729012522964847,cdu,,,,0.0488430894257163,,,,0,0,,0,0,,0,,,0.000554094246973181,,,0.338812709775624,,0,,,,0,,0.00640711278683931,0,,0,,,,,0,0.0699241464082592,,,0.00593581423194258,,,,,0.153904453771344,,,,,,,,0.0813817964117621,,,,,,0.000343920567086802,0,,0,0.00592307643316159,0,,0,0,,,0.0218198493118404,,0.000796112423812041,,0.000439454057944247,0,0.00149669135676664,,,0.263417678790928,,,,,0,,,,0,0,,,,0,0.338812709775624
0,0,2013,2013-09-22,184,Groß-Gerau,06,Hessen,erststimme,174002,127383,123304,4079,0.732077792209285,cdu,,,,0,,,,0,0,,0,0,,0,,,0,,,0.422427496269383,,0,,,,0,,0,0,,0,,,,,0,0.0201858820476221,,,0,,,,,0.0770615714007656,,,,,,,,0.0620012327256212,,,,,,0,0,,0,0,0,,0,0,,,0.0376224615584247,,0,,0,0,0,,,0.380701355998183,,,,,0,,,,0,0,,,,0,0.422427496269383
0,0,2013,2013-09-22,184,Groß-Gerau,06,Hessen,zweitstimme,174002,127383,123689,3694,0.732077792209285,cdu,,,,0.056100380793765,,,,0,0,,0,0,,0,,,0.000420409252237467,,,0.366960683650122,,0,,,,0,,0.00519852209978252,0,,0,,,,,0,0.0465845790652362,,,0.0083758458715003,,,,,0.106145251396648,,,,,,,,0.0621963149512083,,,,,,0.000614444291731682,0,,0,0.0115612544365303,0,,0,0,,,0.0241654472103421,,0.00161695866245179,,0.000493172392047797,0,0.00411515979593982,,,0.305451576130456,,,,,0,,,,0,0,,,,0,0.366960683650122
0,0,2013,2013-09-22,185,Offenbach,06,Hessen,erststimme,221650,158240,153603,4637,0.713918339724791,cdu,,,,0,,,,0,0,,0,0,,0,,,0,,,0.455264545614344,,0,,,,0,,0,0,,0,,,,,0,0.0284890269070266,,,0.0193225392733215,,,,,0.0816911128037864,,,,,,,,0.0617110342896949,,,,,,0,0,,0,0.0165231147829144,0,,0,0,,,0.0246088943575321,,0,,0,0,0,,,0.312389731971381,,,,,0,,,,0,0,,,,0,0.455264545614344
0,0,2013,2013-09-22,185,Offenbach,06,Hessen,zweitstimme,221650,158240,154250,3990,0.713918339724791,cdu,,,,0.0583079416531605,,,,0,0,,0,0,,0,,,0.000317666126418152,,,0.388363047001621,,0,,,,0,,0.00543922204213938,0,,0,,,,,0,0.0637666126418152,,,0.00947163695299838,,,,,0.106988654781199,,,,,,,,0.0661588330632091,,,,,,0.000259319286871961,0,,0,0.0107811993517018,0,,0,0,,,0.0235137763371151,,0.00145218800648298,,0.000486223662884927,0,0.00405834683954619,,,0.260635332252836,,,,,0,,,,0,0,,,,0,0.388363047001621
0,0,2013,2013-09-22,186,Darmstadt,06,Hessen,erststimme,240017,180790,176597,4193,0.753238312286213,spd,,,,0.0384434616669592,,,,0,0,,0,0,,0,,,0,,,0.358992508366507,,0,,,,0,,0,0,,0,,,,,0,0.0243832001676133,,,0,,,,,0.117238684688868,,,,,,,,0.051592042899936,,,,,,0,0,,0,0.00813717107312129,0,,0,0,,,0.0284999178921499,,0,,0,0,0,,,0.372713013244846,,,,,0,,,,0,0,,,,0,0.358992508366507
0,0,2013,2013-09-22,186,Darmstadt,06,Hessen,zweitstimme,240017,180790,176700,4090,0.753238312286213,spd,,,,0.0518902093944539,,,,0,0,,0,0,,0,,,0.000350877192982456,,,0.349049235993209,,0,,,,0,,0.00560837577815507,0,,0,,,,,0,0.0506225240520656,,,0.00528013582342954,,,,,0.1423259762309,,,,,,,,0.0671533672891907,,,,,,0.000543293718166384,0,,0,0.0076627051499717,0,,0,0,,,0.0311714770797963,,0.000871533672891907,,0.000435766836445954,0,0.00171477079796265,,,0.285319750990379,,,,,0,,,,0,0,,,,0,0.349049235993209
0,0,2013,2013-09-22,187,Odenwald,06,Hessen,erststimme,234360,177273,171250,6023,0.756413210445469,cdu,,,,0,,,,0,0,,0,0,,0,,,0,,,0.469039416058394,,0,,,,0,,0,0,,0,,,,,0,0.0267503649635037,,,0,,,,,0.0692204379562044,,,,,,,,0.0503416058394161,,,,,,0,0,,0,0.0175532846715328,0,,0,0,,,0.0308262773722628,,0,,0,0,0,,,0.336268613138686,,,,,0,,,,0,0,,,,0,0.469039416058394
0,0,2013,2013-09-22,187,Odenwald,06,Hessen,zweitstimme,234360,177273,171832,5441,0.756413210445469,cdu,,,,0.057404907118581,,,,0,0,,0,0,,0,,,0.000587783416360166,,,0.408602588574887,,0,,,,0,,0.00484775827552493,0,,0,,,,,0,0.0521672331114112,,,0.00760626658596769,,,,,0.09055356394618,,,,,,,,0.0550479538153545,,,,,,0.00044229247171656,0,,0,0.0118429628939895,0,,0,0,,,0.0234764188276922,,0.00168187532008008,,0.00048302993621677,0,0.00444620326830858,,,0.28080916243773,,,,,0,,,,0,0,,,,0,0.408602588574887
0,0,2013,2013-09-22,188,Bergstraße,06,Hessen,erststimme,199685,148381,145129,3252,0.743075343666274,cdu,,,,0.0422313941390074,,,,0,0,,0,0,,0,,,0,,,0.483232158975808,,0,,,,0,,0,0,,0,,,,,0,0.0192587284415933,,,0.0110866883944629,,,,,0.0566530465999215,,,,,,,,0.0394821159106726,,,,,,0,0,,0,0.0112658393567102,0,,0,0,,,0.019148481695595,,0,,0,0,0,,,0.31764154648623,,,,,0,,,,0,0,,,,0,0.483232158975808
0,0,2013,2013-09-22,188,Bergstraße,06,Hessen,zweitstimme,199685,148381,144559,3822,0.743075343666274,cdu,,,,0.056267683091333,,,,0,0,,0,0,,0,,,0.000463478579680269,,,0.424304263311174,,0,,,,0,,0.00434424698565983,0,,0,,,,,0,0.055167786163435,,,0.0110819803678775,,,,,0.0866082360835368,,,,,,,,0.0485960749590133,,,,,,0.00022136290372789,0,,0,0.010992051688238,0,,0,0,,,0.0204138102781563,,0.00125900151495237,,0.000428890625972786,0,0.00426815348750337,,,0.27558297995974,,,,,0,,,,0,0,,,,0,0.424304263311174
0,0,2013,2013-09-22,189,Eichsfeld - Nordhausen - Unstrut-Hainich-Kreis I,16,Thüringen,erststimme,196621,134013,132005,2008,0.68158029915421,cdu,,,,0,,,,0,0,,0,0,,0,,,0,,,0.498344759668194,,0,,,,0,,0,0,,0,,,,,0,0.0138252338926556,,,0.0197416764516496,,,,,0.0312791182152191,,,,,,,,0.197651604105905,,,,,,0,0,,0,0.0331123821067384,0.0202340820423469,,0,0,,,0.0204689216317564,,0,,0,0,0,,,0.165342221885535,,,,,0,,,,0,0,,,,0,0.498344759668194
0,0,2013,2013-09-22,189,Eichsfeld - Nordhausen - Unstrut-Hainich-Kreis I,16,Thüringen,zweitstimme,196621,134013,132155,1858,0.68158029915421,cdu,,,,0.0529302712723696,,,,0,0,,0,0,,0,,,0,,,0.448216109870985,,0,,,,0,,0,0,,0,,,,,0,0.0277023192463395,,,0.0180621240210359,,,,,0.0400514547311869,,,,,,,,0.199175210926564,,,,,,0.000779387840036321,0,,0,0.0285044077030759,0.0124550716961144,,0,0,,,0.0179032197041353,,0,,0,0,0.00150580757443911,,,0.152714615413719,,,,,0,,,,0,0,,,,0,0.448216109870985
0,0,2013,2013-09-22,190,Eisenach - Wartburgkreis - Unstrut-Hainich-Kreis II,16,Thüringen,erststimme,192663,129904,127592,2312,0.674255046376315,cdu,,,,0,,,,0,0,,0,0,,0,,,0,,,0.432785754592764,,0,,,,0,,0,0,,0,,,,,0,0.0151028277634961,,,0.0243980813844128,,,,,0.0323609630697849,,,,,,,,0.236848705247978,,,,,,0,0,,0,0.0467819299015612,0,,0,0,,,0.0270393128095805,,0,,0,0,0,,,0.184682425230422,,,,,0,,,,0,0,,,,0,0.432785754592764
0,0,2013,2013-09-22,190,Eisenach - Wartburgkreis - Unstrut-Hainich-Kreis II,16,Thüringen,zweitstimme,192663,129904,127915,1989,0.674255046376315,cdu,,,,0.0493061798850799,,,,0,0,,0,0,,0,,,0,,,0.402157682836258,,0,,,,0,,0,0,,0,,,,,0,0.0244146503537505,,,0.0196145878122191,,,,,0.0400343978423172,,,,,,,,0.225047883360044,,,,,,0.00155572059570809,0,,0,0.0402142047453387,0.00481569792440292,,0,0,,,0.0209670484305984,,0,,0,0,0.00198569362467263,,,0.16988625258961,,,,,0,,,,0,0,,,,0,0.402157682836258
0,0,2013,2013-09-22,191,Kyffhäuserkreis - Sömmerda - Weimarer Land I,16,Thüringen,erststimme,191261,127906,125419,2487,0.668751078369349,cdu,,,,0,,,,0,0,,0,0,,0,,,0,,,0.433347419450004,,0,,,,0,,0,0,,0,,,,,0,0.0179637853913681,,,0,,,,,0.0314784841212256,,,,,,,,0.265023640756185,,,,,,0,0,,0,0.0447220915491273,0,,0,0,,,0.0362863680941484,,0,,0,0,0,,,0.171178210637942,,,,,0,,,,0,0,,,,0,0.433347419450004
0,0,2013,2013-09-22,191,Kyffhäuserkreis - Sömmerda - Weimarer Land I,16,Thüringen,zweitstimme,191261,127906,125623,2283,0.668751078369349,cdu,,,,0.0573063849772733,,,,0,0,,0,0,,0,,,0,,,0.390844033337844,,0,,,,0,,0,0,,0,,,,,0,0.029230316104535,,,0.0152360634597168,,,,,0.0376841820367289,,,,,,,,0.245345199525565,,,,,,0.00116220755753325,0,,0,0.0369757130461778,0.00521401335742659,,0,0,,,0.024446160336881,,0,,0,0,0.0024040183724318,,,0.154151707887887,,,,,0,,,,0,0,,,,0,0.390844033337844
0,0,2013,2013-09-22,192,Gotha - Ilm-Kreis,16,Thüringen,erststimme,205859,141461,139073,2388,0.68717423090562,cdu,,,,0.0579767460254686,,,,0,0,,0,0,,0,,,0,,,0.372904877294658,,0,,,,0,,0,0,,0,,,,,0,0.0135108899642634,,,0.0148626980075212,,,,,0.029603158053684,,,,,,,,0.201440969850366,,,,,,0,0,,0,0.0337161059299792,0,,0,0,,,0.0262883521603762,,0,,0,0,0,,,0.249696202713683,,,,,0,,,,0,0,,,,0,0.372904877294658
0,0,2013,2013-09-22,192,Gotha - Ilm-Kreis,16,Thüringen,zweitstimme,205859,141461,139092,2369,0.68717423090562,cdu,,,,0.0741164121588589,,,,0,0,,0,0,,0,,,0,,,0.382451902338021,,0,,,,0,,0,0,,0,,,,,0,0.0235815143933512,,,0.014946941592615,,,,,0.0461133638167544,,,,,,,,0.221134213326431,,,,,,0.00130848646938717,0,,0,0.0317487705978777,0.00527708279412188,,0,0,,,0.0256377074166739,,0,,0,0,0.00246599373076812,,,0.17121761136514,,,,,0,,,,0,0,,,,0,0.382451902338021
0,0,2013,2013-09-22,193,Erfurt - Weimar - Weimarer Land II,16,Thüringen,erststimme,224121,156367,153678,2689,0.697690087051191,cdu,,,,0,,,,0,0,,0,0,,0,,,0,,,0.370853342703575,,0,,,,0,,0,0,,0,,,,,0,0.0115891669594867,,,0.0175626960267572,,,,,0.0595465844167675,,,,,,,,0.233715951535028,,,,,,0,0,,0,0.0310649539947162,0,,0,0,,,0.036895326591965,,0,,0,0,0,,,0.238771977771704,,,,,0,,,,0,0,,,,0,0.370853342703575
0,0,2013,2013-09-22,193,Erfurt - Weimar - Weimarer Land II,16,Thüringen,zweitstimme,224121,156367,154106,2261,0.697690087051191,cdu,,,,0.0605297652265324,,,,0,0,,0,0,,0,,,0,,,0.344717272526702,,0,,,,0,,0,0,,0,,,,,0,0.0260534956458542,,,0.0130559485029785,,,,,0.0851686501498968,,,,,,,,0.229848286244533,,,,,,0.00160928192283234,0,,0,0.0230620482005892,0.00652148521147781,,0,0,,,0.031465355015379,,0,,0,0,0.00173257368304933,,,0.176235837670175,,,,,0,,,,0,0,,,,0,0.344717272526702
0,0,2013,2013-09-22,194,Gera - Jena - Saale-Holzland-Kreis,16,Thüringen,erststimme,238320,168091,165521,2570,0.705316381336019,cdu,,,,0.0551349979760876,,,,0,0,,0,0,,0,,,0,,,0.360866596987693,,0,,,,0,,0,0,,0,,,,,0,0.0166444136997722,,,0.00819231396620369,,,,,0.0475045462509289,,,,,,,,0.269796581702624,,,,,,0,0,,0,0.0255254620259665,0.00718337854411223,,0.00212057684523414,0,,,0.0239123736565149,,0,,0,0,0,,,0.183118758344863,,,,,0,,,,0,0,,,,0,0.360866596987693
0,0,2013,2013-09-22,194,Gera - Jena - Saale-Holzland-Kreis,16,Thüringen,zweitstimme,238320,168091,165579,2512,0.705316381336019,cdu,,,,0.0663610723582097,,,,0,0,,0,0,,0,,,0,,,0.348413748120233,,0,,,,0,,0,0,,0,,,,,0,0.0281013896689798,,,0.00905308040270807,,,,,0.0690606900633534,,,,,,,,0.255871819494018,,,,,,0.0014554985837576,0,,0,0.0263620386643234,0.00660107863919942,,0,0,,,0.0281980202803496,,0,,0,0,0.00181182396318374,,,0.158709739761685,,,,,0,,,,0,0,,,,0,0.348413748120233
0,0,2013,2013-09-22,195,Greiz - Altenburger Land,16,Thüringen,erststimme,170746,115990,113701,2289,0.679313131786396,cdu,,,,0.0597356223779914,,,,0,0,,0,0,,0,,,0,,,0.448659202645535,,0,,,,0,,0,0,,0,,,,,0,0.0157518403532071,,,0,,,,,0.0282407366689827,,,,,,,,0.242979393321079,,,,,,0,0,,0,0.036824654136727,0,,0,0,,,0.0282055566793608,,0,,0,0,0,,,0.139602993817117,,,,,0,,,,0,0,,,,0,0.448659202645535
0,0,2013,2013-09-22,195,Greiz - Altenburger Land,16,Thüringen,zweitstimme,170746,115990,113873,2117,0.679313131786396,cdu,,,,0.0748465395660077,,,,0,0,,0,0,,0,,,0,,,0.417833902681057,,0,,,,0,,0,0,,0,,,,,0,0.0266261536975402,,,0.0103360761550148,,,,,0.0337393411958937,,,,,,,,0.229843773326425,,,,,,0.00107136898123348,0,,0,0.0340379194365653,0.00518999235990972,,0,0,,,0.0216205773098101,,0,,0,0,0.0024764430549823,,,0.142377912235561,,,,,0,,,,0,0,,,,0,0.417833902681057
0,0,2013,2013-09-22,196,Sonneberg - Saalfeld-Rudolstadt - Saale-Orla-Kreis,16,Thüringen,erststimme,218597,147040,143863,3177,0.672653330100596,cdu,,,,0,,,,0,0,,0,0,,0,,,0,,,0.41117591041477,,0,,,,0,,0,0,,0,,,,,0,0.0227925178815957,,,0,,,,,0.0394403008417731,,,,,,,,0.263500691630232,,,,,,0.00580413309885099,0,,0,0.0517158685694028,0,,0,0,,,0,,0,,0,0,0,,,0.198251113906981,,,,,0,,,,0,0,,,,0.00731946365639532,0.41117591041477
0,0,2013,2013-09-22,196,Sonneberg - Saalfeld-Rudolstadt - Saale-Orla-Kreis,16,Thüringen,zweitstimme,218597,147040,144656,2384,0.672653330100596,cdu,,,,0.0677953213140139,,,,0,0,,0,0,,0,,,0,,,0.379237639641633,,0,,,,0,,0,0,,0,,,,,0,0.0245548058843048,,,0.014275246101095,,,,,0.037620285366663,,,,,,,,0.247615031523062,,,,,,0.00241262028536666,0,,0,0.0365833425506028,0.00618709213582568,,0,0,,,0.0223357482579361,,0,,0,0,0.00237114257272426,,,0.159011724366774,,,,,0,,,,0,0,,,,0,0.379237639641633
0,0,2013,2013-09-22,197,Suhl - Schmalkalden-Meiningen - Hildburghausen,16,Thüringen,erststimme,196071,130631,128532,2099,0.666243350622989,cdu,,,,0,,,,0,0,,0,0,,0,,,0,,,0.419965456073196,,0,,,,0,,0,0,,0,,,,,0,0.0139420533408023,,,0.0158170727912115,,,,,0.0288177263249619,,,,,,,,0.273449413375657,,,,,,0,0,,0,0.0371269411508418,0,,0,0,,,0.0278996670089939,,0,,0,0,0,,,0.182981669934335,,,,,0,,,,0,0,,,,0,0.419965456073196
0,0,2013,2013-09-22,197,Suhl - Schmalkalden-Meiningen - Hildburghausen,16,Thüringen,zweitstimme,196071,130631,128694,1937,0.666243350622989,cdu,,,,0.05095031625406,,,,0,0,,0,0,,0,,,0,,,0.396755093477551,,0,,,,0,,0,0,,0,,,,,0,0.0241891618878891,,,0.0153153993193156,,,,,0.0396677389777301,,,,,,,,0.249794085194337,,,,,,0.00119663698385317,0,,0,0.0314544578612834,0.00516729606663869,,0,0,,,0.0202262731751286,,0,,0,0,0.00235442211758124,,,0.162929118684632,,,,,0,,,,0,0,,,,0,0.396755093477551
0,0,2013,2013-09-22,198,Neuwied,07,Rheinland-Pfalz,erststimme,240333,173536,170289,3247,0.722064801754233,cdu,,,,0,,,,0,0,,0,0,,0,,,0,,,0.468527033454891,,0,,,,0,,0,0,,0,,,,,0,0.0229374768775435,,,0.0182865599069817,,,,,0.0398087956356547,,,,,,,,0.0449529916788518,,,,,,0,0,,0,0.0127958940389573,0,,0,0,,,0.0200717603603286,,0,,0,0,0,,,0.372619488046791,,,,,0,,,,0,0,,,,0,0.468527033454891
0,0,2013,2013-09-22,198,Neuwied,07,Rheinland-Pfalz,zweitstimme,240333,173536,171156,2380,0.722064801754233,cdu,,,,0.0511755357685386,,,,0,0,,0,0,,0,,,0,,,0.455753815232887,,0,,,,0,,0,0,,0,,,,,0,0.046875365163944,,,0.00968122648344201,,,,,0.0622882049124775,,,,,,,,0.0523791161279768,,,,,,0.000397298371076679,0,,0,0.00940662319755077,0.00188132463951015,,0.00206828857884036,0,,,0.0189826824651195,,0.00207413120194443,,0,0,0.00153076725326603,,,0.285505620603426,,,,,0,,,,0,0,,,,0,0.455753815232887
0,0,2013,2013-09-22,199,Ahrweiler,07,Rheinland-Pfalz,erststimme,195077,142594,139491,3103,0.730962645519462,cdu,,,,0,,,,0,0,,0,0,,0,,,0,,,0.554723960685636,,0,,,,0,,0,0,,0,,,,,0,0.0237506362417647,,,0,,,,,0.0560107820576238,,,,,,,,0.0445978593601021,,,,,,0,0,,0,0,0.0103160777397825,,0,0,,,0.0305037600992179,,0,,0,0,0,,,0.280096923815873,,,,,0,,,,0,0,,,,0,0.554723960685636
0,0,2013,2013-09-22,199,Ahrweiler,07,Rheinland-Pfalz,zweitstimme,195077,142594,140660,1934,0.730962645519462,cdu,,,,0.0520972557941135,,,,0,0,,0,0,,0,,,0,,,0.488269586236315,,0,,,,0,,0,0,,0,,,,,0,0.0561424712071662,,,0.00660457841603868,,,,,0.0660244561353619,,,,,,,,0.0467012654628181,,,,,,0.000241717616948671,0,,0,0.00758566756718328,0.0039456846296033,,0.00185553817716479,0,,,0.0207592776908858,,0.00185553817716479,,0,0,0.00150718043509171,,,0.246409782454145,,,,,0,,,,0,0,,,,0,0.488269586236315
0,0,2013,2013-09-22,200,Koblenz,07,Rheinland-Pfalz,erststimme,198113,142888,139695,3193,0.721244946066134,cdu,,,,0,,,,0,0,,0,0,,0,,,0,,,0.479945595762196,,0,,,,0,,0,0,,0,,,,,0,0.0270016822363005,,,0.0268084040230502,,,,,0.0800601309996779,,,,,,,,0.049400479616307,,,,,,0,0,,0,0,0,,0,0,,,0.0282973621103118,,0,,0,0,0,,,0.308486345252156,,,,,0,,,,0,0,,,,0,0.479945595762196
0,0,2013,2013-09-22,200,Koblenz,07,Rheinland-Pfalz,zweitstimme,198113,142888,140863,2025,0.721244946066134,cdu,,,,0.0470315128884093,,,,0,0,,0,0,,0,,,0,,,0.450274380071417,,0,,,,0,,0,0,,0,,,,,0,0.0539176362849009,,,0.0121678510325636,,,,,0.0770464919815708,,,,,,,,0.0522351504653458,,,,,,0.000205873792266245,0,,0,0.00665895231537025,0.0023001071963539,,0.00176057587869064,0,,,0.0218155228839369,,0.0020019451523821,,0,0,0.00124944094616755,,,0.271334559110625,,,,,0,,,,0,0,,,,0,0.450274380071417
0,0,2013,2013-09-22,201,Mosel/Rhein-Hunsrück,07,Rheinland-Pfalz,erststimme,175441,129262,126151,3111,0.736783306068707,cdu,,,,0,,,,0,0,,0,0,,0,,,0,,,0.536325514661002,,0,,,,0,,0,0,,0,,,,,0,0.0316287623562239,,,0.0310580177723522,,,,,0.0402929822197208,,,,,,,,0.0447638147933825,,,,,,0,0,,0,0.0100910813231762,0.00657941673074332,,0,0,,,0.0206577831329121,,0,,0,0,0,,,0.278602627010487,,,,,0,,,,0,0,,,,0,0.536325514661002
0,0,2013,2013-09-22,201,Mosel/Rhein-Hunsrück,07,Rheinland-Pfalz,zweitstimme,175441,129262,126952,2310,0.736783306068707,cdu,,,,0.0419292330959733,,,,0,0,,0,0,,0,,,0,,,0.49391108450438,,0,,,,0,,0,0,,0,,,,,0,0.0626063394038692,,,0.0133751339088789,,,,,0.0571633373243431,,,,,,,,0.0483568592853992,,,,,,0.000283571743651144,0,,0,0.00832598147331275,0.00375732560337765,,0.0025048837355851,0,,,0.0185266872518747,,0.00222131199193396,,0,0,0.00126031886067175,,,0.24577793181675,,,,,0,,,,0,0,,,,0,0.49391108450438
0,0,2013,2013-09-22,202,Kreuznach,07,Rheinland-Pfalz,erststimme,187473,132299,128890,3409,0.705696286931985,cdu,,,,0,,,,0,0,,0,0,,0,,,0,,,0.413717123128249,,0,,,,0,,0,0,,0,,,,,0,0.0292264721855846,,,0.0402979284661339,,,,,0.0444797889673365,,,,,,,,0.0518892078516565,,,,,,0,0,,0,0.0137481573434712,0,,0,0,,,0.0232446272014896,,0,,0,0,0,,,0.376452789200093,,,,,0,,,,0,0,,,,0.00694390565598572,0.413717123128249
0,0,2013,2013-09-22,202,Kreuznach,07,Rheinland-Pfalz,zweitstimme,187473,132299,129804,2495,0.705696286931985,cdu,,,,0.0476102431358048,,,,0,0,,0,0,,0,,,0,,,0.410888724538535,,0,,,,0,,0,0,,0,,,,,0,0.0557455856522141,,,0.013443345351453,,,,,0.0633339496471603,,,,,,,,0.0576638624387538,,,,,,0.000246525530800284,0,,0,0.0110474253489877,0.00194909247788974,,0.00218021016301501,0,,,0.0184431912729962,,0.00221872977720255,,0,0,0.00161782379587686,,,0.313611290869311,,,,,0,,,,0,0,,,,0,0.410888724538535
0,0,2013,2013-09-22,203,Bitburg,07,Rheinland-Pfalz,erststimme,166313,119298,116592,2706,0.717310132100317,cdu,,,,0,,,,0,0,,0,0,,0,,,0,,,0.559661040208591,,0,,,,0,,0,0,,0,,,,,0,0.032652326060107,,,0.024658638671607,,,,,0.0495317002881844,,,,,,,,0.0331669411280362,,,,,,0,0,,0,0.00911726362014547,0.0036794977356937,,0.00723034170440511,0,,,0.0177370660079594,,0,,0,0,0,,,0.262565184575271,,,,,0,,,,0,0,,,,0,0.559661040208591
0,0,2013,2013-09-22,203,Bitburg,07,Rheinland-Pfalz,zweitstimme,166313,119298,117267,2031,0.717310132100317,cdu,,,,0.0363614657149923,,,,0,0,,0,0,,0,,,0,,,0.52181773218382,,0,,,,0,,0,0,,0,,,,,0,0.0608525842734955,,,0.0164155303708631,,,,,0.0610998831725891,,,,,,,,0.0437804326877979,,,,,,0.000281409092071938,0,,0,0.00770890361312219,0.00260090221460428,,0.00469015153453231,0,,,0.0184109766601005,,0.00150084849105034,,0,0,0.00115121901302157,,,0.223327960977939,,,,,0,,,,0,0,,,,0,0.52181773218382
0,0,2013,2013-09-22,204,Trier,07,Rheinland-Pfalz,erststimme,193803,141134,137813,3321,0.728234341057672,cdu,,,,0,,,,0,0,,0,0,,0,,,0,,,0.488205031455668,,0,,,,0,,0.00690791144521925,0,,0,,,,,0,0.0192724924354016,,,0.011994514305617,,,,,0.0693330817847373,,,,,,,,0.0557784824363449,,,,,,0,0,,0,0.00933874162814829,0,,0,0,,,0.0280307373034474,,0,,0,0,0,,,0.311139007205416,,,,,0,,,,0,0,,,,0,0.488205031455668
0,0,2013,2013-09-22,204,Trier,07,Rheinland-Pfalz,zweitstimme,193803,141134,138524,2610,0.728234341057672,cdu,,,,0.0414079870636135,,,,0,0,,0,0,,0,,,0,,,0.439699979786896,,0,,,,0,,0,0,,0,,,,,0,0.0493849441252058,,,0.00930524674424648,,,,,0.0949799312754469,,,,,,,,0.0627183737114146,,,,,,0.000548641390661546,0,,0,0.00752938119026306,0.00209350004331379,,0.00193468279864861,0,,,0.0253241315584303,,0.00124888106032168,,0,0,0.000981779330657503,,,0.26284253992088,,,,,0,,,,0,0,,,,0,0.439699979786896
0,0,2013,2013-09-22,205,Montabaur,07,Rheinland-Pfalz,erststimme,211010,155100,151773,3327,0.735036254205962,cdu,,,,0,,,,0,0,,0,0,,0,,,0,,,0.493414507191661,,0,,,,0,,0,0,,0,,,,,0,0.0244707556680042,,,0.0250110362185632,,,,,0.0593913278382848,,,,,,,,0.0475512772363991,,,,,,0,0,,0,0.0154243508397409,0,,0,0,,,0.0244246341575906,,0,,0,0,0,,,0.310312110849756,,,,,0,,,,0,0,,,,0,0.493414507191661
0,0,2013,2013-09-22,205,Montabaur,07,Rheinland-Pfalz,zweitstimme,211010,155100,152831,2269,0.735036254205962,cdu,,,,0.0512396045304945,,,,0,0,,0,0,,0,,,0,,,0.45225772258246,,0,,,,0,,0,0,,0,,,,,0,0.052306142078505,,,0.0127264756495737,,,,,0.0631154674117162,,,,,,,,0.0505394847903894,,,,,,0.000503824485870013,0,,0,0.0111561136156932,0.00190406396608018,,0.00206764334460941,0,,,0.0203100156381886,,0.0019629525423507,,0,0,0.00182554586438615,,,0.278084943499683,,,,,0,,,,0,0,,,,0,0.45225772258246
0,0,2013,2013-09-22,206,Mainz,07,Rheinland-Pfalz,erststimme,256317,196076,192493,3583,0.764974621269756,cdu,,,,0,,,,0,0,,0,0,,0,,,0.00148576831365296,,,0.40149511930304,,0,,,,0,,0,0,,0,,,,,0,0.0500433782007657,,,0.0135537396165055,,,,,0.1004659909711,,,,,,,,0.0434249557126753,,,,,,0,0,,0,0,0.009449694274597,,0.00431184510605581,0,,,0.0268269495514123,,0,,0,0,0,,,0.348942558950196,,,,,0,,,,0,0,,,,0,0.40149511930304
0,0,2013,2013-09-22,206,Mainz,07,Rheinland-Pfalz,zweitstimme,256317,196076,193553,2523,0.764974621269756,cdu,,,,0.0455430812232309,,,,0,0,,0,0,,0,,,0,,,0.384349506336766,,0,,,,0,,0,0,,0,,,,,0,0.0655531043176804,,,0.0073468249006732,,,,,0.130915046524725,,,,,,,,0.0550340216891497,,,,,,0.000371991134211301,0,,0,0.00547653614255527,0.00678883819935625,,0.00251094015592628,0,,,0.0247942424038894,,0.00175145825691154,,0,0,0.00289843092072972,,,0.266665977794196,,,,,0,,,,0,0,,,,0,0.384349506336766
0,0,2013,2013-09-22,207,Worms,07,Rheinland-Pfalz,erststimme,201931,148928,145975,2953,0.737519251625555,cdu,,,,0.0432676828224011,,,,0,0,,0,0,,0,,,0,,,0.420188388422675,,0,,,,0,,0,0,,0,,,,,0,0.0250179825312554,,,0.0123993834560712,,,,,0.0555643089570132,,,,,,,,0.0367117657133071,,,,,,0,0,,0,0.014249015242336,0.00434320945367357,,0,0,,,0.0186881315293715,,0,,0,0,0,,,0.369570131871896,,,,,0,,,,0,0,,,,0,0.420188388422675
0,0,2013,2013-09-22,207,Worms,07,Rheinland-Pfalz,zweitstimme,201931,148928,146358,2570,0.737519251625555,cdu,,,,0.0559450115470285,,,,0,0,,0,0,,0,,,0,,,0.393692179450389,,0,,,,0,,0,0,,0,,,,,0,0.0591494827751131,,,0.0108979351999891,,,,,0.0838150289017341,,,,,,,,0.0505472881564383,,,,,,0.000280135011410377,0,,0,0.014457699613277,0.00339578294319409,,0.00244605692890037,0,,,0.0214405772147747,,0.00183795897730223,,0,0,0.00371691332212793,,,0.298377949958321,,,,,0,,,,0,0,,,,0,0.393692179450389
0,0,2013,2013-09-22,208,Ludwigshafen/Frankenthal,07,Rheinland-Pfalz,erststimme,217129,155005,151762,3243,0.713884372884322,cdu,,,,0,,,,0,0,,0,0,,0,,,0,,,0.433217801557702,,0,,,,0,,0,0,,0,,,,,0,0.0248612959765949,,,0.0259551139283879,,,,,0.0477524017870086,,,,,,,,0.0492613434193013,,,,,,0.00185158340032419,0,,0,0.0175669798763854,0,,0,0,,,0.0275365374731488,,0,,0,0,0.0161568772156403,,,0.355840065365507,,,,,0,,,,0,0,,,,0,0.433217801557702
0,0,2013,2013-09-22,208,Ludwigshafen/Frankenthal,07,Rheinland-Pfalz,zweitstimme,217129,155005,152420,2585,0.713884372884322,cdu,,,,0.0605169925206666,,,,0,0,,0,0,,0,,,0,,,0.389876656606745,,0,,,,0,,0,0,,0,,,,,0,0.0521716310195512,,,0.01418449022438,,,,,0.0724445610812229,,,,,,,,0.0560162708305997,,,,,,0.000971001180947382,0,,0,0.0142829025062328,0.00185671171762236,,0.00289332108647159,0,,,0.0254428552683375,,0.00228316493898439,,0,0,0.0118160346411232,,,0.295243406377116,,,,,0,,,,0,0,,,,0,0.389876656606745
0,0,2013,2013-09-22,209,Neustadt - Speyer,07,Rheinland-Pfalz,erststimme,220643,165435,161570,3865,0.749785853165521,cdu,,,,0,,,,0,0,,0,0,,0,,,0,,,0.478708918734914,,0,,,,0,,0,0,,0,,,,,0.00680200532277032,0.0269542613108869,,,0.0280250046419509,,,,,0.080794701986755,,,,,,,,0.0448350560128737,,,,,,0,0,,0,0.0168843225846382,0,,0.0050194961936003,0,,,0.0259268428544903,,0,,0,0,0,,,0.286049390357121,,,,,0,,,,0,0,,,,0,0.478708918734914
0,0,2013,2013-09-22,209,Neustadt - Speyer,07,Rheinland-Pfalz,zweitstimme,220643,165435,162803,2632,0.749785853165521,cdu,,,,0.0491084316628072,,,,0,0,,0,0,,0,,,0,,,0.436552151987371,,0,,,,0,,0,0,,0,,,,,0,0.0573515230063328,,,0.0174136840230217,,,,,0.0854713979472123,,,,,,,,0.0483467749365798,,,,,,0.000276407682905106,0,,0,0.0109211746712284,0.00262280179112179,,0.003753002094556,0,,,0.0224811582096153,,0.00203927446054434,,0,0,0.00579227655510034,,,0.257869940971604,,,,,0,,,,0,0,,,,0,0.436552151987371
0,0,2013,2013-09-22,210,Kaiserslautern,07,Rheinland-Pfalz,erststimme,232164,163010,158986,4024,0.702132974965972,spd,,,,0,,,,0,0,,0,0,,0,,,0,,,0.371642786157272,,0,,,,0,,0,0,,0,,,,,0.0119255783528109,0.0225428654095329,,,0.0260714779917729,,,,,0.0531241744556125,,,,,,,,0.0743021398110526,,,,,,0,0,,0,0.0248638244876907,0,,0,0,,,0.0302542362220573,,0,,0,0,0,,,0.385272917112199,,,,,0,,,,0,0,,,,0,0.371642786157272
0,0,2013,2013-09-22,210,Kaiserslautern,07,Rheinland-Pfalz,zweitstimme,232164,163010,159868,3142,0.702132974965972,spd,,,,0.0444178947631796,,,,0,0,,0,0,,0,,,0,,,0.358896089273651,,0,,,,0,,0,0,,0,,,,,0,0.0457564991117672,,,0.0189593914979858,,,,,0.0714964845997948,,,,,,,,0.0757312282633173,,,,,,0.000344033827908024,0,,0,0.0192658943628494,0.00202041684389621,,0.00334651087146896,0,,,0.0267595766507369,,0.00259589161057873,,0,0,0.0036279930943028,,,0.326782095228564,,,,,0,,,,0,0,,,,0,0.358896089273651
0,0,2013,2013-09-22,211,Pirmasens,07,Rheinland-Pfalz,erststimme,180540,128753,124668,4085,0.713154979505927,cdu,,,,0,,,,0,0,,0,0,,0,,,0,,,0.45882664356531,,0,,,,0,,0,0,,0,,,,,0,0.0276414155998332,,,0.0290772291205442,,,,,0.0405797798954022,,,,,,,,0.0600474861231431,,,,,,0,0,,0,0.0194837488369108,0,,0,0,,,0.0266788590496358,,0,,0,0,0.0153688195848173,,,0.322296018224404,,,,,0,,,,0,0,,,,0,0.45882664356531
0,0,2013,2013-09-22,211,Pirmasens,07,Rheinland-Pfalz,zweitstimme,180540,128753,125594,3159,0.713154979505927,cdu,,,,0.0434813764988773,,,,0,0,,0,0,,0,,,0,,,0.436939662722742,,0,,,,0,,0,0,,0,,,,,0,0.0505119671321878,,,0.0162905871299584,,,,,0.0474544962338965,,,,,,,,0.0650668025542622,,,,,,0.000334410879500613,0,,0,0.0173415927512461,0.00212589773396818,,0.00384572511425705,0,,,0.0243721833845566,,0.00224533019093269,,0,0,0.010454321066293,,,0.279535646607322,,,,,0,,,,0,0,,,,0,0.436939662722742
0,0,2013,2013-09-22,212,Südpfalz,07,Rheinland-Pfalz,erststimme,216137,158661,155116,3545,0.734076072120923,cdu,,,,0,,,,0,0,,0,0,,0,,,0,,,0.488331313339694,,0,,,,0,,0,0,,0,,,,,0,0.040079682302277,,,0.0203654039557492,,,,,0.0713272647566982,,,,,,,,0.0406663400293974,,,,,,0,0,,0,0.0134222130534568,0.0060599809175069,,0,0,,,0.029706800072204,,0,,0,0,0.0103470950772325,,,0.279693906495784,,,,,0,,,,0,0,,,,0,0.488331313339694
0,0,2013,2013-09-22,212,Südpfalz,07,Rheinland-Pfalz,zweitstimme,216137,158661,155844,2817,0.734076072120923,cdu,,,,0.0486640486640487,,,,0,0,,0,0,,0,,,0,,,0.42685634352301,,0,,,,0,,0,0,,0,,,,,0,0.0620941454274788,,,0.0138985138985139,,,,,0.0845204178537512,,,,,,,,0.048368881702215,,,,,,0.000455583788917122,0,,0,0.0117617617617618,0.00423500423500424,,0.0026308359641693,0,,,0.0262506095839429,,0.00223941890608557,,0,0,0.00791175791175791,,,0.260112676779344,,,,,0,,,,0,0,,,,0,0.42685634352301
0,0,2013,2013-09-22,213,Altötting,09,Bayern,erststimme,167160,111846,110861,985,0.669095477386935,csu,,,,0.0330954979659213,,,,0,0,,0,0,,0,,,0.00349987822588647,,,0,,0.657715517630186,,,,0,,0,0,,0,,,,,0,0.0206835586906126,,,0.0346469903753349,,,,,0.0543924373765346,,,,,,,,0.0255455029270889,,,,,,0,0,,0,0,0,,0,0,,,0.0209090663082599,,0,,0,0,0,,,0.143612271222522,,,,,0,,,,0.005899279277654,0,,,,0,0.657715517630186
0,0,2013,2013-09-22,213,Altötting,09,Bayern,zweitstimme,167160,111846,110861,985,0.669095477386935,csu,,,,0.0405552899576948,,,,0,0,,0,0.0133951524882511,,0.000351791883529826,,,0.00104635534588358,,,0,,0.586301765273631,,,,0.0019213249023552,,0,0,,0,,,,,0,0.0393736300412228,,,0.0260145587717953,,,,,0.0576758282894796,,,,,,,,0.0292348075517991,,,,,,0.000135304570588394,0,,0,0.00633225390353686,0.0121683910482496,,0.00122676144000144,0,,,0.0171566195506084,,0.000712604071765544,,0,0,0.00487998484588809,,,0.151514058144884,,,,,0.00684641127177276,,,,0.00315710664706254,0,,,,0,0.586301765273631
0,0,2013,2013-09-22,214,Erding - Ebersberg,09,Bayern,erststimme,192385,143626,142543,1083,0.746555084855888,csu,,,,0.0447935009084978,,,,0,0,,0,0.019580056544341,,0.00124874599243737,,,0,,,0,,0.554155588138316,,,,0,,0,0,,0,,,,,0,0.021923209136892,,,0.038367369846292,,,,,0.0798145121121346,,,,,,,,0.0260412647411658,,,,,,0,0.00203447380790358,,0,0,0.0209901573560259,,0,0,,,0,,0,,0,0,0,,,0.191051121415994,,,,,0,,,,0,0,,,,0,0.554155588138316
0,0,2013,2013-09-22,214,Erding - Ebersberg,09,Bayern,zweitstimme,192385,143626,142697,929,0.746555084855888,csu,,,,0.0518230936880243,,,,0,0,,0,0.0152561020904434,,0.000833934840956712,,,0.000217243529997127,,,0,,0.510522295493248,,,,0.00173094038417066,,0,0,,0,,,,,0,0.0513115202141601,,,0.0311359033476527,,,,,0.0882078810346398,,,,,,,,0.0292788215589676,,,,,,0.000175196395158973,0,,0,0.00425376847445987,0.0138475230733652,,0.000805903417731277,0,,,0.0182975115104032,,0.000644722734185021,,0,0,0.00737226430828959,,,0.165875946936516,,,,,0.00721108362474334,,,,0.00119834334288738,0,,,,0,0.510522295493248
0,0,2013,2013-09-22,215,Freising,09,Bayern,erststimme,216717,155881,154442,1439,0.719283674100324,csu,,,,0.03791067196747,,,,0,0,,0,0,,0,,,0,,,0,,0.529188951192033,,,,0,,0,0,,0,,,,,0,0.024954351795496,,,0.0461208738555574,,,,,0.117642869167713,,,,,,,,0.0287486564535554,,,,,,0,0,,0,0,0.0166276013001645,,0,0,,,0.0229147511687235,,0,,0,0,0,,,0.175891273099286,,,,,0,,,,0,0,,,,0,0.529188951192033
0,0,2013,2013-09-22,215,Freising,09,Bayern,zweitstimme,216717,155881,154775,1106,0.719283674100324,csu,,,,0.0479664028428364,,,,0,0,,0,0.0129865934420934,,0.000284283637538362,,,0.00018736876110483,,,0,,0.509927313842675,,,,0.00170570182523017,,0,0,,0,,,,,0,0.0468292682926829,,,0.0373445323857212,,,,,0.0929736714585689,,,,,,,,0.0324987885640446,,,,,,0.000167985785818123,0,,0,0.00763043127120013,0.0123598772411565,,0.000956226780810854,0,,,0.0203973509933775,,0.000794701986754967,,0,0,0.00323049588111775,,,0.163094815054111,,,,,0.00745598449361977,,,,0.00120820545953804,0,,,,0,0.509927313842675
0,0,2013,2013-09-22,216,Fürstenfeldbruck,09,Bayern,erststimme,251146,188417,187040,1377,0.75022895049095,csu,,,,0.0463644140290847,,,,0,0,,0,0,,0,,,0,,,0,,0.55551753635586,,,,0,,0,0,,0,,,,,0,0.0224337040205304,,,0.0321268177929855,,,,,0.0776037211291702,,,,,,,,0.0272455089820359,,,,,,0,0,,0,0,0.0150449101796407,,0,0,,,0.0227705303678358,,0,,0,0,0,,,0.200892857142857,,,,,0,,,,0,0,,,,0,0.55551753635586
0,0,2013,2013-09-22,216,Fürstenfeldbruck,09,Bayern,zweitstimme,251146,188417,187253,1164,0.75022895049095,csu,,,,0.0523729926890357,,,,0,0,,0,0.011140008437782,,0.000331102839473867,,,0.000122828472708047,,,0,,0.504440516306815,,,,0.00146860130411796,,0,0,,0,,,,,0,0.0504931830197647,,,0.0269742006803629,,,,,0.088575349927638,,,,,,,,0.030498843810246,,,,,,0.00021361473514443,0,,0,0.00481167190912829,0.0109797973864237,,0.000752991941384117,0,,,0.0192199857946201,,0.000859799308956332,,0,0,0.00288379892444981,,,0.185097168002649,,,,,0.00748185609843367,,,,0.00128168841086658,0,,,,0,0.504440516306815
0,0,2013,2013-09-22,217,Ingolstadt,09,Bayern,erststimme,254661,174710,173332,1378,0.686049296908439,csu,,,,0.0281425241732629,,,,0,0,,0,0,,0,,,0,,,0,,0.615397041515704,,,,0,,0.00354810421618628,0,,0,,,,,0,0.0200251540396465,,,0.0300290771467473,,,,,0.065423580181386,,,,,,,,0.0389714536265664,,,,,,0,0,,0,0,0.0128308679297533,,0,0,,,0.0208559296609974,,0,,0,0,0,,,0.16477626750975,,,,,0,,,,0,0,,,,0,0.615397041515704
0,0,2013,2013-09-22,217,Ingolstadt,09,Bayern,zweitstimme,254661,174710,173199,1511,0.686049296908439,csu,,,,0.0351560921252432,,,,0,0,,0,0.0103695748820721,,0.00036374343962725,,,0.000132795223990901,,,0,,0.558917776661528,,,,0.00153580563398172,,0,0,,0,,,,,0,0.0427658358304609,,,0.0295267293691072,,,,,0.0620788803630506,,,,,,,,0.0355833463241705,,,,,,0.000155890045554536,0,,0,0.00849889433541764,0.0114665789063447,,0.00101617214879994,0,,,0.0178696181848625,,0.000600465360654507,,0,0,0.00419748381919064,,,0.172518317080353,,,,,0.00612590141975416,,,,0.00112009884583629,0,,,,0,0.558917776661528
0,0,2013,2013-09-22,218,München-Nord,09,Bayern,erststimme,225557,155942,154757,1185,0.691364045451926,csu,,,,0,,,,0,0,,0,0,,0,,,0.00147327746079337,,,0,,0.432484475661844,,,,0,,0,0,,0,,,,,0,0.0371485619390399,,,0.0189716781793392,,,,,0.103142345742034,,,,,,,,0.0369740948713144,,,,,,0.00105972589285137,0,,0,0.00737931079046505,0.0149912443378975,,0,0,,,0.0321730196372377,,0,,0,0,0,,,0.314202265487183,,,,,0,,,,0,0,,,,0,0.432484475661844
0,0,2013,2013-09-22,218,München-Nord,09,Bayern,zweitstimme,225557,155942,155244,698,0.691364045451926,csu,,,,0.0457731055628559,,,,0,0,,0,0.00579732550050244,,0.000270541856690114,,,0.000360722475586818,,,0,,0.367808095642988,,,,0.00126252866455386,,0,0,,0,,,,,0,0.0823091391615779,,,0.0141261498028909,,,,,0.136391744608487,,,,,,,,0.0456571590528458,,,,,,0.000386488366700162,0,,0,0.00421272319703177,0.00994563396975084,,0.000824508515627013,0,,,0.0272023395429131,,0.000708562005616964,,0,0,0.00168766586792404,,,0.247030481049187,,,,,0.0068988173455979,,,,0.00134626781067223,0,,,,0,0.367808095642988
0,0,2013,2013-09-22,219,München-Ost,09,Bayern,erststimme,236523,168795,167440,1355,0.713651526490024,csu,,,,0,,,,0,0,,0,0.0124223602484472,,0,,,0.00148709985666507,,,0,,0.446398709985666,,,,0,,0,0,,0,,,,,0,0.0413282369804109,,,0.0297300525561395,,,,,0.10212613473483,,,,,,,,0.0341196846631629,,,,,,0,0,,0,0.00683827042522695,0.0161371237458194,,0,0,,,0.0224378881987578,,0,,0,0,0,,,0.286974438604873,,,,,0,,,,0,0,,,,0,0.446398709985666
0,0,2013,2013-09-22,219,München-Ost,09,Bayern,zweitstimme,236523,168795,168042,753,0.713651526490024,csu,,,,0.0464586234393783,,,,0,0,,0,0.007349353137906,,0.000279691981766463,,,0.000267790195308316,,,0,,0.39483581485581,,,,0.00122588400518918,,0,0,,0,,,,,0,0.08197355423049,,,0.0154723223955916,,,,,0.129247450042251,,,,,,,,0.0424358196165244,,,,,,0.000243986622392021,0,,0,0.00369550469525476,0.00937265683579105,,0.000868830411444758,0,,,0.022696706775687,,0.000672450934885326,,0,0,0.00176741528903488,,,0.23319765296771,,,,,0.00668880398947882,,,,0.00124968757810547,0,,,,0,0.39483581485581
0,0,2013,2013-09-22,220,München-Süd,09,Bayern,erststimme,215368,154146,153171,975,0.715733070836893,csu,,,,0.0304300422403719,,,,0,0,,0,0,,0,,,0.000900953835908886,,,0,,0.434240162955129,,,,0,,0,0,,0,,,,,0,0.0303582270795386,,,0.0190114316678745,,,,,0.113644227693232,,,,,,,,0.0393481794856729,,,,,,0,0,,0,0.00485731633272617,0.0169614352586325,,0,0,,,0.0257881713901457,,0,,0,0,0,,,0.284459852060769,,,,,0,,,,0,0,,,,0,0.434240162955129
0,0,2013,2013-09-22,220,München-Süd,09,Bayern,zweitstimme,215368,154146,153397,749,0.715733070836893,csu,,,,0.0461677868537194,,,,0,0,,0,0.00709270715854939,,0.000299875486482787,,,0.000319432583427316,,,0,,0.378736220395445,,,,0.00166887227259986,,0,0,,0,,,,,0,0.0699296596413229,,,0.0162519475609041,,,,,0.139768052830238,,,,,,,,0.0478562162232638,,,,,,0.000273799357223414,0,,0,0.00412002842298089,0.00924398782244764,,0.000814879039355398,0,,,0.0260956863563173,,0.000534560649817141,,0,0,0.00184488614510062,,,0.240402354674472,,,,,0.00711878328780876,,,,0.00146026323852487,0,,,,0,0.378736220395445
0,0,2013,2013-09-22,221,München-West/Mitte,09,Bayern,erststimme,239700,174322,173019,1303,0.727250730079266,csu,,,,0,,,,0,0,,0,0,,0,,,0.00106924673012791,,,0,,0.425739369664603,,,,0,,0,0,,0,,,,,0,0.0403655089903421,,,0.0214600708592698,,,,,0.131447991261075,,,,,,,,0.0412382455106087,,,,,,0,0,,0,0.00575659320652645,0.0161600749050682,,0,0,,,0.0255463272819748,,0.00424808836023789,,0,0,0,,,0.285627590033465,,,,,0,,,,0,0,,,,0.00134089319670094,0.425739369664603
0,0,2013,2013-09-22,221,München-West/Mitte,09,Bayern,zweitstimme,239700,174322,173533,789,0.727250730079266,csu,,,,0.0417730345236929,,,,0,0,,0,0.00577411789112157,,0.000293892227991218,,,0.000345755562342609,,,0,,0.370079466153412,,,,0.00167691447736165,,0,0,,0,,,,,0,0.0740493162683755,,,0.0137553087885301,,,,,0.155981859358162,,,,,,,,0.0478986705698628,,,,,,0.000720324088213769,0,,0,0.00370534710977163,0.010199789089107,,0.000818288164210842,0,,,0.0248540623397279,,0.00115828113384774,,0,0,0.00156742521595316,,,0.236888660946333,,,,,0.00702460050826068,,,,0.00143488558372183,0,,,,0,0.370079466153412
0,0,2013,2013-09-22,222,München-Land,09,Bayern,erststimme,247787,192033,190872,1161,0.774992231230856,csu,,,,0.0398486944130098,,,,0,0,,0,0,,0.00104782262458611,,,0,,,0,,0.524833396202691,,,,0,,0,0,,0,,,,,0,0.0389213713902511,,,0.0290823169453875,,,,,0.111483088142839,,,,,,,,0.0209354960392305,,,,,,0,0,,0,0,0.0115836791147994,,0.00177605934867346,0,,,0.0172838341925479,,0,,0,0,0,,,0.203204241585984,,,,,0,,,,0,0,,,,0,0.524833396202691
0,0,2013,2013-09-22,222,München-Land,09,Bayern,zweitstimme,247787,192033,190860,1173,0.774992231230856,csu,,,,0.0487425337944043,,,,0,0,,0,0.00694226134339306,,0.000482028712145028,,,0.000141464948129519,,,0,,0.468951063606832,,,,0.00124174787802578,,0,0,,0,,,,,0,0.085402913130043,,,0.0208844178979357,,,,,0.0993398302420622,,,,,,,,0.0281882007754375,,,,,,0.000167662160746097,0,,0,0.00327989101959552,0.00870271403122708,,0.00106884627475637,0,,,0.0185790631876768,,0.000586817562611338,,0,0,0.00279262286492717,,,0.196463376296762,,,,,0.00705228963638269,,,,0.000990254636906633,0,,,,0,0.468951063606832
0,0,2013,2013-09-22,223,Rosenheim,09,Bayern,erststimme,231069,162958,161622,1336,0.70523523276597,csu,,,,0.0406565937805497,,,,0,0,,0,0.0227320538045563,,0,,,0.00116939525559639,,,0,,0.58138124760243,,,,0,,0,0,,0,,,,,0,0.0264320451423692,,,0.0277437477571123,,,,,0.0935825568301345,,,,,,,,0.0243283711375927,,,,,,0,0,,0,0,0.0203561396344557,,0,0,,,0.0225897464454097,,0,,0,0,0.0124673621165435,,,0.125162416007722,,,,,0,,,,0,0,,,,0.00139832448552796,0.58138124760243
0,0,2013,2013-09-22,223,Rosenheim,09,Bayern,zweitstimme,231069,162958,161811,1147,0.70523523276597,csu,,,,0.0481549462026686,,,,0,0,,0,0.0190839930536243,,0.00022248178430391,,,0.00059328475814376,,,0,,0.541180760269698,,,,0.00166243333271533,,0,0,,0,,,,,0,0.0496875984945399,,,0.0225757210572829,,,,,0.08424025560685,,,,,,,,0.0289720723560203,,,,,,0.00014832118953594,0,,0,0.00477099826340607,0.01494953989531,,0.00103206827718758,0,,,0.017229978184425,,0.000574744609451768,,0,0,0.00845430780354858,,,0.148111067850764,,,,,0.00686603506560123,,,,0.0014893919449234,0,,,,0,0.541180760269698
0,0,2013,2013-09-22,224,Starnberg,09,Bayern,erststimme,245379,182283,180104,2179,0.742863081192767,csu,,,,0,,,,0,0,,0,0,,0,,,0,,,0,,0.540704259761027,,,,0,,0,0,,0,,,,,0,0.0742959623328743,,,0.0508039799227113,,,,,0.0890096832940967,,,,,,,,0.0279893839115178,,,,,,0,0,,0,0,0.0190389996890685,,0,0,,,0.0222704659530049,,0,,0,0,0,,,0.175887265135699,,,,,0,,,,0,0,,,,0,0.540704259761027
0,0,2013,2013-09-22,224,Starnberg,09,Bayern,zweitstimme,245379,182283,181088,1195,0.742863081192767,csu,,,,0.0561053189609472,,,,0,0,,0,0.0144073599575897,,0.000270586676091182,,,0.000193276197207987,,,0,,0.514672424456618,,,,0.00129771160982506,,0,0,,0,,,,,0,0.0736989750839371,,,0.0269868793072981,,,,,0.0906575808446722,,,,,,,,0.0264843611945573,,,,,,0.000121487895387878,0,,0,0.00408088884962007,0.0109615214702244,,0.00110995758968016,0,,,0.0154841844848913,,0.000679227778759498,,0,0,0.00229170348118042,,,0.151003931790069,,,,,0.00730031807739883,,,,0.00219230429404488,0,,,,0,0.514672424456618
0,0,2013,2013-09-22,225,Traunstein,09,Bayern,erststimme,206868,141456,139912,1544,0.683798364174256,csu,,,,0,,,,0,0,,0,0,,0,,,0,,,0,,0.626093544513694,,,,0,,0,0,,0,,,,,0,0.0236791697638516,,,0,,,,,0.0855752187089027,,,,,,,,0.0294256389730688,,,,,,0,0,,0,0,0.0242295156955801,,0,0,,,0.021685059180056,,0,,0,0,0.0137014694951112,,,0.175610383669735,,,,,0,,,,0,0,,,,0,0.626093544513694
0,0,2013,2013-09-22,225,Traunstein,09,Bayern,zweitstimme,206868,141456,140330,1126,0.683798364174256,csu,,,,0.0327584978265517,,,,0,0,,0,0.0128839164825768,,0.000306420580061284,,,0.000256538160051308,,,0,,0.572586047174517,,,,0.00133257322026651,,0,0,,0,,,,,0,0.0437468823487494,,,0.0202593885840519,,,,,0.0878928240575786,,,,,,,,0.0298795695859759,,,,,,0.000128269080025654,0,,0,0.00549419226109884,0.0131333285826267,,0.00116867384023374,0,,,0.0150787429630157,,0.000605715100121143,,0,0,0.0057934867811587,,,0.148756502529751,,,,,0.00649896672129979,,,,0.00143946412028789,0,,,,0,0.572586047174517
0,0,2013,2013-09-22,226,Weilheim,09,Bayern,erststimme,252724,184167,182216,1951,0.728727782086387,csu,,,,0,,,,0,0,,0,0.0307272687360056,,0,,,0,,,0,,0.572046362558722,,,,0,,0,0,,0,,,,,0,0.0292235588532291,,,0.0352823023225183,,,,,0.0853876717741581,,,,,,,,0.0292016068841375,,,,,,0,0,,0,0.00867651578346578,0.0274948412872635,,0,0,,,0.0172158317601089,,0,,0,0,0,,,0.164744040040392,,,,,0,,,,0,0,,,,0,0.572046362558722
0,0,2013,2013-09-22,226,Weilheim,09,Bayern,zweitstimme,252724,184167,182770,1397,0.728727782086387,csu,,,,0.0528806696941511,,,,0,0,,0,0.0195491601466324,,0.000432237238058762,,,0.000175083438201018,,,0,,0.524621108497018,,,,0.00175630573945396,,0,0,,0,,,,,0,0.0517645127756196,,,0.024298298407835,,,,,0.0876347321770531,,,,,,,,0.0307982710510478,,,,,,0.000246211084970181,0,,0,0.00581058160529627,0.016474257263227,,0.00107238605898123,0,,,0.0159052360890737,,0.000749575969798107,,0,0,0.0022541992668381,,,0.155069212671664,,,,,0.00702522295781583,,,,0.00148273786726487,0,,,,0,0.524621108497018
0,0,2013,2013-09-22,227,Deggendorf,09,Bayern,erststimme,155082,93941,93098,843,0.605750506183825,csu,,,,0.0326537627016692,,,,0,0,,0,0.0190444477862038,,0,,,0,,,0,,0.613815549206213,,,,0,,0,0,,0,,,,,0,0.0209456701540312,,,0.0479279898601474,,,,,0.0449741132999635,,,,,,,,0.0300973168059464,,,,,,0,0,,0,0.01787363853144,0,,0,0,,,0.0139208146254485,,0,,0,0,0,,,0.158746697028937,,,,,0,,,,0,0,,,,0,0.613815549206213
0,0,2013,2013-09-22,227,Deggendorf,09,Bayern,zweitstimme,155082,93941,93202,739,0.605750506183825,csu,,,,0.0406321752752087,,,,0,0,,0,0.0167271088603249,,0.000386257805626489,,,0.000139481985365121,,,0,,0.563088774918993,,,,0.00183472457672582,,0,0,,0,,,,,0,0.038164417072595,,,0.0429926396429261,,,,,0.0436149438853244,,,,,,,,0.0333361945022639,,,,,,0.000118023218385872,0,,0,0.0154503122250595,0.0100319735627991,,0.000708139310315229,0,,,0.0137336108667196,,0.000708139310315229,,0,0,0.00466728181798674,,,0.165640222312826,,,,,0.00709212248664192,,,,0.000933456363597348,0,,,,0,0.563088774918993
0,0,2013,2013-09-22,228,Landshut,09,Bayern,erststimme,251273,171644,169996,1648,0.683097666681259,csu,,,,0,,,,0,0,,0,0,,0,,,0,,,0,,0.58061954398927,,,,0,,0,0,,0,,,,,0,0.030277182992541,,,0.0590719781641921,,,,,0.0828548907033107,,,,,,,,0.0289418574554695,,,,,,0,0,,0,0.0130061883809031,0.0235417303936563,,0,0,,,0.0197004635403186,,0,,0,0,0,,,0.161986164380338,,,,,0,,,,0,0,,,,0,0.58061954398927
0,0,2013,2013-09-22,228,Landshut,09,Bayern,zweitstimme,251273,171644,170438,1206,0.683097666681259,csu,,,,0.0358546802943006,,,,0,0,,0,0.0144568699468428,,0.000234689447189007,,,0.00015841537685258,,,0,,0.540190567831118,,,,0.00181297597953508,,0,0,,0,,,,,0,0.0468733498398245,,,0.0530280805923562,,,,,0.0670449078257196,,,,,,,,0.0302808059235616,,,,,,0.000129079195953954,0,,0,0.0080850514556613,0.012767105927082,,0.00106196974853026,0,,,0.0155012379868339,,0.000897687135497952,,0,0,0.00286907849188561,,,0.159354134641336,,,,,0.00779168964667504,,,,0.0016076227132447,0,,,,0,0.540190567831118
0,0,2013,2013-09-22,229,Passau,09,Bayern,erststimme,186392,117391,116111,1280,0.629807073264947,csu,,,,0.0311426135336015,,,,0,0,,0,0,,0,,,0,,,0,,0.597945069803895,,,,0,,0,0,,0,,,,,0,0,,,0.03444979373186,,,,,0.0512957428667396,,,,,,,,0.0324086434532473,,,,,,0,0,,0,0.0108775223708348,0.0262593552721103,,0,0,,,0.0188698745166263,,0,,0,0,0,,,0.196751384451086,,,,,0,,,,0,0,,,,0,0.597945069803895
0,0,2013,2013-09-22,229,Passau,09,Bayern,zweitstimme,186392,117391,116442,949,0.629807073264947,csu,,,,0.0388004328335137,,,,0,0,,0,0.00961852252623624,,0.000197523230449494,,,0.000163171364284365,,,0,,0.539023719963587,,,,0.00163171364284365,,0,0,,0,,,,,0,0.0446402500815857,,,0.0288985074114151,,,,,0.0592140293021418,,,,,,,,0.0377784648151011,,,,,,0.000111643565036671,0,,0,0.00948111506157572,0.0162484326961062,,0.000884560553752083,0,,,0.0155528074062623,,0.000695625289843871,,0,0,0.00299720032290754,,,0.185594544923653,,,,,0.00742000309166796,,,,0.00104773191803645,0,,,,0,0.539023719963587
0,0,2013,2013-09-22,230,Rottal-Inn,09,Bayern,erststimme,163308,103874,102641,1233,0.63606191980797,csu,,,,0.0304848939507604,,,,0,0,,0,0,,0,,,0,,,0,,0.611334651844779,,,,0,,0.00752136085969544,0,,0,,,,,0,0.0201673795072145,,,0.0523962159371012,,,,,0.0465018852115626,,,,,,,,0.0259935113648542,,,,,,0,0,,0,0.0158513654387623,0.0278348807981216,,0,0,,,0,,0,,0,0,0,,,0.161913855087148,,,,,0,,,,0,0,,,,0,0.611334651844779
0,0,2013,2013-09-22,230,Rottal-Inn,09,Bayern,zweitstimme,163308,103874,102972,902,0.63606191980797,csu,,,,0.0361554597366274,,,,0,0,,0,0.0130715145864895,,0.000388455114011576,,,0.000310764091209261,,,0,,0.587548071320359,,,,0.00179660490230354,,0,0,,0,,,,,0,0.040739230081964,,,0.0349803830167424,,,,,0.0485180437400458,,,,,,,,0.0267354232218467,,,,,,0.00016509342345492,0,,0,0.0125859456939751,0.0168977974595036,,0.00127219049838791,0,,,0.013926115837315,,0.000796332983723731,,0,0,0.00425358349842676,,,0.151749990288622,,,,,0.00701161480790895,,,,0.0010973856970827,0,,,,0,0.587548071320359
0,0,2013,2013-09-22,231,Straubing,09,Bayern,erststimme,173773,111537,110370,1167,0.641854603419404,csu,,,,0.0331793059708254,,,,0,0,,0,0,,0,,,0,,,0,,0.612295007701368,,,,0,,0,0,,0,,,,,0,0.0235208842982695,,,0.0346108543988403,,,,,0.0324544713237293,,,,,,,,0.0249796140255504,,,,,,0,0,,0,0.0168342846788076,0.0290024463169339,,0,0,,,0.0173507293648636,,0,,0,0,0,,,0.175772401920812,,,,,0,,,,0,0,,,,0,0.612295007701368
0,0,2013,2013-09-22,231,Straubing,09,Bayern,zweitstimme,173773,111537,110549,988,0.641854603419404,csu,,,,0.0395752109924106,,,,0,0,,0,0.0125736098924459,,0.000171869487738469,,,0.000126640675175714,,,0,,0.577906629639346,,,,0.00172774063989724,,0,0,,0,,,,,0,0.0420899329708998,,,0.0377298754398502,,,,,0.0391138771042705,,,,,,,,0.0298238790038806,,,,,,0.000144732200200816,0,,0,0.0136862386814897,0.0175397335118364,,0.00124831522673204,0,,,0.0147174556079205,,0.000533699988240509,,0,0,0.00341025246723173,,,0.160924115098282,,,,,0.00622348460863509,,,,0.000732706763516631,0,,,,0,0.577906629639346
0,0,2013,2013-09-22,232,Amberg,09,Bayern,erststimme,215146,151021,149479,1542,0.701946585109647,csu,,,,0,,,,0,0,,0,0,,0,,,0,,,0,,0.583680650793757,,,,0,,0,0,,0,,,,,0,0.0210598144220927,,,0.0382796245626476,,,,,0.0492711350758301,,,,,,,,0.0328407334809572,,,,,,0,0,,0,0.0149117936298744,0.0255821888024405,,0,0,,,0.0252945229764716,,0,,0,0,0,,,0.209079536255929,,,,,0,,,,0,0,,,,0,0.583680650793757
0,0,2013,2013-09-22,232,Amberg,09,Bayern,zweitstimme,215146,151021,149736,1285,0.701946585109647,csu,,,,0.0352153122829513,,,,0,0,,0,0.00918282844472939,,0.000353956296415024,,,0.000200352620612278,,,0,,0.53476117967623,,,,0.00186995779238126,,0,0,,0,,,,,0,0.0376195437302987,,,0.0379401079232783,,,,,0.0600857509216221,,,,,,,,0.0337393813111076,,,,,,0.000213709461986429,0,,0,0.0105919752097024,0.0130830261259817,,0.00101511994443554,0,,,0.0195009884062617,,0.000727947854891275,,0,0,0.00248437249559224,,,0.193914623069936,,,,,0.00655153069402148,,,,0.000948335737564781,0,,,,0,0.53476117967623
0,0,2013,2013-09-22,233,Regensburg,09,Bayern,erststimme,248820,171954,170560,1394,0.691077887629612,csu,,,,0.0365208724202627,,,,0,0,,0,0,,0,,,0,,,0,,0.484568480300188,,,,0,,0,0,,0,,,,,0,0.0400445590994371,,,0.0457258442776736,,,,,0.0832668855534709,,,,,,,,0.034234287054409,,,,,,0,0,,0,0.00845450281425891,0.02453095684803,,0,0,,,0.0202450750469043,,0,,0,0,0,,,0.220104362101313,,,,,0,,,,0,0,,,,0.00230417448405253,0.484568480300188
0,0,2013,2013-09-22,233,Regensburg,09,Bayern,zweitstimme,248820,171954,170639,1315,0.691077887629612,csu,,,,0.0410222750953768,,,,0,0,,0,0.00773562901798534,,0.000205111375476884,,,0.000134787475313381,,,0,,0.483804991824847,,,,0.00163503067880145,,0,0,,0,,,,,0,0.0459156464817539,,,0.0403541980438235,,,,,0.0923528618897204,,,,,,,,0.0387777706151583,,,,,,0.000193390725449633,0,,0,0.00750121601744033,0.0150668956100305,,0.00080286452686666,0,,,0.0196555300956991,,0.000603613476403401,,0,0,0.002783654381472,,,0.192816413598298,,,,,0.00738986984218145,,,,0.00124824922790218,0,,,,0,0.483804991824847
0,0,2013,2013-09-22,234,Schwandorf,09,Bayern,erststimme,216389,141364,140117,1247,0.65328644247166,csu,,,,0,,,,0,0,,0,0.02115375008029,,0,,,0,,,0,,0.576946409072418,,,,0,,0,0,,0,,,,,0,0.0173426493573228,,,0.0465610882334049,,,,,0.0322302076122098,,,,,,,,0.027262930265421,,,,,,0,0,,0,0.0153800038539221,0.0153585931757032,,0,0,,,0,,0,,0,0,0,,,0.247764368349308,,,,,0,,,,0,0,,,,0,0.576946409072418
0,0,2013,2013-09-22,234,Schwandorf,09,Bayern,zweitstimme,216389,141364,139800,1564,0.65328644247166,csu,,,,0.032725321888412,,,,0,0,,0,0.0151645207439199,,0.000300429184549356,,,0.000150214592274678,,,0,,0.546874105865522,,,,0.00180972818311874,,0,0,,0,,,,,0,0.0336266094420601,,,0.0490557939914163,,,,,0.0423962804005722,,,,,,,,0.0322246065808298,,,,,,0.000271816881258941,0,,0,0.0121959942775393,0.0109227467811159,,0.00113733905579399,0,,,0.0154005722460658,,0.000751072961373391,,0,0,0.00335479256080114,,,0.193605150214592,,,,,0.00729613733905579,,,,0.000736766809728183,0,,,,0,0.546874105865522
0,0,2013,2013-09-22,235,Weiden,09,Bayern,erststimme,170403,118903,117789,1114,0.697775273909497,csu,,,,0.0242382565434803,,,,0,0,,0,0,,0,,,0,,,0,,0.551239929025631,,,,0,,0,0,,0,,,,,0,0.0147297285824653,,,0.0353598383550247,,,,,0.0384670894565706,,,,,,,,0.0264625729057892,,,,,,0,0,,0,0.0160880897197531,0.0126412483338852,,0,0,,,0.0153325013371367,,0,,0,0,0,,,0.21972340371342,,,,,0,,,,0,0,,,,0.0457173420268446,0.551239929025631
0,0,2013,2013-09-22,235,Weiden,09,Bayern,zweitstimme,170403,118903,117710,1193,0.697775273909497,csu,,,,0.036046215274828,,,,0,0,,0,0.00909863223175601,,0.000229377283153513,,,0.00016141364370062,,,0,,0.527788633081302,,,,0.00215784555262934,,0,0,,0,,,,,0,0.0335825333446606,,,0.0361821425537338,,,,,0.043088947413134,,,,,,,,0.0338289015376773,,,,,,0.000152918188769009,0,,0,0.0162178234644465,0.00932800951490952,,0.00137626369892108,0,,,0.0149350097697732,,0.000926004587545663,,0,0,0.00245518647523575,,,0.224993628408801,,,,,0.00655849120720415,,,,0.000892022767819217,0,,,,0,0.527788633081302
0,0,2013,2013-09-22,236,Bamberg,09,Bayern,erststimme,179923,126869,125874,995,0.705129416472602,csu,,,,0.0335414779859224,,,,0,0,,0,0,,0,,,0,,,0,,0.522133244355467,,,,0,,0,0,,0,,,,,0,0.0337798115575893,,,0.0281948615281949,,,,,0.0816928039150261,,,,,,,,0.0346775346775347,,,,,,0,0,,0,0.0131957354179576,0,,0,0,,,0.0240319684764129,,0,,0,0,0,,,0.228752562085895,,,,,0,,,,0,0,,,,0,0.522133244355467
0,0,2013,2013-09-22,236,Bamberg,09,Bayern,zweitstimme,179923,126869,125949,920,0.705129416472602,csu,,,,0.0413738894314365,,,,0,0,,0,0.00452564133101494,,0.000317588865334381,,,0.000150854711033831,,,0,,0.488658107646746,,,,0.00253277120104169,,0,0,,0,,,,,0,0.0482179294793925,,,0.0282574692931266,,,,,0.0894568436430619,,,,,,,,0.0408339883603681,,,,,,0.000476383298001572,0,,0,0.0128544093244091,0.00628825953362075,,0.0010401035339701,0,,,0.0230648913449095,,0.000651057173935482,,0,0,0.00465267687714869,,,0.197889621989853,,,,,0.00765389165455859,,,,0.00110362130703698,0,,,,0,0.488658107646746
0,0,2013,2013-09-22,237,Bayreuth,09,Bayern,erststimme,164828,115659,114472,1187,0.701695100347028,csu,,,,0.0311779299741422,,,,0,0,,0,0,,0,,,0,,,0,,0.558529596757286,,,,0,,0,0,,0,,,,,0,0.0273691383045636,,,0,,,,,0.0628013837444965,,,,,,,,0.0283562792647984,,,,,,0,0,,0,0.0121601789083793,0,,0,0,,,0.0232633307708435,,0,,0,0,0,,,0.256342162275491,,,,,0,,,,0,0,,,,0,0.558529596757286
0,0,2013,2013-09-22,237,Bayreuth,09,Bayern,zweitstimme,164828,115659,114804,855,0.701695100347028,csu,,,,0.0386310581512839,,,,0,0,,0,0.00346677816103969,,0.000383261907250619,,,0.000139367966272952,,,0,,0.495156963172015,,,,0.00213407198355458,,0,0,,0,,,,,0,0.0482474478241176,,,0.0306957945716177,,,,,0.0679680150517404,,,,,,,,0.0329518135256611,,,,,,0.000209051949409428,0,,0,0.0096163896728337,0.00484303682798509,,0.000966865266018606,0,,,0.0190934113793944,,0.000609734852444166,,0,0,0.00461656388279154,,,0.23236124176858,,,,,0.00693355632207937,,,,0.000975575763910665,0,,,,0,0.495156963172015
0,0,2013,2013-09-22,238,Coburg,09,Bayern,erststimme,160103,111378,110393,985,0.695664665871345,csu,,,,0.0284710081255152,,,,0,0,,0,0,,0,,,0,,,0,,0.501019086355113,,,,0,,0,0,,0,,,,,0,0.0166224307700669,,,0.02635130850688,,,,,0.0387162229489189,,,,,,,,0.0333445055393005,,,,,,0,0,,0,0.0157618689590826,0,,0,0,,,0.0155535224153705,,0,,0,0,0,,,0.324160046379752,,,,,0,,,,0,0,,,,0,0.501019086355113
0,0,2013,2013-09-22,238,Coburg,09,Bayern,zweitstimme,160103,111378,110370,1008,0.695664665871345,csu,,,,0.0428558485095588,,,,0,0,,0,0.002763432092054,,0.000226510827217541,,,0.000154027362507928,,,0,,0.467219353085078,,,,0.0022016852405545,,0,0,,0,,,,,0,0.0404910754734076,,,0.0220621545709885,,,,,0.0571622723566186,,,,,,,,0.0400018120866177,,,,,,0.000353356890459364,0,,0,0.0146869620367854,0.00485639213554408,,0.000896982875781462,0,,,0.0161728730633324,,0.000561746851499502,,0,0,0.00197517441333696,,,0.27822777928785,,,,,0.00614297363413971,,,,0.000987587206668479,0,,,,0,0.467219353085078
0,0,2013,2013-09-22,239,Hof,09,Bayern,erststimme,174569,118838,117749,1089,0.68075087787637,csu,,,,0.0353973282151016,,,,0,0,,0,0,,0,,,0,,,0,,0.551070497413991,,,,0,,0,0,,0,,,,,0,0.0129682630001104,,,0,,,,,0.0547690426245658,,,,,,,,0.0447052628897061,,,,,,0,0,,0,0.0146243280197709,0,,0,0,,,0,,0,,0,0,0,,,0.286465277836754,,,,,0,,,,0,0,,,,0,0.551070497413991
0,0,2013,2013-09-22,239,Hof,09,Bayern,zweitstimme,174569,118838,117637,1201,0.68075087787637,csu,,,,0.0434302132832357,,,,0,0,,0,0.00507493390684904,,0.000340029072485698,,,0.000119010175369994,,,0,,0.469401633839693,,,,0.00199767080085347,,0,0,,0,,,,,0,0.0375562110560453,,,0.0220848882579461,,,,,0.0536820898186795,,,,,,,,0.0477655839574284,,,,,,0.000161513809430706,0,,0,0.0124195618725401,0.00428436631331979,,0.00132611338269422,0,,,0.0191861404150055,,0.000909577768899241,,0,0,0.00379132415821553,,,0.266973826262145,,,,,0.00875574861650671,,,,0.000739563232656392,0,,,,0,0.469401633839693
0,0,2013,2013-09-22,240,Kulmbach,09,Bayern,erststimme,172449,122307,121082,1225,0.709235774054938,csu,,,,0.031623197502519,,,,0,0,,0,0.00923341206785484,,0,,,0,,,0,,0.569060636593383,,,,0,,0,0,,0,,,,,0,0.0164846963215011,,,0.0291785731983284,,,,,0.0400142052493352,,,,,,,,0.0298640590674089,,,,,,0,0,,0,0.0166250970416742,0.011810178226326,,0,0,,,0.0182686113542888,,0,,0,0,0,,,0.227837333377381,,,,,0,,,,0,0,,,,0,0.569060636593383
0,0,2013,2013-09-22,240,Kulmbach,09,Bayern,zweitstimme,172449,122307,121100,1207,0.709235774054938,csu,,,,0.0396366639141206,,,,0,0,,0,0.00625928984310487,,0.000255986787778695,,,9.90916597853014e-05,,,0,,0.523352601156069,,,,0.00253509496284063,,0,0,,0,,,,,0,0.0372667217175888,,,0.0287035507844756,,,,,0.0528158546655657,,,,,,,,0.0362675474814203,,,,,,0.00023121387283237,0,,0,0.0166556564822461,0.00706853839801817,,0.000990916597853014,0,,,0.0191246903385632,,0.000867052023121387,,0,0,0.00457473162675475,,,0.21494632535095,,,,,0.00734104046242775,,,,0.0010074318744839,0,,,,0,0.523352601156069
0,0,2013,2013-09-22,241,Ansbach,09,Bayern,erststimme,243643,166555,164872,1683,0.683602648136823,csu,,,,0,,,,0,0,,0,0.00923140375564074,,0.00123732349944199,,,0,,,0,,0.533274297636955,,,,0,,0,0,,0,,,,,0,0.0452108302198069,,,0.0406679120772478,,,,,0.0586212334417002,,,,,,,,0.0376170605075453,,,,,,0,0,,0,0.0151390169343491,0,,0,0,,,0.0238851957882479,,0,,0,0,0,,,0.232489446358387,,,,,0,,,,0.00262627978067834,0,,,,0,0.533274297636955
0,0,2013,2013-09-22,241,Ansbach,09,Bayern,zweitstimme,243643,166555,165097,1458,0.683602648136823,csu,,,,0.0360394192505012,,,,0,0,,0,0.00520905891687917,,0.000745016566018765,,,0.000199882493322108,,,0,,0.476326038631835,,,,0.00212602288351696,,0,0,,0,,,,,0,0.0461486277763981,,,0.0315450916733799,,,,,0.0834115701678407,,,,,,,,0.0385712641659146,,,,,,0.000139312040800257,0,,0,0.0121625468663876,0.011193419626038,,0.000944899059340872,0,,,0.0198428802461583,,0.00107209700963676,,0,0,0.00389468009715501,,,0.222232990302671,,,,,0.00674754841093418,,,,0.00144763381527223,0,,,,0,0.476326038631835
0,0,2013,2013-09-22,242,Erlangen,09,Bayern,erststimme,179506,135186,134323,863,0.753100174924515,csu,,,,0.0327047490005435,,,,0,0,,0,0.00423605786053022,,0,,,0,,,0,,0.485032347401413,,,,0,,0,0,,0,,,,,0,0.0222597768066526,,,0.0303671001987746,,,,,0.0891880020547486,,,,,,,,0.0417724440341565,,,,,,0,0,,0,0.00712461752641022,0,,0,0,,,0.0239422883646137,,0,,0,0,0,,,0.263372616752157,,,,,0,,,,0,0,,,,0,0.485032347401413
0,0,2013,2013-09-22,242,Erlangen,09,Bayern,zweitstimme,179506,135186,134249,937,0.753100174924515,csu,,,,0.0416390438662485,,,,0,0,,0,0.00377656444368301,,0.000379891097885273,,,0.000193669971470923,,,0,,0.416688392464748,,,,0.00165364360255942,,0,0,,0,,,,,0,0.0554194072209104,,,0.0274415451884185,,,,,0.114674969645956,,,,,,,,0.043501255130392,,,,,,0.000335198027545829,0,,0,0.00683059091687834,0.00852147874472063,,0.00084171949139286,0,,,0.0246631259823164,,0.000521419153960178,,0,0,0.00215271622134988,,,0.243115404956462,,,,,0.00671140939597315,,,,0.000938554477128321,0,,,,0,0.416688392464748
0,0,2013,2013-09-22,243,Fürth,09,Bayern,erststimme,253603,178211,176841,1370,0.702716450515175,csu,,,,0.0315990070176034,,,,0,0,,0,0,,0,,,0,,,0,,0.491950396118547,,,,0,,0,0,,0,,,,,0,0.0183158882838256,,,0.0221894243981882,,,,,0.0825317658235364,,,,,,,,0.0425466944882691,,,,,,0,0,,0,0.0127006746173116,0,,0,0,,,0.0270977884087966,,0,,0,0,0,,,0.271068360843922,,,,,0,,,,0,0,,,,0,0.491950396118547
0,0,2013,2013-09-22,243,Fürth,09,Bayern,zweitstimme,253603,178211,176707,1504,0.702716450515175,csu,,,,0.0442766840023315,,,,0,0,,0,0.00436881391229549,,0.000441408659532446,,,0.000169772561358633,,,0,,0.427798559196863,,,,0.00172602104047944,,0,0,,0,,,,,0,0.0466931134590028,,,0.0245321351163225,,,,,0.091258410815644,,,,,,,,0.0498904966979237,,,,,,0.000396135976503478,0,,0,0.00984114947342211,0.0077755833102254,,0.00122802152716078,0,,,0.0234738861505204,,0.000746999269977986,,0,0,0.00501960873083692,,,0.25174441306796,,,,,0.00757185623659504,,,,0.0010469307950449,0,,,,0,0.427798559196863
0,0,2013,2013-09-22,244,Nürnberg-Nord,09,Bayern,erststimme,193031,132674,131621,1053,0.687319653319933,csu,,,,0.0335584747114822,,,,0,0,,0,0,,0,,,0,,,0,,0.393774549653931,,,,0,,0.00663268019540955,0,,0,,,,,0,0.0270169653778652,,,0.0162132182554456,,,,,0.101321217738811,,,,,,,,0.0615327341381694,,,,,,0.000926903761557806,0,,0,0.0101883438053198,0,,0,0,,,0.030808153714073,,0,,0,0,0,,,0.316560427287439,,,,,0,,,,0,0,,,,0.00146633136049719,0.393774549653931
0,0,2013,2013-09-22,244,Nürnberg-Nord,09,Bayern,zweitstimme,193031,132674,131647,1027,0.687319653319933,csu,,,,0.0448623971681846,,,,0,0,,0,0.00255987603211619,,0.000432976064779296,,,0.000197497854109854,,,0,,0.347505070377601,,,,0.00185344140010786,,0,0,,0,,,,,0,0.05431190988021,,,0.0145009001344505,,,,,0.132505867965088,,,,,,,,0.0707270199852636,,,,,,0.0011318146254757,0,,0,0.00805943166194444,0.00714030703320243,,0.00111662248285187,0,,,0.0320630170076037,,0.000615281776265316,,0,0,0.00310679316657425,,,0.268217278023806,,,,,0.00783914559389884,,,,0.00125335176646638,0,,,,0,0.347505070377601
0,0,2013,2013-09-22,245,Nürnberg-Süd,09,Bayern,erststimme,185799,121814,120657,1157,0.655622473748513,csu,,,,0.0372792295515387,,,,0,0,,0,0,,0.00139237673736294,,,0,,,0,,0.443563158374566,,,,0,,0,0,,0,,,,,0,0.0181672012398783,,,0.0197087611991016,,,,,0.0676711670271928,,,,,,,,0.0500426829773656,,,,,,0,0,,0,0.0140978144657997,0,,0,0,,,0.0253279958891734,,0,,0,0,0,,,0.322749612538021,,,,,0,,,,0,0,,,,0,0.443563158374566
0,0,2013,2013-09-22,245,Nürnberg-Süd,09,Bayern,zweitstimme,185799,121814,120575,1239,0.655622473748513,csu,,,,0.0475803441841178,,,,0,0,,0,0.00263736263736264,,0.000912295251917893,,,9.12295251917893e-05,,,0,,0.405399129172714,,,,0.00177482894464027,,0,0,,0,,,,,0,0.0421895086046029,,,0.0181380883267676,,,,,0.080489321998756,,,,,,,,0.0576238855484139,,,,,,0.000414679659962679,0,,0,0.0130375285092266,0.00631142442463197,,0.00108646070910222,0,,,0.0243499896330085,,0.000655193862741033,,0,0,0.00398921832884097,,,0.284992743105951,,,,,0.00738129794733568,,,,0.000945469624714908,0,,,,0,0.405399129172714
0,0,2013,2013-09-22,246,Roth,09,Bayern,erststimme,226102,168765,167199,1566,0.746410911889324,csu,,,,0,,,,0,0,,0,0,,0,,,0,,,0,,0.506091543609711,,,,0,,0,0,,0,,,,,0,0.0321233978672121,,,0.0422789609985706,,,,,0.066639154540398,,,,,,,,0.0362681594985616,,,,,,0,0,,0,0.0155383704447993,0,,0,0,,,0.0247429709507832,,0,,0,0,0,,,0.276317442089965,,,,,0,,,,0,0,,,,0,0.506091543609711
0,0,2013,2013-09-22,246,Roth,09,Bayern,zweitstimme,226102,168765,167453,1312,0.746410911889324,csu,,,,0.0390139322675616,,,,0,0,,0,0.003344221960789,,0.000406084095238664,,,0.000107492848739646,,,0,,0.454939594990833,,,,0.00174974470448424,,0,0,,0,,,,,0,0.0445916167521633,,,0.0369775399664383,,,,,0.0850805897774301,,,,,,,,0.0381838486022944,,,,,,0.000143323798319528,0,,0,0.0087845544720011,0.00653914829832849,,0.00114659038655623,0,,,0.0194203746722961,,0.00084202731512723,,0,0,0.00479537541877422,,,0.245483807396702,,,,,0.00737520378852574,,,,0.00107492848739646,0,,,,0,0.454939594990833
0,0,2013,2013-09-22,247,Aschaffenburg,09,Bayern,erststimme,184171,131310,128900,2410,0.712978699143731,csu,,,,0,,,,0,0,,0,0,,0,,,0,,,0,,0.524367726920093,,,,0,,0,0,,0,,,,,0,0.0325756400310318,,,0.0261675717610551,,,,,0.0797827773467805,,,,,,,,0.0282467028704422,,,,,,0,0,,0,0.0168580294802172,0.0120325833979829,,0,0,,,0.0257098525989139,,0,,0,0,0,,,0.250643910007758,,,,,0,,,,0,0,,,,0.00361520558572537,0.524367726920093
0,0,2013,2013-09-22,247,Aschaffenburg,09,Bayern,zweitstimme,184171,131310,129346,1964,0.712978699143731,csu,,,,0.0406893139331715,,,,0,0,,0,0.0043526664914261,,0.000402022482334204,,,0.000115968023750251,,,0,,0.477332116957618,,,,0.00203330601642107,,0,0,,0,,,,,0,0.0541416046882006,,,0.0224359469948819,,,,,0.0860869296306032,,,,,,,,0.0362670666274952,,,,,,0.000579840118751256,0,,0,0.0119833624541926,0.00611538045242992,,0.00128337946283611,0,,,0.019675908029626,,0.00120606744700261,,0,0,0.00571335797009571,,,0.219627974579809,,,,,0.00848885933851839,,,,0.00146892830083652,0,,,,0,0.477332116957618
0,0,2013,2013-09-22,248,Bad Kissingen,09,Bayern,erststimme,217994,155355,153533,1822,0.712657229098049,csu,,,,0,,,,0,0,,0,0,,0,,,0,,,0,,0.579100258576332,,,,0,,0,0,,0,,,,,0,0.0285997147193112,,,0.0277399646981431,,,,,0.07898627656595,,,,,,,,0.0451368761113246,,,,,,0,0,,0,0.0181654758260439,0,,0,0,,,0.0232002240560661,,0,,0,0,0,,,0.199071209446829,,,,,0,,,,0,0,,,,0,0.579100258576332
0,0,2013,2013-09-22,248,Bad Kissingen,09,Bayern,zweitstimme,217994,155355,153622,1733,0.712657229098049,csu,,,,0.0324693077814376,,,,0,0,,0,0.00492117014490112,,0.000436135449349703,,,0.000175756076603611,,,0,,0.538724922211662,,,,0.00202444962310086,,0,0,,0,,,,,0,0.047792633867545,,,0.0268776607517153,,,,,0.0642746481623726,,,,,,,,0.0452148780773587,,,,,,0.000260379372746091,0,,0,0.0131361393550403,0.0072841129525719,,0.00155576675215789,0,,,0.0193982632695838,,0.000813685539831535,,0,0,0.00575438413768861,,,0.181816406504277,,,,,0.00598221608884144,,,,0.00108708388121493,0,,,,0,0.538724922211662
0,0,2013,2013-09-22,249,Main-Spessart,09,Bayern,erststimme,197762,143137,141113,2024,0.723784144577826,csu,,,,0.0329664878501626,,,,0,0,,0,0,,0.00233855137372177,,,0,,,0,,0.517322996463827,,,,0,,0,0,,0,,,,,0,0.0257382381495681,,,0.057011047883611,,,,,0.0624322351590569,,,,,,,,0.0313649344851289,,,,,,0,0,,0,0.00963766626745941,0,,0,0,,,0.0199981575049783,,0,,0,0,0.00866681312139916,,,0.232522871741087,,,,,0,,,,0,0,,,,0,0.517322996463827
0,0,2013,2013-09-22,249,Main-Spessart,09,Bayern,zweitstimme,197762,143137,141430,1707,0.723784144577826,csu,,,,0.0394753588347592,,,,0,0,,0,0.0037120837163261,,0.00106766598317189,,,0.000219189705154493,,,0,,0.49461217563459,,,,0.00212826133069363,,0,0,,0,,,,,0,0.0453439864243796,,,0.0397299017181645,,,,,0.0705083787032454,,,,,,,,0.0342148059110514,,,,,,0.000176765891253624,0,,0,0.00992717245280351,0.00646963161988263,,0.00117372551792406,0,,,0.018878597185887,,0.000636357208513045,,0,0,0.00707770628579509,,,0.215555398430319,,,,,0.0079120412925122,,,,0.00118079615357421,0,,,,0,0.49461217563459
0,0,2013,2013-09-22,250,Schweinfurt,09,Bayern,erststimme,200150,141275,139562,1713,0.705845615788159,csu,,,,0,,,,0,0,,0,0.0109772000974477,,0,,,0,,,0,,0.548487410613204,,,,0,,0,0,,0,,,,,0,0.0209297659821441,,,0.033060575228214,,,,,0.057694787979536,,,,,,,,0.0538398704518422,,,,,,0,0,,0,0.0146314899471203,0.00827589171837606,,0,0,,,0.0214528309998424,,0,,0,0,0,,,0.230650176982273,,,,,0,,,,0,0,,,,0,0.548487410613204
0,0,2013,2013-09-22,250,Schweinfurt,09,Bayern,zweitstimme,200150,141275,139859,1416,0.705845615788159,csu,,,,0.033355021843428,,,,0,0,,0,0.00592024825002324,,0.000400403263286596,,,0.000164451340278423,,,0,,0.509541752765285,,,,0.00188761538406538,,0,0,,0,,,,,0,0.0422282441601899,,,0.0288933854810917,,,,,0.0708070270772707,,,,,,,,0.049621404414446,,,,,,0.000371803030194696,0,,0,0.00953102767787557,0.00614190005648546,,0.00110825903231111,0,,,0.0178250952745265,,0.000865157051029966,,0,0,0.00799376514918597,,,0.206436482457332,,,,,0.00609184964857464,,,,0.000815106643119141,0,,,,0,0.509541752765285
0,0,2013,2013-09-22,251,Würzburg,09,Bayern,erststimme,226597,166593,165229,1364,0.735195082017856,csu,,,,0.029238208789014,,,,0,0,,0,0,,0,,,0,,,0,,0.488873018658952,,,,0,,0,0,,0,,,,,0,0.0322158943042686,,,0.0173032579026684,,,,,0.0995830029837377,,,,,,,,0.0325245568271914,,,,,,0,0,,0,0.00870912491148648,0.0115173486494502,,0,0,,,0.0250198209757367,,0,,0,0,0,,,0.255015765997494,,,,,0,,,,0,0,,,,0,0.488873018658952
0,0,2013,2013-09-22,251,Würzburg,09,Bayern,zweitstimme,226597,166593,165271,1322,0.735195082017856,csu,,,,0.0386516690768495,,,,0,0,,0,0.0029950808066751,,0.000296482746519353,,,0.000121013365926267,,,0,,0.448880928898597,,,,0.00193016318652395,,0,0,,0,,,,,0,0.0513399204942186,,,0.0176679514252349,,,,,0.116844455470107,,,,,,,,0.0401582854826316,,,,,,0.000175469380593087,0,,0,0.00572393220831241,0.0083983275952829,,0.00110122162992903,0,,,0.0242873825414017,,0.000568762819853453,,0,0,0.00773880475098475,,,0.225236127330264,,,,,0.00687355918461194,,,,0.00101046160548433,0,,,,0,0.448880928898597
0,0,2013,2013-09-22,252,Augsburg-Stadt,09,Bayern,erststimme,208231,133378,132024,1354,0.640529027858484,csu,,,,0.0477261709992123,,,,0,0,,0,0,,0.00106798763861116,,,0.00107556201902684,,,0,,0.44402532872811,,,,0,,0,0,,0,,,,,0,0.0341680300551415,,,0.020935587468945,,,,,0.110343573895655,,,,,,,,0.0485366297036902,,,,,,0.00122704962734048,0,,0,0.00687753741743925,0,,0,0,,,0.0265709264982124,,0,,0,0,0.00639277707083561,,,0.25105283887778,,,,,0,,,,0,0,,,,0,0.44402532872811
0,0,2013,2013-09-22,252,Augsburg-Stadt,09,Bayern,zweitstimme,208231,133378,132266,1112,0.640529027858484,csu,,,,0.0539518848381292,,,,0,0,,0,0.00529236538490617,,0.0008694600275203,,,0.000325102445072808,,,0,,0.436234557633859,,,,0.00195061467043685,,0,0,,0,,,,,0,0.0467769494805921,,,0.0149395914293923,,,,,0.105393676379417,,,,,,,,0.0558798179426308,,,,,,0.000635083846188741,0,,0,0.00635839898386585,0.00781757972570426,,0.00102823098906749,0,,,0.0258872272541696,,0.000877020549498737,,0,0,0.00484629458817837,,,0.221734988583612,,,,,0.00765124824217864,,,,0.00154990700557967,0,,,,0,0.436234557633859
0,0,2013,2013-09-22,253,Augsburg-Land,09,Bayern,erststimme,244203,176239,174639,1600,0.721690560722022,csu,,,,0.0453048860792836,,,,0,0,,0,0,,0.004202955811703,,,0,,,0,,0.606055921071468,,,,0,,0,0,,0,,,,,0,0.0227555128006917,,,0,,,,,0.0690968225883108,,,,,,,,0.0296440084975292,,,,,,0,0,,0,0.010536020018438,0.0152600507332268,,0,0,,,0.0203276473181821,,0,,0,0,0,,,0.176816175081167,,,,,0,,,,0,0,,,,0,0.606055921071468
0,0,2013,2013-09-22,253,Augsburg-Land,09,Bayern,zweitstimme,244203,176239,175010,1229,0.721690560722022,csu,,,,0.0516541911890749,,,,0,0,,0,0.00902805553968345,,0.00209702302725559,,,0.000165704816867608,,,0,,0.536957888120679,,,,0.00222844408890921,,0,0,,0,,,,,0,0.0464773441517628,,,0.0224501457059597,,,,,0.0723958630935375,,,,,,,,0.0321753042683275,,,,,,0.000239986286497914,0,,0,0.00730815381978173,0.010193703216959,,0.000959945145991658,0,,,0.0176504199760014,,0.000862807839552026,,0,0,0.00584538026398492,,,0.172138734929433,,,,,0.00790811953602651,,,,0.00126278498371522,0,,,,0,0.536957888120679
0,0,2013,2013-09-22,254,Donau-Ries,09,Bayern,erststimme,189974,131055,129495,1560,0.689857559455504,csu,,,,0,,,,0,0,,0,0,,0.00294219854048419,,,0,,,0,,0.606386346963203,,,,0,,0,0,,0,,,,,0,0.0244797096412989,,,0.0414765048843585,,,,,0.0629599598440094,,,,,,,,0.0447662071894668,,,,,,0,0,,0,0.0180856403722151,0.0223869647476737,,0,0,,,0,,0,,0,0,0,,,0.17651646781729,,,,,0,,,,0,0,,,,0,0.606386346963203
0,0,2013,2013-09-22,254,Donau-Ries,09,Bayern,zweitstimme,189974,131055,129758,1297,0.689857559455504,csu,,,,0.0418702507745187,,,,0,0,,0,0.00881641209019868,,0.00093250512492486,,,9.24798470999861e-05,,,0,,0.555380015105042,,,,0.00356047411334947,,0,0,,0,,,,,0,0.0448835524591933,,,0.0305491761586954,,,,,0.059903820959016,,,,,,,,0.0328303457204951,,,,,,0.00020037300204997,0,,0,0.0115831008492733,0.0101111299495985,,0.00103269162594985,0,,,0.0149354953066478,,0.000624238967924906,,0,0,0.00769894727107385,,,0.166587031242775,,,,,0.00675873549222399,,,,0.00164922393994975,0,,,,0,0.555380015105042
0,0,2013,2013-09-22,255,Neu-Ulm,09,Bayern,erststimme,237651,161614,159917,1697,0.680047632873415,csu,,,,0.0470306471482081,,,,0,0,,0,0,,0,,,0,,,0,,0.575054559552768,,,,0,,0,0,,0,,,,,0,0.0273704484201179,,,0,,,,,0.0781968145975725,,,,,,,,0.0346804905044492,,,,,,0,0,,0,0.0188160108056054,0.0155893369685524,,0,0,,,0.019291257339745,,0,,0,0,0,,,0.183970434662981,,,,,0,,,,0,0,,,,0,0.575054559552768
0,0,2013,2013-09-22,255,Neu-Ulm,09,Bayern,zweitstimme,237651,161614,160366,1248,0.680047632873415,csu,,,,0.0560343214895926,,,,0,0,,0,0.00614843545389921,,0.000355436938004315,,,0.000243193694424005,,,0,,0.527530773355948,,,,0.00221368619283389,,0,0,,0,,,,,0,0.0466744821221456,,,0.0186136712270681,,,,,0.0649576593542272,,,,,,,,0.0371525136250826,,,,,,0.000286843844705237,0,,0,0.0152401381839043,0.0108002943267276,,0.00108501802127633,0,,,0.0186448499058404,,0.000866767269870172,,0,0,0.00361672673758777,,,0.180979758801741,,,,,0.007401818340546,,,,0.00115361111457541,0,,,,0,0.527530773355948
0,0,2013,2013-09-22,256,Oberallgäu,09,Bayern,erststimme,224278,155635,154104,1531,0.693937880665959,csu,,,,0,,,,0,0,,0,0,,0.00266703005762342,,,0,,,0,,0.606694180553393,,,,0,,0,0,,0,,,,,0,0.035696672377096,,,0,,,,,0.0844299953278306,,,,,,,,0.035884856979702,,,,,,0,0,,0,0,0.0267806156881067,,0,0,,,0.0199345896277838,,0,,0,0,0.0145096817733479,,,0.173402377615117,,,,,0,,,,0,0,,,,0,0.606694180553393
0,0,2013,2013-09-22,256,Oberallgäu,09,Bayern,zweitstimme,224278,155635,154551,1084,0.693937880665959,csu,,,,0.0433190338464326,,,,0,0,,0,0.00631506751816553,,0.00104172732625476,,,0.000194110681910826,,,0,,0.523464746264987,,,,0.00187640325847131,,0,0,,0,,,,,0,0.0566091452012604,,,0.0253508550575538,,,,,0.092713732036674,,,,,,,,0.0360657646990314,,,,,,0.000226462462229296,0,,0,0.00557097657084069,0.0135165738170572,,0.00098996447774521,0,,,0.0157294355908406,,0.000640565250305724,,0,0,0.00680681457900628,,,0.160309541834087,,,,,0.00777089763249672,,,,0.00148818189464966,0,,,,0,0.523464746264987
0,0,2013,2013-09-22,257,Ostallgäu,09,Bayern,erststimme,244541,167668,166212,1456,0.685643716186652,csu,,,,0.0411642962000337,,,,0,0,,0,0.0289269126176209,,0,,,0,,,0,,0.59762833008447,,,,0,,0,0,,0,,,,,0,0.0171287271677135,,,0.0326390392992082,,,,,0.0603987678386639,,,,,,,,0.0284636488340192,,,,,,0,0,,0,0,0.0196014728178471,,0,0,,,0.0196135056433952,,0,,0,0,0,,,0.150464467066156,,,,,0,,,,0,0,,,,0.00397083243087142,0.59762833008447
0,0,2013,2013-09-22,257,Ostallgäu,09,Bayern,zweitstimme,244541,167668,166340,1328,0.685643716186652,csu,,,,0.0480401587110737,,,,0,0,,0,0.0175123241553445,,0.000252494889984369,,,0.000168329926656246,,,0,,0.551064085607791,,,,0.00229650114223879,,0,0,,0,,,,,0,0.0461524588192858,,,0.0272754599014068,,,,,0.0708488637729951,,,,,,,,0.0316820969099435,,,,,,0.000180353492845978,0,,0,0.0082601899723458,0.0155885535649874,,0.00105807382469641,0,,,0.0174582181074907,,0.000685343272814717,,0,0,0.00352891667668631,,,0.150120235661897,,,,,0.00663099675363713,,,,0.00119634483587832,0,,,,0,0.551064085607791
0,0,2013,2013-09-22,258,Stuttgart I,08,Baden-Württemberg,erststimme,191191,152546,151248,1298,0.79787228478328,cdu,,,,0.0274449910081456,,,,0,0,,0,0,,0,,,0.00106447688564477,,,0.419608854331958,,0,,,,0,,0,0,,0,,,,,0,0.0257457949857188,,,0.00571247223103777,,,,,0.274529249973553,,,,,,,,0.0385062942981064,,,,,,0,0,,0,0.00444964561514863,0.00460832539934412,,0,0,,,0.0219176451920025,,0,,0,0,0,,,0.165622024754046,,,,,0,,,,0,0,,,,0.0107902253252936,0.419608854331958
0,0,2013,2013-09-22,258,Stuttgart I,08,Baden-Württemberg,zweitstimme,191191,152546,151500,1046,0.79787228478328,cdu,,,,0.0414587458745875,,,,0,0,,0.000897689768976898,0,,0,,,0.000521452145214521,,,0.374877887788779,,0,,,,0,,0,0,,0,,,,,0,0.0828250825082508,,,0.00425742574257426,,,,,0.175141914191419,,,,,,,,0.0622574257425743,,,,,,0.00067986798679868,0,,0,0.00333993399339934,0.00348514851485149,,0.000600660066006601,0.00112211221122112,,,0.0286336633663366,,0.000435643564356436,,0,0.0017029702970297,0.00147854785478548,,,0.209676567656766,,,,,0.00567656765676568,,,,0,0.000930693069306931,,,,0,0.374877887788779
0,0,2013,2013-09-22,259,Stuttgart II,08,Baden-Württemberg,erststimme,183064,134355,132835,1520,0.733923655115151,cdu,,,,0.0338540294350134,,,,0,0,,0,0,,0,,,0.000910904505589641,,,0.438303158053224,,0,,,,0,,0,0,,0,,,,,0,0.0270561222569353,,,0.00905634810102759,,,,,0.139308164263936,,,,,,,,0.049934128806414,,,,,,0.00211540633116272,0,,0,0.0080852185041593,0,,0,0,,,0.0230662099597245,,0,,0,0,0,,,0.261151052057063,,,,,0,,,,0,0,,,,0.00715925772574999,0.438303158053224
0,0,2013,2013-09-22,259,Stuttgart II,08,Baden-Württemberg,zweitstimme,183064,134355,133041,1314,0.733923655115151,cdu,,,,0.0454521538473102,,,,0,0,,0.00191670236994611,0,,0,,,0.00033072511481423,,,0.393284776873295,,0,,,,0,,0,0,,0,,,,,0,0.067047000548703,,,0.00550206327372765,,,,,0.137859757518359,,,,,,,,0.0669117039108245,,,,,,0.00164610909418901,0,,0,0.00600566742583114,0.00287129531497809,,0.000631384310099894,0.00101472478408912,,,0.0260070203922099,,0.000631384310099894,,0,0.00275854811674597,0.00360039386354582,,,0.229019625528972,,,,,0.00635894198029179,,,,0,0.00115002142196766,,,,0,0.393284776873295
0,0,2013,2013-09-22,260,Böblingen,08,Baden-Württemberg,erststimme,247128,191149,188749,2400,0.77348175844097,cdu,,,,0,,,,0,0,,0,0,,0,,,0,,,0.542561814897033,,0,,,,0,,0,0,,0,,,,,0,0.0344425665831342,,,0.012847750186756,,,,,0.0940402333257395,,,,,,,,0.0403763728549555,,,,,,0.00161590260080848,0,,0,0.0136742446317596,0,,0,0,,,0.0237458211699135,,0,,0,0,0,,,0.236695293749901,,,,,0,,,,0,0,,,,0,0.542561814897033
0,0,2013,2013-09-22,260,Böblingen,08,Baden-Württemberg,zweitstimme,247128,191149,189277,1872,0.77348175844097,cdu,,,,0.0510680114329792,,,,0,0,,0.000972120225912287,0,,0,,,0.000449077278274698,,,0.468804978946201,,0,,,,0,,0,0,,0,,,,,0,0.0714085705077743,,,0.00682069136767806,,,,,0.103620619515314,,,,,,,,0.0435023801095749,,,,,,0.00086117172186795,0,,0,0.00920872583567998,0.00281597869788722,,0.000612858403292529,0.00323863966567517,,,0.021835722248345,,0.000850605197673252,,0,0.00174875975422265,0.00299032634709975,,,0.199749573376586,,,,,0.00703202185157204,,,,0,0.00240916751639132,,,,0,0.468804978946201
0,0,2013,2013-09-22,261,Esslingen,08,Baden-Württemberg,erststimme,166975,129700,128425,1275,0.776762988471328,cdu,,,,0.0301421062877166,,,,0,0,,0,0,,0,,,0,,,0.512555966517423,,0,,,,0,,0,0,,0,,,,,0,0.0192641619622348,,,0,,,,,0.110850691064824,,,,,,,,0.0372824605801051,,,,,,0,0,,0,0.00710142106287717,0,,0,0,,,0.022861592369087,,0,,0,0,0.00781779248588671,,,0.252123807669846,,,,,0,,,,0,0,,,,0,0.512555966517423
0,0,2013,2013-09-22,261,Esslingen,08,Baden-Württemberg,zweitstimme,166975,129700,128536,1164,0.776762988471328,cdu,,,,0.0453958424099085,,,,0,0,,0.00111252878570984,0,,0,,,0.000140038588411029,,,0.448107923072135,,0,,,,0,,0,0,,0,,,,,0,0.0611424036845709,,,0.00503360926121865,,,,,0.12045652579822,,,,,,,,0.0456059002925251,,,,,,0.000863571295201344,0,,0,0.00684633098898363,0.00234953631667393,,0.000692413020476754,0.00128368706043443,,,0.0223361548515591,,0.000684633098898363,,0,0.00190608078670567,0.0067918715379349,,,0.219432688118504,,,,,0.00863571295201344,,,,0,0.00118254807991535,,,,0,0.448107923072135
0,0,2013,2013-09-22,262,Nürtingen,08,Baden-Württemberg,erststimme,205756,160053,158373,1680,0.777877680359261,cdu,,,,0.0319183194105056,,,,0,0,,0,0,,0,,,0,,,0.509619695276341,,0,,,,0,,0,0,,0,,,,,0,0.0252378877712741,,,0.0072108250775069,,,,,0.0990383461827458,,,,,,,,0.0328654505502832,,,,,,0,0,,0,0.00758336332581943,0,,0,0,,,0.0204454042039994,,0,,0,0,0.0134303195620466,,,0.252650388639478,,,,,0,,,,0,0,,,,0,0.509619695276341
0,0,2013,2013-09-22,262,Nürtingen,08,Baden-Württemberg,zweitstimme,205756,160053,158426,1627,0.777877680359261,cdu,,,,0.0479656117051494,,,,0,0,,0.000706954666532009,0,,0,,,6.31209523689293e-05,,,0.459798265436229,,0,,,,0,,0,0,,0,,,,,0,0.0686755961773951,,,0.00577556714175703,,,,,0.116363475692121,,,,,,,,0.0412369181826215,,,,,,0.000372413618976683,0,,0,0.00745458447477056,0.00300455733276104,,0.000624897428452401,0.00233547523765039,,,0.0227361670432884,,0.000807948190322296,,0,0.00244278085667757,0.0110082940931413,,,0.198824687866891,,,,,0.00778281342708899,,,,0,0.00201987047580574,,,,0,0.459798265436229
0,0,2013,2013-09-22,263,Göppingen,08,Baden-Württemberg,erststimme,179130,132632,130711,1921,0.740423156366884,cdu,,,,0.0527193579729327,,,,0,0,,0,0,,0,,,0,,,0.490356588198392,,0,,,,0,,0,0,,0,,,,,0,0.0336084950769254,,,0,,,,,0.107183022086894,,,,,,,,0.0360336926501978,,,,,,0,0,,0,0.0138702940073904,0.00455967745637322,,0,0,,,0.0195622403623261,,0,,0,0,0,,,0.242106632188569,,,,,0,,,,0,0,,,,0,0.490356588198392
0,0,2013,2013-09-22,263,Göppingen,08,Baden-Württemberg,zweitstimme,179130,132632,131103,1529,0.740423156366884,cdu,,,,0.0629962701082355,,,,0,0,,0.000983959177135535,0,,0,,,0.000129669038847319,,,0.458097831476015,,0,,,,0,,0,0,,0,,,,,0,0.0583205571192116,,,0.00404262297582817,,,,,0.101256264158715,,,,,,,,0.0424780516082775,,,,,,0.000511048564868844,0,,0,0.0121965172421684,0.00307391897973349,,0.000877172909849508,0.00183062172490332,,,0.0200529354782118,,0.000709365918400037,,0,0.00220437366040441,0.00421042996727764,,,0.216890536448441,,,,,0.0076275905204305,,,,0,0.00151026292304524,,,,0,0.458097831476015
0,0,2013,2013-09-22,264,Waiblingen,08,Baden-Württemberg,erststimme,221739,171509,169399,2110,0.773472415768088,cdu,,,,0.038388656367511,,,,0,0,,0,0,,0,,,0,,,0.51406442777112,,0,,,,0,,0,0,,0,,,,,0,0.0375090762047001,,,0,,,,,0.105301684189399,,,,,,,,0.0366649153773045,,,,,,0,0,,0,0.013246831445286,0,,0,0,,,0.0220721491862408,,0,,0,0,0,,,0.229682583722454,,,,,0,,,,0.00306967573598427,0,,,,0,0.51406442777112
0,0,2013,2013-09-22,264,Waiblingen,08,Baden-Württemberg,zweitstimme,221739,171509,169859,1650,0.773472415768088,cdu,,,,0.0539270806963423,,,,0,0,,0.000600498060155776,0,,0,,,9.41957741420826e-05,,,0.456031178801241,,0,,,,0,,0,0,,0,,,,,0,0.0784591926244709,,,0.00332040103850841,,,,,0.103091387562625,,,,,,,,0.0451138885781737,,,,,,0.000682919362530099,0,,0,0.0104969415809583,0.00339693510499885,,0.000694693834297859,0.0036795224274251,,,0.0210939661719426,,0.000612272531923537,,0,0.0037678309656833,0.00391501186278031,,,0.200672322337939,,,,,0.00800075356619314,,,,0,0.00234900711766818,,,,0,0.456031178801241
0,0,2013,2013-09-22,265,Ludwigsburg,08,Baden-Württemberg,erststimme,209968,162815,160561,2254,0.775427684218548,cdu,,,,0,,,,0,0,,0,0,,0,,,0,,,0.504076332359664,,0,,,,0,,0,0,,0,,,,,0,0.0319255610017377,,,0.0210075921300939,,,,,0.134939368838012,,,,,,,,0.0481997496278673,,,,,,0,0,,0,0.0140195937992414,0.00713124606847242,,0,0,,,0.0270862787351848,,0,,0,0,0,,,0.211614277439727,,,,,0,,,,0,0,,,,0,0.504076332359664
0,0,2013,2013-09-22,265,Ludwigsburg,08,Baden-Württemberg,zweitstimme,209968,162815,161271,1544,0.775427684218548,cdu,,,,0.0511375262756478,,,,0,0,,0.000855702513161077,0,,0,,,0.00013021559982886,,,0.440141128907243,,0,,,,0,,0,0,,0,,,,,0,0.0690762753377855,,,0.00855702513161077,,,,,0.116834396760732,,,,,,,,0.0470884411952552,,,,,,0.000744089141879197,0,,0,0.00842680953178191,0.00345381376688927,,0.00084330102746309,0.00207104811156377,,,0.0221180497423591,,0.00088050548455705,,0,0.00314377662443961,0.00349101822398323,,,0.212921107948732,,,,,0.00683321861959063,,,,0,0.00125255005549665,,,,0,0.440141128907243
0,0,2013,2013-09-22,266,Neckar-Zaber,08,Baden-Württemberg,erststimme,226751,177134,174280,2854,0.781182883427196,cdu,,,,0,,,,0,0,,0,0,,0,,,0,,,0.531862520082626,,0,,,,0,,0,0,,0,,,,,0,0.0310075740188203,,,0,,,,,0.0945260500344274,,,,,,,,0.0441645627725499,,,,,,0,0,,0,0.0197498278632086,0.0149644250631168,,0,0,,,0,,0,,0,0,0,,,0.263725040165251,,,,,0,,,,0,0,,,,0,0.531862520082626
0,0,2013,2013-09-22,266,Neckar-Zaber,08,Baden-Württemberg,zweitstimme,226751,177134,175258,1876,0.781182883427196,cdu,,,,0.0553640917960949,,,,0,0,,0.00106129249449383,0,,0,,,0.000450764016478563,,,0.452886601467551,,0,,,,0,,0,0,,0,,,,,0,0.0673236029168426,,,0.00599687318125278,,,,,0.105849661641694,,,,,,,,0.0414874071369067,,,,,,0.00049070513186274,0,,0,0.0109609832361433,0.0040226409065492,,0.00102135137910966,0.00270458409887138,,,0.0217393785162446,,0.00108411598899908,,0,0.00368028848897055,0.00421093473621746,,,0.210255737255931,,,,,0.00770292939551975,,,,0,0.00170605621426697,,,,0,0.452886601467551
0,0,2013,2013-09-22,267,Heilbronn,08,Baden-Württemberg,erststimme,241656,173772,170887,2885,0.719088290793525,cdu,,,,0,,,,0,0,,0,0,,0,,,0,,,0.513655222456945,,0,,,,0,,0,0,,0,,,,,0,0.0361525452491998,,,0,,,,,0.074733595885,,,,,,,,0.0442046498563378,,,,,,0.00235828354409639,0,,0,0.0228513579148794,0.00859632388654491,,0,0,,,0.0269125211397005,,0,,0,0,0,,,0.270535500067296,,,,,0,,,,0,0,,,,0,0.513655222456945
0,0,2013,2013-09-22,267,Heilbronn,08,Baden-Württemberg,zweitstimme,241656,173772,171590,2182,0.719088290793525,cdu,,,,0.0540299551255901,,,,0,0,,0.00187656623346349,0,,0,,,0.000163179672475086,,,0.457742292674398,,0,,,,0,,0,0,,0,,,,,0,0.0636808671834023,,,0.0044932688385104,,,,,0.0854478699224897,,,,,,,,0.0474270062357946,,,,,,0.000734308526137887,0,,0,0.0155720030304796,0.00426015502068885,,0.000967422343959438,0.00251762923247276,,,0.0220817063931465,,0.00152106766128562,,0,0.0031703479223731,0.00416690949356023,,,0.221067661285623,,,,,0.00728480680692348,,,,0,0.00179497639722595,,,,0,0.457742292674398
0,0,2013,2013-09-22,268,Schwäbisch Hall - Hohenlohe,08,Baden-Württemberg,erststimme,224384,158389,155765,2624,0.705883663719338,cdu,,,,0,,,,0,0,,0,0,,0,,,0,,,0.522755432863609,,0,,,,0,,0,0,,0,,,,,0,0.0393413154431355,,,0,,,,,0.0999518505440889,,,,,,,,0.0425384393156357,,,,,,0,0,,0,0.0204410490161461,0.0184701312875165,,0,0,,,0.0271306134240683,,0,,0,0,0,,,0.2293711681058,,,,,0,,,,0,0,,,,0,0.522755432863609
0,0,2013,2013-09-22,268,Schwäbisch Hall - Hohenlohe,08,Baden-Württemberg,zweitstimme,224384,158389,156233,2156,0.705883663719338,cdu,,,,0.0499190311905935,,,,0,0,,0.000601665461202179,0,,0,,,0.000147216017102661,,,0.466194721985752,,0,,,,0,,0,0,,0,,,,,0,0.0662792111781762,,,0.00389162340862686,,,,,0.100113292326205,,,,,,,,0.0482292473421108,,,,,,0.000518456408057197,0,,0,0.0135630756626321,0.00760402731817222,,0.00111372117286361,0.00367399973117075,,,0.0215767475501335,,0.000934501673782107,,0,0.00282910780692939,0.00382121574827341,,,0.19989374843983,,,,,0.00731599598036266,,,,0,0.00177939359802347,,,,0,0.466194721985752
0,0,2013,2013-09-22,269,Backnang - Schwäbisch Gmünd,08,Baden-Württemberg,erststimme,175434,130255,127787,2468,0.742472952791363,cdu,,,,0,,,,0,0,,0,0,,0,,,0,,,0.553640041631778,,0,,,,0,,0,0,,0,,,,,0,0.0277101739613576,,,0,,,,,0.081690625807007,,,,,,,,0.0397458270403093,,,,,,0,0,,0,0.0191803548091746,0,,0,0,,,0.0301752134411169,,0,,0,0,0,,,0.247857763309257,,,,,0,,,,0,0,,,,0,0.553640041631778
0,0,2013,2013-09-22,269,Backnang - Schwäbisch Gmünd,08,Baden-Württemberg,zweitstimme,175434,130255,128608,1647,0.742472952791363,cdu,,,,0.0565128141328689,,,,0,0,,0.000427656133366509,0,,0,,,0.000225491415775068,,,0.483920129385419,,0,,,,0,,0,0,,0,,,,,0,0.0576947001741727,,,0.00336682010450361,,,,,0.0906397735755163,,,,,,,,0.0424079372978353,,,,,,0.000590943020651904,0,,0,0.0123398233391391,0.00329684000995272,,0.00131407066434436,0.00399664095546156,,,0.0214683378949988,,0.000948619059467529,,0,0.00312577755660612,0.00425323463548146,,,0.20370427967156,,,,,0.00786109728788256,,,,0,0.00190501368499627,,,,0,0.483920129385419
0,0,2013,2013-09-22,270,Aalen - Heidenheim,08,Baden-Württemberg,erststimme,222959,162969,160110,2859,0.730937078117501,cdu,,,,0,,,,0,0,,0,0,,0,,,0,,,0.576434950971207,,0,,,,0,,0,0,,0.00144275810380364,,,,,0,0.0178439822621947,,,0,,,,,0.0774592467678471,,,,,,,,0.049522203485104,,,,,,0,0,,0,0,0,,0,0,,,0.0308163137842733,,0,,0,0,0,,,0.24648054462557,,,,,0,,,,0,0,,,,0,0.576434950971207
0,0,2013,2013-09-22,270,Aalen - Heidenheim,08,Baden-Württemberg,zweitstimme,222959,162969,160933,2036,0.730937078117501,cdu,,,,0.0450808721641926,,,,0,0,,0.000596521533805994,0,,0,,,9.94202556343323e-05,,,0.493428942479168,,0,,,,0,,0,0,,0,,,,,0,0.0451554373559183,,,0.00429992605618487,,,,,0.0840846812027366,,,,,,,,0.0464976108069818,,,,,,0.000304474532880143,0,,0,0.0134590171064977,0.00407001671503048,,0.000770506981166075,0.00201326017659523,,,0.0193745223167405,,0.00100041632232047,,0,0.0027961946897156,0.00610813195553429,,,0.222831861706424,,,,,0.00627590363691723,,,,0,0.00175228200555511,,,,0,0.493428942479168
0,0,2013,2013-09-22,271,Karlsruhe-Stadt,08,Baden-Württemberg,erststimme,205735,150050,148111,1939,0.729336282110482,cdu,,,,0.0403953791413197,,,,0,0,,0,0,,0,,,0,,,0.394649958477088,,0,,,,0,,0,0,,0,,,,,0,0.0318274807407958,,,0.00669767944312036,,,,,0.137309180276954,,,,,,,,0.0489767809278177,,,,,,0,0,,0,0.00615754400415904,0,,0,0,,,0.0347644671901479,,0,,0,0,0.00305176523013146,,,0.296169764568466,,,,,0,,,,0,0,,,,0,0.394649958477088
0,0,2013,2013-09-22,271,Karlsruhe-Stadt,08,Baden-Württemberg,zweitstimme,205735,150050,148606,1444,0.729336282110482,cdu,,,,0.0560811811097802,,,,0,0,,0.000518148661561444,0,,0,,,0.000228792915494664,,,0.375428986716553,,0,,,,0,,0,0,,0,,,,,0,0.060414788097385,,,0.00487194325935696,,,,,0.149812255225226,,,,,,,,0.0601119739445244,,,,,,0.000625815915911874,0,,0,0.0057400104975573,0.00284645303688949,,0.000780587594040618,0.00137948669636488,,,0.0404357832119834,,0.000605628305721169,,0,0.00168230084922547,0.00236867959570946,,,0.22734613676433,,,,,0.00747614497395798,,,,0,0.00124490262842685,,,,0,0.375428986716553
0,0,2013,2013-09-22,272,Karlsruhe-Land,08,Baden-Württemberg,erststimme,209733,159992,157255,2737,0.762836558862935,cdu,,,,0,,,,0,0,,0,0,,0,,,0,,,0.53319767257003,,0,,,,0,,0,0,,0,,,,,0,0.028552351276589,,,0.0161330323360148,,,,,0.0782041906457664,,,,,,,,0.0374932434580776,,,,,,0,0,,0,0.0117834091125878,0,,0,0,,,0.0278146958761248,,0,,0,0,0.00778353629455343,,,0.259037868430257,,,,,0,,,,0,0,,,,0,0.53319767257003
0,0,2013,2013-09-22,272,Karlsruhe-Land,08,Baden-Württemberg,zweitstimme,209733,159992,158105,1887,0.762836558862935,cdu,,,,0.0599158786882135,,,,0,0,,0.000392144460959489,0,,0,,,0.000101198570570191,,,0.466810031308308,,0,,,,0,,0,0,,0,,,,,0,0.0604218715410645,,,0.00762151734606749,,,,,0.0959805192751652,,,,,,,,0.0408652477783751,,,,,,0.000259321337086114,0,,0,0.00822870876948863,0.00218841908858037,,0.000955061509756175,0.00310553113437273,,,0.0237879889946555,,0.00123968248948484,,0,0.00244141551500585,0.00461718478226495,,,0.211353214635843,,,,,0.00808323582429398,,,,0,0.00163182695044432,,,,0,0.466810031308308
0,0,2013,2013-09-22,273,Rastatt,08,Baden-Württemberg,erststimme,207555,148159,145646,2513,0.713830069138301,cdu,,,,0.0482059239525974,,,,0,0,,0,0,,0,,,0,,,0.534515194375403,,0,,,,0,,0,0,,0,,,,,0,0.0310822130370899,,,0,,,,,0.0839913214231767,,,,,,,,0.0348310286585282,,,,,,0,0,,0,0.0112739107150214,0,,0,0,,,0.020996113865125,,0,,0,0,0,,,0.229886162338822,,,,,0,,,,0,0,,,,0.00521813163423644,0.534515194375403
0,0,2013,2013-09-22,273,Rastatt,08,Baden-Württemberg,zweitstimme,207555,148159,145957,2202,0.713830069138301,cdu,,,,0.0575306425865152,,,,0,0,,0.000315161314633762,0,,0,,,8.2215995121851e-05,,,0.491596840165254,,0,,,,0,,0,0,,0,,,,,0,0.0577978445706612,,,0.00514535102804251,,,,,0.0905951752913529,,,,,,,,0.0414848208719006,,,,,,0.000369971978048329,0,,0,0.00965352809389067,0.00191837321950986,,0.000938632610974465,0.00119213192926684,,,0.0199099734853416,,0.00082901128414533,,0,0.00260350651219195,0.00257610118048466,,,0.205834595120481,,,,,0.0073720342292593,,,,0,0.00225408853292408,,,,0,0.491596840165254
0,0,2013,2013-09-22,274,Heidelberg,08,Baden-Württemberg,erststimme,215943,168177,166319,1858,0.778802739611842,cdu,,,,0.0489601308329175,,,,0,0,,0,0,,0,,,0,,,0.409219632152671,,0,,,,0,,0.00434105544165129,0,,0,,,,,0,0.0311449684040909,,,0.00466573271845069,,,,,0.122607759786916,,,,,,,,0.0414384405870646,,,,,,0,0,,0,0.00727517601717182,0.00398631545403712,,0,0,,,0.0206230196189251,,0,,0,0,0,,,0.305737768986105,,,,,0,,,,0,0,,,,0,0.409219632152671
0,0,2013,2013-09-22,274,Heidelberg,08,Baden-Württemberg,zweitstimme,215943,168177,166406,1771,0.778802739611842,cdu,,,,0.0614100453108662,,,,0,0,,0.00051079888946312,0,,0,,,6.00939869956612e-05,,,0.374571830342656,,0,,,,0,,0,0,,0,,,,,0,0.0698652692811557,,,0.00460319940386765,,,,,0.147837217408026,,,,,,,,0.0565664699590159,,,,,,0.000264413542780909,0,,0,0.00682667692270711,0.00243380647332428,,0.000727137242647501,0.000871362811437088,,,0.0275290554427124,,0.000456714301167025,,0,0.00173671622417461,0.00161051885148372,,,0.233855750393616,,,,,0.00713315625638499,,,,0,0.00112976695551843,,,,0,0.374571830342656
0,0,2013,2013-09-22,275,Mannheim,08,Baden-Württemberg,erststimme,198525,137796,135167,2629,0.694098979977333,cdu,,,,0,,,,0,0,,0,0,,0,,,0,,,0.398166712289242,,0,,,,0,,0.00706533399424416,0,,0,,,,,0,0.0279062197133916,,,0,,,,,0.122396738848979,,,,,,,,0.0662217849031199,,,,,,0.00199752898266589,0,,0,0.0185992143052668,0,,0,0,,,0.0340763647931818,,0,,0,0,0,,,0.323570102169908,,,,,0,,,,0,0,,,,0,0.398166712289242
0,0,2013,2013-09-22,275,Mannheim,08,Baden-Württemberg,zweitstimme,198525,137796,135744,2052,0.694098979977333,cdu,,,,0.0600247524752475,,,,0,0,,0.000766148043375766,0,,0,,,0.000198903818953324,,,0.350645332390382,,0,,,,0,,0,0,,0,,,,,0,0.0547132838283828,,,0.0034255657708628,,,,,0.110848361621876,,,,,,,,0.0753403465346535,,,,,,0.000884016973125884,0,,0,0.0116763908533711,0.0020479726544083,,0.000736680810938237,0.00119342291371994,,,0.0315815063649222,,0.001001885902876,,0,0.00366130363036304,0.00378653936822254,,,0.275275518623291,,,,,0.0101514615747289,,,,0,0.00204060584629892,,,,0,0.350645332390382
0,0,2013,2013-09-22,276,Odenwald - Tauber,08,Baden-Württemberg,erststimme,213424,155585,153285,2300,0.72899486468251,cdu,,,,0.0409694360178752,,,,0,0,,0,0,,0,,,0,,,0.591212447401898,,0,,,,0,,0,0,,0,,,,,0,0.0183122940927031,,,0,,,,,0.0588381120135695,,,,,,,,0.0336497374172293,,,,,,0,0,,0,0.0142023028998271,0.0101510258668493,,0,0,,,0.019362625175327,,0,,0,0,0,,,0.213302019114721,,,,,0,,,,0,0,,,,0,0.591212447401898
0,0,2013,2013-09-22,276,Odenwald - Tauber,08,Baden-Württemberg,zweitstimme,213424,155585,153246,2339,0.72899486468251,cdu,,,,0.0521644936898842,,,,0,0,,0.000489409185231588,0,,0,,,0.000156610939274108,,,0.518878143638333,,0,,,,0,,0,0,,0,,,,,0,0.0519165263693669,,,0.00594469023661303,,,,,0.0716756065411169,,,,,,,,0.0416258825678974,,,,,,0.000221865497304987,0,,0,0.0132009970896467,0.00672121947718048,,0.000920089268235386,0.00138992208605771,,,0.0198961147436148,,0.000972292914660089,,0,0.00251882593999191,0.00401315531889903,,,0.197519021703666,,,,,0.00782402150790233,,,,0,0.00195111128512327,,,,0,0.518878143638333
0,0,2013,2013-09-22,277,Rhein-Neckar,08,Baden-Württemberg,erststimme,197424,147782,145554,2228,0.74855134127563,cdu,,,,0.0458592687250093,,,,0,0,,0,0,,0,,,0,,,0.496523626970059,,0,,,,0,,0,0,,0,,,,,0,0.0254819517155145,,,0,,,,,0.0826566085439081,,,,,,,,0.0400126413564725,,,,,,0,0,,0,0.0140154169586545,0.00521455954491117,,0,0,,,0.0265605891971365,,0,,0,0,0.00450004809211702,,,0.259175288896217,,,,,0,,,,0,0,,,,0,0.496523626970059
0,0,2013,2013-09-22,277,Rhein-Neckar,08,Baden-Württemberg,zweitstimme,197424,147782,145747,2035,0.74855134127563,cdu,,,,0.0602825444091474,,,,0,0,,0.000494006737703006,0,,0,,,0.000123501684425751,,,0.43826631079885,,0,,,,0,,0,0,,0,,,,,0,0.0647972170953776,,,0.0063946427713778,,,,,0.0954530796517253,,,,,,,,0.0477471234399336,,,,,,0.000247003368851503,0,,0,0.0132832922804586,0.00288856717462452,,0.00100173588478665,0.00181135803824435,,,0.026820449134459,,0.000857650586289941,,0,0.00234653200408928,0.00405497197197884,,,0.222687259429011,,,,,0.00861081188635101,,,,0,0.00183194165231531,,,,0,0.43826631079885
0,0,2013,2013-09-22,278,Bruchsal - Schwetzingen,08,Baden-Württemberg,erststimme,195953,145107,142639,2468,0.740519410266748,cdu,,,,0.0440061974635268,,,,0,0,,0,0,,0,,,0,,,0.518399596183372,,0,,,,0,,0,0,,0,,,,,0,0.0278044574064597,,,0.0126473124461052,,,,,0.0678496063488948,,,,,,,,0.0374722200800623,,,,,,0,0,,0,0.0120303703755635,0,,0,0,,,0.0238083553586326,,0,,0,0,0.00884049944264893,,,0.247141384894734,,,,,0,,,,0,0,,,,0,0.518399596183372
0,0,2013,2013-09-22,278,Bruchsal - Schwetzingen,08,Baden-Württemberg,zweitstimme,195953,145107,143035,2072,0.740519410266748,cdu,,,,0.060824273779145,,,,0,0,,0.000622225329464816,0,,0,,,0.000153808508407033,,,0.466011815289964,,0,,,,0,,0,0,,0,,,,,0,0.0568602090397455,,,0.00953612752123606,,,,,0.0817701961058482,,,,,,,,0.0444436676337959,,,,,,0.0002936344251407,0,,0,0.0113818296221205,0.00194358024259797,,0.00120949417974622,0.00114657251721607,,,0.0248610479952459,,0.0011745377005628,,0,0.00292236165973363,0.00728493026182403,,,0.215758380815884,,,,,0.00989967490474359,,,,0,0.00190163246757787,,,,0,0.466011815289964
0,0,2013,2013-09-22,279,Pforzheim,08,Baden-Württemberg,erststimme,219976,159491,157197,2294,0.725038185983926,cdu,,,,0.0511778214596971,,,,0,0,,0,0,,0,,,0,,,0.494519615514291,,0,,,,0,,0,0,,0,,,,,0,0.0576601334631068,,,0.00864520315273192,,,,,0.0797661532980909,,,,,,,,0.0409358957232008,,,,,,0,0,,0,0.0159163342811886,0,,0,0,,,0.0219915138329612,,0,,0,0,0,,,0.229387329274732,,,,,0,,,,0,0,,,,0,0.494519615514291
0,0,2013,2013-09-22,279,Pforzheim,08,Baden-Württemberg,zweitstimme,219976,159491,157396,2095,0.725038185983926,cdu,,,,0.0722953569341025,,,,0,0,,0.00062263335789982,0,,0,,,9.53010241683397e-05,,,0.451072454191974,,0,,,,0,,0,0,,0,,,,,0,0.0709738493989682,,,0.00644234923377977,,,,,0.0894622480876261,,,,,,,,0.0460494548781418,,,,,,0.000241429261226461,0,,0,0.0135009784238481,0.00247147322676561,,0.00101654425779562,0.00379933416351114,,,0.0216333324862131,,0.00111819868357519,,0,0.00292256474116242,0.00389463518767948,,,0.201961930417546,,,,,0.00841190373325879,,,,0,0.00201402831075758,,,,0,0.451072454191974
0,0,2013,2013-09-22,280,Calw,08,Baden-Württemberg,erststimme,197679,145151,142709,2442,0.734276276185128,cdu,,,,0,,,,0,0,,0,0,,0,,,0,,,0.585204857437162,,0,,,,0,,0,0,,0,,,,,0,0.0285335893321374,,,0.0159064950353517,,,,,0.0703249269492464,,,,,,,,0.0427022822667106,,,,,,0,0,,0,0.0147643105900819,0.00815645824720235,,0,0,,,0.0212880757345367,,0,,0,0,0.0106650596668746,,,0.202453944740696,,,,,0,,,,0,0,,,,0,0.585204857437162
0,0,2013,2013-09-22,280,Calw,08,Baden-Württemberg,zweitstimme,197679,145151,143270,1881,0.734276276185128,cdu,,,,0.0629091924338661,,,,0,0,,0.000614224890067704,0,,0,,,0.000146576394220702,,,0.511363160466253,,0,,,,0,,0,0,,0,,,,,0,0.0641725413554827,,,0.00709848537725972,,,,,0.076401200530467,,,,,,,,0.0415160187059398,,,,,,0.000272213303552733,0,,0,0.0117889299923222,0.00365743002722133,,0.000816639910658198,0.00555594332379423,,,0.0184407063586236,,0.000851539052139317,,0,0.0028617296014518,0.00630976477978642,,,0.176484958470022,,,,,0.00694492915474279,,,,0,0.00179381587212955,,,,0,0.511363160466253
0,0,2013,2013-09-22,281,Freiburg,08,Baden-Württemberg,erststimme,219472,168260,166534,1726,0.766658161405555,cdu,,,,0.0252621086384762,,,,0,0,,0,0,,0,,,0,,,0.348913735333325,,0,,,,0,,0,0,,0,,,,,0,0.0191072093386336,,,0.00667131036304899,,,,,0.208738155571835,,,,,,,,0.0485366351615886,,,,,,0,0,,0,0.00570454081448833,0,,0,0,,,0.0229923018722903,,0,,0,0,0,,,0.300263009355447,,,,,0,,,,0.0027141604717355,0,,,,0.011096833079131,0.348913735333325
0,0,2013,2013-09-22,281,Freiburg,08,Baden-Württemberg,zweitstimme,219472,168260,166579,1681,0.766658161405555,cdu,,,,0.0383241585073749,,,,0,0,,0.000312164198368342,0,,0,,,0.000126066310879523,,,0.354228324098476,,0,,,,0,,0,0,,0,,,,,0,0.0483794475894321,,,0.0043943114078005,,,,,0.198368341747759,,,,,,,,0.0786713811464831,,,,,,0.000462243139891583,0,,0,0.00470647560616885,0.00385402721831683,,0.000720378919311558,0.00197503887044585,,,0.0298537030478031,,0.000528277874161809,,0,0.00217914623091746,0.00169289046038216,,,0.220862173503263,,,,,0.00879462597326194,,,,0,0.00156682414950264,,,,0,0.354228324098476
0,0,2013,2013-09-22,282,Lörrach - Müllheim,08,Baden-Württemberg,erststimme,229316,164341,162043,2298,0.71665736363795,cdu,,,,0.0359102213609968,,,,0,0,,0,0,,0,,,0,,,0.501132415469968,,0,,,,0,,0,0,,0,,,,,0,0.0237961528730028,,,0,,,,,0.120140950241603,,,,,,,,0.038909425276007,,,,,,0,0,,0,0.0107440617613843,0,,0,0,,,0.0231234919126405,,0,,0,0,0,,,0.246243281104398,,,,,0,,,,0,0,,,,0,0.501132415469968
0,0,2013,2013-09-22,282,Lörrach - Müllheim,08,Baden-Württemberg,zweitstimme,229316,164341,162202,2139,0.71665736363795,cdu,,,,0.050967312363596,,,,0,0,,0.000431560646601152,0,,0,,,0.000147963650263252,,,0.437035301660892,,0,,,,0,,0,0,,0,,,,,0,0.0564666280317135,,,0.004549882245595,,,,,0.126958977077965,,,,,,,,0.0484334348528378,,,,,,0.000308257604715108,0,,0,0.00870519475715466,0.00252771235866389,,0.000930937966239627,0.00363743973563828,,,0.022157556626922,,0.000733653099221958,,0,0.00281747450709609,0.00363127458354398,,,0.217802493187507,,,,,0.00858805686736292,,,,0,0.00316888817647131,,,,0,0.437035301660892
0,0,2013,2013-09-22,283,Emmendingen - Lahr,08,Baden-Württemberg,erststimme,215623,153869,150615,3254,0.713601981235768,cdu,,,,0,,,,0,0,,0,0,,0,,,0,,,0.523168343126515,,0,,,,0,,0,0,,0,,,,,0,0.0182053580320685,,,0,,,,,0.115313879759652,,,,,,,,0.0464893934867045,,,,,,0,0,,0,0.0128008498489526,0.0199581714968629,,0,0,,,0,,0,,0,0,0,,,0.264064004249245,,,,,0,,,,0,0,,,,0,0.523168343126515
0,0,2013,2013-09-22,283,Emmendingen - Lahr,08,Baden-Württemberg,zweitstimme,215623,153869,151269,2600,0.713601981235768,cdu,,,,0.0451050777092464,,,,0,0,,0.000218154413660433,0,,0,,,0.000171879235005189,,,0.457939167972288,,0,,,,0,,0,0,,0,,,,,0,0.0512266227713543,,,0.00469362526360325,,,,,0.120930263305767,,,,,,,,0.0463809504921696,,,,,,0.000191711454428865,0,,0,0.00777423001408088,0.0071858741711785,,0.000806510256562812,0.00262446370373308,,,0.0242415828755396,,0.000667684720597082,,0,0.0024525844687279,0.00273023554065936,,,0.212409680767375,,,,,0.00985000231375893,,,,0,0.00239969855026476,,,,0,0.457939167972288
0,0,2013,2013-09-22,284,Offenburg,08,Baden-Württemberg,erststimme,205119,145259,142873,2386,0.708169404102009,cdu,,,,0.0389366780287388,,,,0,0,,0,0,,0,,,0,,,0.560518782415152,,0,,,,0,,0,0,,0,,,,,0,0.0214386203131452,,,0.00560637769207618,,,,,0.0987660369698964,,,,,,,,0.0425762740335823,,,,,,0,0,,0,0.0102958571598553,0,,0,0,,,0.0198497966725693,,0,,0,0,0,,,0.202011576714985,,,,,0,,,,0,0,,,,0,0.560518782415152
0,0,2013,2013-09-22,284,Offenburg,08,Baden-Württemberg,zweitstimme,205119,145259,142822,2437,0.708169404102009,cdu,,,,0.0542143367268348,,,,0,0,,0.00016804133816919,0,,0,,,9.80241139320273e-05,,,0.48292980073098,,0,,,,0,,0,0,,0,,,,,0,0.0569940205290502,,,0.00596546750500623,,,,,0.107203372029519,,,,,,,,0.0473456470291692,,,,,,0.000224055117558919,0,,0,0.009228270154458,0.00245060284830068,,0.00216353222892832,0.00152637548837014,,,0.0212012154990128,,0.000553136071473583,,0,0.00217753567377575,0.00233857528952122,,,0.192183277086163,,,,,0.008710142695103,,,,0,0.00232457184467379,,,,0,0.48292980073098
0,0,2013,2013-09-22,285,Rottweil - Tuttlingen,08,Baden-Württemberg,erststimme,199241,143449,140930,2519,0.719977313906274,cdu,,,,0.0504647697438445,,,,0,0,,0,0,,0,,,0,,,0.578421911587313,,0,,,,0,,0,0,,0,,,,,0,0.0334492301142411,,,0.0141346767898957,,,,,0.0748314766195984,,,,,,,,0.0375363655715604,,,,,,0,0,,0,0.0162917760590364,0.0171645497764848,,0,0,,,0,,0,,0,0,0,,,0.177705243738026,,,,,0,,,,0,0,,,,0,0.578421911587313
0,0,2013,2013-09-22,285,Rottweil - Tuttlingen,08,Baden-Württemberg,zweitstimme,199241,143449,141168,2281,0.719977313906274,cdu,,,,0.0581859911594696,,,,0,0,,0.000382522951377083,0,,0,,,0.000191261475688541,,,0.517100192678227,,0,,,,0,,0,0,,0,,,,,0,0.0639309191884847,,,0.00979683781026861,,,,,0.0735648305565001,,,,,,,,0.0396761305678341,,,,,,0.000205428992406211,0,,0,0.0147342173863765,0.00885469794854358,,0.00121132267936076,0.00255723676753939,,,0.0182902640825116,,0.000701292077524651,,0,0.00296101099399297,0.0029255922021988,,,0.175372605689675,,,,,0.00685707809135215,,,,0,0.00250056670066871,,,,0,0.517100192678227
0,0,2013,2013-09-22,286,Schwarzwald-Baar,08,Baden-Württemberg,erststimme,166191,119181,117366,1815,0.717132696716429,cdu,,,,0.0392191946560333,,,,0,0,,0,0,,0,,,0,,,0.566646217814359,,0,,,,0,,0,0,,0,,,,,0,0.0251009662082716,,,0.0157200552119012,,,,,0.0765468704735613,,,,,,,,0.0353083516520969,,,,,,0,0,,0,0.0167254571170526,0.00499292810524343,,0,0,,,0,,0,,0,0,0,,,0.189245607756931,,,,,0,,,,0,0,,,,0.0304943510045499,0.566646217814359
0,0,2013,2013-09-22,286,Schwarzwald-Baar,08,Baden-Württemberg,zweitstimme,166191,119181,117345,1836,0.717132696716429,cdu,,,,0.0570710298691891,,,,0,0,,0.000315309557288338,0,,0,,,0.000144871958754101,,,0.493519110315736,,0,,,,0,,0,0,,0,,,,,0,0.0590821935318931,,,0.00923771784055563,,,,,0.0904427116621927,,,,,,,,0.0414163364438195,,,,,,0.000485747155822575,0,,0,0.0148025054326985,0.00319570497251694,,0.001005581831352,0.00386041160680046,,,0.0192594486343687,,0.000647662874430099,,0,0.00288891729515531,0.00177255102475606,,,0.191009416677319,,,,,0.00789126081213516,,,,0,0.00195151050321701,,,,0,0.493519110315736
0,0,2013,2013-09-22,287,Konstanz,08,Baden-Württemberg,erststimme,202393,147557,145650,1907,0.729061775851932,cdu,,,,0.0401785101270168,,,,0,0,,0,0,,0,,,0,,,0.518530724339169,,0,,,,0,,0,0,,0,,,,,0,0.0375969790593889,,,0,,,,,0.132660487469962,,,,,,,,0.0410573292138689,,,,,,0,0,,0,0.00849296258153107,0.0075866803982149,,0,0,,,0.021956745623069,,0,,0,0,0,,,0.191939581187779,,,,,0,,,,0,0,,,,0,0.518530724339169
0,0,2013,2013-09-22,287,Konstanz,08,Baden-Württemberg,zweitstimme,202393,147557,145816,1741,0.729061775851932,cdu,,,,0.055048828660778,,,,0,0,,0.000336039940747243,0,,0,,,0.000137159159488671,,,0.435912382728919,,0,,,,0,,0,0,,0,,,,,0,0.073620178855544,,,0.00445081472540736,,,,,0.126501892796401,,,,,,,,0.0500288034234926,,,,,,0.000294892192900642,0,,0,0.00765348109946782,0.00453311022110057,,0.000692653755417787,0.00157733033411971,,,0.021876885938443,,0.000610358259724584,,0,0.00229741592143523,0.00136473363691227,,,0.202337192077687,,,,,0.00809239040983157,,,,0,0.00263345586218248,,,,0,0.435912382728919
0,0,2013,2013-09-22,288,Waldshut,08,Baden-Württemberg,erststimme,177313,128808,126441,2367,0.726444197548967,cdu,,,,0,,,,0,0,,0,0,,0,,,0,,,0.514144937164369,,0,,,,0,,0,0,,0,,,,,0,0.0330905323431482,,,0,,,,,0.100979903670487,,,,,,,,0.0443922461859682,,,,,,0,0,,0,0.0133975530089132,0.0143466122539366,,0,0,,,0,,0,,0,0,0,,,0.279648215373178,,,,,0,,,,0,0,,,,0,0.514144937164369
0,0,2013,2013-09-22,288,Waldshut,08,Baden-Württemberg,zweitstimme,177313,128808,127036,1772,0.726444197548967,cdu,,,,0.0470653987845965,,,,0,0,,0.000362102081299789,0,,0,,,0.00016530747189773,,,0.492852419786517,,0,,,,0,,0,0,,0,,,,,0,0.0575191284360339,,,0.00700588809471331,,,,,0.110102648068264,,,,,,,,0.0431531219496836,,,,,,0.000236153531282471,0,,0,0.00745457980415,0.00537642872886426,,0.000747819515727825,0.00179476683774678,,,0.0183806165181523,,0.00076356308447999,,0,0.00247174029408986,0.00499858307881231,,,0.189946156994868,,,,,0.00689568311344816,,,,0,0.00270789382537234,,,,0,0.492852419786517
0,0,2013,2013-09-22,289,Reutlingen,08,Baden-Württemberg,erststimme,199091,150014,148131,1883,0.753494633107473,cdu,,,,0.0434412783279665,,,,0,0,,0,0,,0,,,0,,,0.518932566444566,,0,,,,0,,0,0,,0,,,,,0,0.038243176647697,,,0.00755412438989813,,,,,0.124207627032829,,,,,,,,0.0402751618499841,,,,,,0.00199823129527243,0,,0,0.0119083783947992,0.00536012043394023,,0,0,,,0,,0,,0,0,0,,,0.201571581910606,,,,,0,,,,0,0,,,,0.00650775327244129,0.518932566444566
0,0,2013,2013-09-22,289,Reutlingen,08,Baden-Württemberg,zweitstimme,199091,150014,148022,1992,0.753494633107473,cdu,,,,0.0557011795543906,,,,0,0,,0.000479658429152423,0,,0,,,0.000155382308035292,,,0.462052938076772,,0,,,,0,,0,0,,0,,,,,0,0.0705368120954993,,,0.00591128345786437,,,,,0.109409412114415,,,,,,,,0.0478915296374863,,,,,,0.000939049600735026,0,,0,0.010248476577806,0.00341165502425315,,0.000743132777560092,0.0021213062923079,,,0.0220710434935347,,0.000702598262420451,,0,0.00233749037305265,0.00366837362013755,,,0.192930780559647,,,,,0.00649903392738917,,,,0,0.00218886381754064,,,,0,0.462052938076772
0,0,2013,2013-09-22,290,Tübingen,08,Baden-Württemberg,erststimme,193188,149768,147979,1789,0.775244839223968,cdu,,,,0.0343359530744227,,,,0,0,,0,0,,0,,,0,,,0.468674609235094,,0,,,,0,,0,0,,0,,,,,0,0.022692409058042,,,0,,,,,0.165408605275073,,,,,,,,0.0647997350975476,,,,,,0,0,,0,0.0105285209387819,0,,0,0,,,0.0297474641672129,,0,,0,0,0,,,0.203812703153826,,,,,0,,,,0,0,,,,0,0.468674609235094
0,0,2013,2013-09-22,290,Tübingen,08,Baden-Württemberg,zweitstimme,193188,149768,148281,1487,0.775244839223968,cdu,,,,0.0459600353383104,,,,0,0,,0.000492308522332598,0,,0,,,0.000202318570821616,,,0.417376467652633,,0,,,,0,,0,0,,0,,,,,0,0.0553543609767941,,,0.00343267175160675,,,,,0.148218584983916,,,,,,,,0.0662256121822755,,,,,,0.00064067547426845,0,,0,0.00874690621185452,0.00397218794046439,,0.000762066616761419,0.00229294380264498,,,0.026834186443307,,0.000633931521907729,,0,0.00186133085155886,0.00296059508635631,,,0.205130798956036,,,,,0.00710138183583871,,,,0,0.00180063528031238,,,,0,0.417376467652633
0,0,2013,2013-09-22,291,Ulm,08,Baden-Württemberg,erststimme,220702,167199,165046,2153,0.757578091725494,cdu,,,,0.036286853362093,,,,0,0,,0,0,,0,,,0,,,0.520969911418635,,0,,,,0,,0,0,,0,,,,,0,0.0264835258049271,,,0.0100578020673024,,,,,0.0971910861214449,,,,,,,,0.0364262084509773,,,,,,0,0,,0,0,0,,0,0,,,0.0261745210426184,,0,,0,0,0,,,0.23824267174,,,,,0,,,,0,0,,,,0.00816741999200223,0.520969911418635
0,0,2013,2013-09-22,291,Ulm,08,Baden-Württemberg,zweitstimme,220702,167199,165468,1731,0.757578091725494,cdu,,,,0.0473747189788962,,,,0,0,,0.000574129136751517,0,,0,,,0.000277999371479682,,,0.485713249691783,,0,,,,0,,0,0,,0,,,,,0,0.0523484903425436,,,0.00693185389319989,,,,,0.102877897841274,,,,,,,,0.0428300336016632,,,,,,0.00068895496410182,0,,0,0.0105579326516305,0.0043754683685063,,0.000852128508231199,0.00207895182150023,,,0.0246271182343414,,0.000888389295815505,,0,0.00255034206009621,0.00334203592235357,,,0.202045108419755,,,,,0.00699833200377112,,,,0,0.00206686489230546,,,,0,0.485713249691783
0,0,2013,2013-09-22,292,Biberach,08,Baden-Württemberg,erststimme,163772,121718,119587,2131,0.743216178589747,cdu,,,,0,,,,0,0,,0,0,,0,,,0,,,0.589863446695711,,0,,,,0,,0,0,,0,,,,,0,0.0214655439136361,,,0.0213902848971878,,,,,0.0899261625427513,,,,,,,,0.0335571592229925,,,,,,0,0,,0,0,0.0163730171339694,,0,0,,,0.0285231672338967,,0,,0,0,0,,,0.198901218359855,,,,,0,,,,0,0,,,,0,0.589863446695711
0,0,2013,2013-09-22,292,Biberach,08,Baden-Württemberg,zweitstimme,163772,121718,120088,1630,0.743216178589747,cdu,,,,0.0422356938245287,,,,0,0,,0.0005495969622277,0,,0,,,0.000233162347611751,,,0.562645726467257,,0,,,,0,,0,0,,0,,,,,0,0.0487226034241556,,,0.0126240756778363,,,,,0.0906585170874692,,,,,,,,0.0339334488042102,,,,,,0.000166544534008394,0,,0,0.00884351475584571,0.00970954633268936,,0.00111584837785624,0.00174039038038772,,,0.0208430484311505,,0.000874358803544068,,0,0.00263140363733262,0.0049880087935514,,,0.148341216441276,,,,,0.00686996202784625,,,,0,0.00227333288921458,,,,0,0.562645726467257
0,0,2013,2013-09-22,293,Bodensee,08,Baden-Württemberg,erststimme,171016,128696,126766,1930,0.752537774243346,cdu,,,,0,,,,0,0,,0,0,,0,,,0,,,0.539048325260717,,0,,,,0,,0,0,,0,,,,,0,0.0390877680135052,,,0.0123534701733903,,,,,0.112206743133017,,,,,,,,0.0453512771563353,,,,,,0,0,,0,0.0125743495890065,0.0111622990391745,,0,0,,,0.0222851553255605,,0,,0,0,0,,,0.205930612309294,,,,,0,,,,0,0,,,,0,0.539048325260717
0,0,2013,2013-09-22,293,Bodensee,08,Baden-Württemberg,zweitstimme,171016,128696,127209,1487,0.752537774243346,cdu,,,,0.0447216784975906,,,,0,0,,0.00029085992343309,0,,0,,,0.000165082659245808,,,0.487080316644263,,0,,,,0,,0,0,,0,,,,,0,0.0635646848886478,,,0.00678411118710154,,,,,0.11756243662005,,,,,,,,0.0442500137568883,,,,,,0.000400915029596963,0,,0,0.00857643720177032,0.00709069326855804,,0.000770385743147104,0.00128135587890794,,,0.0203916389563632,,0.000589580925877886,,0,0.00199671406897311,0.00238190694054666,,,0.181787452145682,,,,,0.00746802506111989,,,,0,0.00284571060223726,,,,0,0.487080316644263
0,0,2013,2013-09-22,294,Ravensburg,08,Baden-Württemberg,erststimme,185006,135877,134247,1630,0.734446450385393,cdu,,,,0.0273674644498574,,,,0,0,,0,0,,0,,,0,,,0.516302040269056,,0,,,,0,,0,0,,0,,,,,0,0.0247305340156577,,,0.00887915558634457,,,,,0.136300997415212,,,,,,,,0.0329541814714668,,,,,,0,0,,0,0.00932609294807333,0.0207229956721565,,0,0,,,0.0205665675955515,,0,,0,0,0,,,0.200443957779317,,,,,0,,,,0,0,,,,0.00240601279730646,0.516302040269056
0,0,2013,2013-09-22,294,Ravensburg,08,Baden-Württemberg,zweitstimme,185006,135877,134506,1371,0.734446450385393,cdu,,,,0.0386599854281593,,,,0,0,,0.000215603764887812,0,,0,,,0.000170996089393782,,,0.499985130774835,,0,,,,0,,0,0,,0,,,,,0,0.0523917148677382,,,0.00669858593668684,,,,,0.123198965101929,,,,,,,,0.0428977146000922,,,,,,0.0004460767549403,0,,0,0.00865388904584182,0.0147354021381946,,0.000765765095980849,0.00171739550652016,,,0.0210919958960939,,0.000631942069498759,,0,0.00220807993695449,0.00310766805941742,,,0.172973696340684,,,,,0.00707031656580376,,,,0,0.00237907602634827,,,,0,0.499985130774835
0,0,2013,2013-09-22,295,Zollernalb - Sigmaringen,08,Baden-Württemberg,erststimme,184370,132905,130191,2714,0.720860226718013,cdu,,,,0,,,,0,0,,0,0,,0,,,0,,,0.606539622554555,,0,,,,0,,0,0,,0,,,,,0,0.023573058045487,,,0.0285426796015086,,,,,0.0829704050203163,,,,,,,,0.0419383828375233,,,,,,0.0041784762387569,0,,0,0.0211688980037023,0.00917114086227159,,0,0,,,0,,0,,0,0,0,,,0.18191733683588,,,,,0,,,,0,0,,,,0,0.606539622554555
0,0,2013,2013-09-22,295,Zollernalb - Sigmaringen,08,Baden-Württemberg,zweitstimme,184370,132905,131061,1844,0.720860226718013,cdu,,,,0.0470086448295069,,,,0,0,,0.000343351569116671,0,,0,,,0.000282311290162596,,,0.527815292115885,,0,,,,0,,0,0,,0,,,,,0,0.0564088477884344,,,0.00932390261023493,,,,,0.083991423840807,,,,,,,,0.0408893568643609,,,,,,0.00151074690411335,0,,0,0.0141460846476068,0.00414310893400783,,0.00122843561395076,0.00220508007721595,,,0.0209520757509862,,0.00100716460274223,,0,0.00250265143711707,0.00509686329266525,,,0.171271392710265,,,,,0.00772159528769047,,,,0,0.00215166983313114,,,,0,0.527815292115885
0,0,2013,2013-09-22,296,Saarbrücken,10,Saarland,erststimme,204905,142400,139051,3349,0.69495619921427,cdu,,,,0.040891471474495,,,,0,0,,0,0,,0,,,0,,,0.369101984164084,,0,,,,0,,0,0,,0,,,,,0,0.0173317703576386,,,0,,,,,0.0533760994167608,,,,,,,,0.109326793766316,,,,,,0.00192015879065954,0,,0,0.0183385951916923,0,,0,0,,,0.028076029658183,,0,,0,0,0,,,0.361637097180171,,,,,0,,,,0,0,,,,0,0.369101984164084
0,0,2013,2013-09-22,296,Saarbrücken,10,Saarland,zweitstimme,204905,142400,139335,3065,0.69495619921427,cdu,,,,0.0471884307603976,,,,0,0,,0,0,,0,,,0,,,0.333821365773137,,0,,,,0,,0,0,,0,,,,,0.0111960383249004,0.0448272149854667,,,0.00609322854989773,,,,,0.0783004987978613,,,,,,,,0.116754584275308,,,,,,0.00114831162306671,0,,0,0.018530878817239,0,,0,0,,,0.0294972548175261,,0.0016722288010909,,0,0,0,,,0.310969964474109,,,,,0,,,,0,0,,,,0,0.333821365773137
0,0,2013,2013-09-22,297,Saarlouis,10,Saarland,erststimme,211529,154287,149927,4360,0.729389350869148,cdu,,,,0.0428074996498296,,,,0,0,,0,0,,0,,,0,,,0.444843157003075,,0,,,,0,,0,0,,0,,,,,0,0.0124860765572579,,,0,,,,,0.0371981030768307,,,,,,,,0.0729421651870577,,,,,,0,0,,0,0.0165080339098361,0,,0,0,,,0.0243585211469582,,0,,0,0,0,,,0.348856443469155,,,,,0,,,,0,0,,,,0,0.444843157003075
0,0,2013,2013-09-22,297,Saarlouis,10,Saarland,zweitstimme,211529,154287,149930,4357,0.729389350869148,cdu,,,,0.0509904622157007,,,,0,0,,0,0,,0,,,0,,,0.400533582338425,,0,,,,0,,0,0,,0,,,,,0.0110251450676983,0.036550390182085,,,0.00717001267258054,,,,,0.0525111718802108,,,,,,,,0.089761888881478,,,,,,0.000473554325351831,0,,0,0.0174081237911025,0,,0,0,,,0.0249383045421197,,0.00158073767758287,,0,0,0,,,0.307056626425665,,,,,0,,,,0,0,,,,0,0.400533582338425
0,0,2013,2013-09-22,298,St. Wendel,10,Saarland,erststimme,181521,138097,134056,4041,0.760776989990139,cdu,,,,0.0474801575461001,,,,0,0,,0,0,,0,,,0,,,0.454026675419228,,0,,,,0,,0,0,,0,,,,,0,0.0165677030494719,,,0,,,,,0.0282941457301426,,,,,,,,0.0764382049292833,,,,,,0,0,,0,0.0147326490421913,0,,0.00512472399594199,0,,,0.0226397923255953,,0,,0,0,0,,,0.334695947962046,,,,,0,,,,0,0,,,,0,0.454026675419228
0,0,2013,2013-09-22,298,St. Wendel,10,Saarland,zweitstimme,181521,138097,134193,3904,0.760776989990139,cdu,,,,0.0543023853703248,,,,0,0,,0,0,,0,,,0,,,0.409194220264842,,0,,,,0,,0,0,,0,,,,,0.0138457296580299,0.0336381182326947,,,0.00603608235899041,,,,,0.0453674930883131,,,,,,,,0.0904592638960303,,,,,,0.000432213304717832,0,,0,0.0153659281780719,0,,0,0,,,0.0252695744189339,,0.00159471805533821,,0,0,0,,,0.304494273173713,,,,,0,,,,0,0,,,,0,0.409194220264842
0,0,2013,2013-09-22,299,Homburg,10,Saarland,erststimme,198117,142644,138915,3729,0.719998788594618,cdu,,,,0.0463808803944858,,,,0,0,,0,0,,0,,,0,,,0.3977252276572,,0,,,,0,,0,0,,0,,,,,0,0.0136054421768707,,,0,,,,,0.0356620955260411,,,,,,,,0.0906453586725696,,,,,,0,0,,0,0.016060180686031,0,,0,0,,,0.0236763488464169,,0,,0,0,0,,,0.376244466040384,,,,,0,,,,0,0,,,,0,0.3977252276572
0,0,2013,2013-09-22,299,Homburg,10,Saarland,zweitstimme,198117,142644,139102,3542,0.719998788594618,cdu,,,,0.0559589366076692,,,,0,0,,0,0,,0,,,0,,,0.365861022846544,,0,,,,0,,0,0,,0,,,,,0.017095368866012,0.0378571120472747,,,0.0066857413983983,,,,,0.0512357838133169,,,,,,,,0.10193958390246,,,,,,0.000517605785682449,0,,0,0.0175195180515018,0,,0,0,,,0.0248235108050208,,0.00156719529553853,,0,0,0,,,0.318938620580581,,,,,0,,,,0,0,,,,0,0.365861022846544
0,0,2017,2017-09-24,001,Flensburg – Schleswig,01,Schleswig-Holstein,erststimme,228471,171914,170318,1596,0.752454359634264,cdu,,0,,0.0621367089796733,,,,0,,0,,0,,,,,0,0,,0.399957726135817,,0,,0,0,0,0,0,0,,0,0,,0,,0,0.065448161674045,,,0.011431557439613,,,0,0,0.105162108526404,,,,,,,,0.0713019175894503,,0,,0,0,0,,0,,0,0,,0,,,,0,,,,,,,,0,0.28012893528576,,,,,0,0,0,0,0,0,,,,0.00443288436923872,0.399957726135817
0,0,2017,2017-09-24,001,Flensburg – Schleswig,01,Schleswig-Holstein,zweitstimme,228471,171914,170465,1449,0.752454359634264,cdu,,0,,0.0683600739154665,,,,0,,0.00494529668846977,,0,,,,,0,0,,0.342123016454991,,0,,0,0,0,0,0.0123192444196756,0,,0,0,,0,,0,0.111195846654739,,,0.00701023670548206,,,0,0,0.130842108350688,,,,,,,,0.0821400287449036,,0,,0,0,0.000346112105124219,,0,,0.00204734109641275,0.00174229313935412,,0,,,,0,,,,,,,,0,0.236928401724694,,,,,0,0,0,0,0,0,,,,0,0.342123016454991
0,0,2017,2017-09-24,002,Nordfriesland – Dithmarschen Nord,01,Schleswig-Holstein,erststimme,186568,139194,137897,1297,0.746076497577291,cdu,,0,,0.0588627743895806,,,,0,,0,,0,,,,,0,0,,0.451467399580847,,0,,0,0,0,0,0,0,,0,0,,0,,0,0.0805311210541201,,,0.011646373742721,,,0,0,0.0944618084512354,,,,,,,,0.0515022081698659,,0,,0,0,0,,0,,0,0,,0,,,,0,,,,,,,,0,0.25152831461163,,,,,0,0,0,0,0,0,,,,0,0.451467399580847
0,0,2017,2017-09-24,002,Nordfriesland – Dithmarschen Nord,01,Schleswig-Holstein,zweitstimme,186568,139194,138071,1123,0.746076497577291,cdu,,0,,0.0654011341990715,,,,0,,0.00311433972376531,,0,,,,,0,0,,0.383339006742908,,0,,0,0,0,0,0.00996588711604899,0,,0,0,,0,,0,0.130729841892939,,,0.00627937800117331,,,0,0,0.109682699480702,,,,,,,,0.062207125319582,,0,,0,0,0.00045628698278422,,0,,0.00218003780663572,0.00125297854002651,,0,,,,0,,,,,,,,0,0.225391284194364,,,,,0,0,0,0,0,0,,,,0,0.383339006742908
0,0,2017,2017-09-24,003,Steinburg – Dithmarschen Süd,01,Schleswig-Holstein,erststimme,176636,132017,130883,1134,0.747395774360833,cdu,,0,,0.0764499591237976,,,,0,,0,,0,,,,,0,0,,0.418786244202838,,0,,0,0,0,0,0,0,,0,0,,0,,0,0.110327544448095,,,0.00976444610835632,,,0,0,0.0671668589503603,,,,,,,,0.0548275941107707,,0,,0,0,0.00123010627812627,,0,,0,0,,0,,,,0,,,,,,,,0,0.261447246777656,,,,,0,0,0,0,0,0,,,,0,0.418786244202838
0,0,2017,2017-09-24,003,Steinburg – Dithmarschen Süd,01,Schleswig-Holstein,zweitstimme,176636,132017,130878,1139,0.747395774360833,cdu,,0,,0.0854230657558948,,,,0,,0.00317089197573313,,0,,,,,0,0,,0.361909564632711,,0,,0,0,0,0,0.0110408166383961,0,,0,0,,0,,0,0.132168890111401,,,0.0076559849630954,,,0,0,0.0990235180855453,,,,,,,,0.0667186234508474,,0,,0,0,0.000473723620470973,,0,,0.0035987713748682,0.00145937437919284,,0,,,,0,,,,,,,,0,0.227356775011843,,,,,0,0,0,0,0,0,,,,0,0.361909564632711
0,0,2017,2017-09-24,004,Rendsburg-Eckernförde,01,Schleswig-Holstein,erststimme,200831,157354,156102,1252,0.783514497263869,cdu,,0,,0.0682630587692663,,,,0,,0,,0,,,,,0,0,,0.4268042690036,,0,,0,0,0,0,0,0,,0,0,,0,,0,0.0645539454971749,,,0.0103906420161177,,,0,0,0.0895440160920424,,,,,,,,0.0517225916388003,,0,,0,0,0,,0,,0,0,,0,,,,0,,,,,,,,0,0.288721476982998,,,,,0,0,0,0,0,0,,,,0,0.4268042690036
0,0,2017,2017-09-24,004,Rendsburg-Eckernförde,01,Schleswig-Holstein,zweitstimme,200831,157354,156267,1087,0.783514497263869,cdu,,0,,0.0740911388840894,,,,0,,0.0037371933933588,,0,,,,,0,0,,0.362104603019192,,0,,0,0,0,0,0.0112243787875879,0,,0,0,,0,,0,0.122041121925934,,,0.00659768217217967,,,0,0,0.123743336724964,,,,,,,,0.0637498640147952,,0,,0,0,0.000351961706566326,,0,,0.00196458625301567,0.00151663499011308,,0,,,,0,,,,,,,,0,0.228877498128204,,,,,0,0,0,0,0,0,,,,0,0.362104603019192
0,0,2017,2017-09-24,005,Kiel,01,Schleswig-Holstein,erststimme,204650,153273,151679,1594,0.74895186904471,spd,,0,,0.0612016165718392,,,,0,,0,,0,,,,,0,0,,0.306964049077328,,0,,0,0,0,0,0.0264835606774834,0,,0,0,,0,,0,0.0749147871491769,,,0,,,0,0,0.143348782626468,,,,,,,,0.0732731624021783,,0,,0,0,0.00175370354498645,,0.00225476170069687,,0,0,,0,,,,0,,,,,,,,0,0.309805576249843,,,,,0,0,0,0,0,0,,,,0,0.306964049077328
0,0,2017,2017-09-24,005,Kiel,01,Schleswig-Holstein,zweitstimme,204650,153273,152069,1204,0.74895186904471,spd,,0,,0.0690739072394768,,,,0,,0.00415600812788931,,0,,,,,0,0,,0.267878397306486,,0,,0,0,0,0,0.0211351425997409,0,,0,0,,0,,0,0.117078431501489,,,0.0035510196029434,,,0,0,0.171915380518054,,,,,,,,0.102229908791404,,0,,0,0,0.000966666447467926,,0,,0.00164399055691824,0.00226870696854717,,0,,,,0,,,,,,,,0,0.238102440339583,,,,,0,0,0,0,0,0,,,,0,0.267878397306486
0,0,2017,2017-09-24,006,Plön – Neumünster,01,Schleswig-Holstein,erststimme,174937,131713,130489,1224,0.75291676432087,cdu,,0,,0.0783437684402517,,,,0,,0,,0,,,,,0,0,,0.406999823739932,,0,,0,0,0,0,0,0,,0,0,,0,,0,0.0718757902965001,,,0.0100008429829334,,,0,0,0.0899386155154841,,,,,,,,0.0537133398217474,,0,,0,0,0,,0,,0,0,,0,,,,0,,,,,,,,0,0.289127819203151,,,,,0,0,0,0,0,0,,,,0,0.406999823739932
0,0,2017,2017-09-24,006,Plön – Neumünster,01,Schleswig-Holstein,zweitstimme,174937,131713,130514,1199,0.75291676432087,cdu,,0,,0.0855157301132446,,,,0,,0.00314908745421947,,0,,,,,0,0,,0.335427616960633,,0,,0,0,0,0,0.0102824218091546,0,,0,0,,0,,0,0.126277640712874,,,0.00573884793968463,,,0,0,0.125273916974424,,,,,,,,0.0651500988399712,,0,,0,0,0.000467382809507026,,0,,0.00367010435662075,0.0014251344683329,,0,,,,0,,,,,,,,0,0.237622017561334,,,,,0,0,0,0,0,0,,,,0,0.335427616960633
0,0,2017,2017-09-24,007,Pinneberg,01,Schleswig-Holstein,erststimme,238533,187715,186095,1620,0.786956102509925,cdu,,0,,0.0791477471184073,,,,0,,0,,0,,,,,0,0,,0.396657621107499,,0,,0,0,0,0,0,0,,0,0,,0,,0,0.0776001504607862,,,0,,,0,0,0.082640586797066,,,,,,,,0.0605604664284371,,0,,0,0,0,,0,,0,0,,0,,,,0,,,,,,,,0,0.303393428087805,,,,,0,0,0,0,0,0,,,,0,0.396657621107499
0,0,2017,2017-09-24,007,Pinneberg,01,Schleswig-Holstein,zweitstimme,238533,187715,186372,1343,0.786956102509925,cdu,,0,,0.0857263966690275,,,,0,,0.00290279655742279,,0,,,,,0,0,,0.342664134097397,,0,,0,0,0,0,0.011804348292662,0,,0,0,,0,,0,0.132718434099543,,,0.00511879466872706,,,0,0,0.11448071598738,,,,,,,,0.0703485502114052,,0,,0,0,0.000279011868735647,,0,,0.0023930633356942,0.00229648230420879,,0,,,,0,,,,,,,,0,0.229267271907797,,,,,0,0,0,0,0,0,,,,0,0.342664134097397
0,0,2017,2017-09-24,008,Segeberg – Stormarn-Mitte,01,Schleswig-Holstein,erststimme,247296,193280,191772,1508,0.781573498964803,cdu,,0,,0.0817741901841771,,,,0,,0,,0,,,,,0,0,,0.411029764512025,,0,,0,0,0,0,0,0,,0,0,,0,,0,0.081435246021317,,,0.0123740692071835,,,0,0,0.08345326742173,,,,,,,,0.0565150282627287,,0,,0,0,0,,0,,0,0,,0,,,,0,,,,,,,,0,0.273418434390839,,,,,0,0,0,0,0,0,,,,0,0.411029764512025
0,0,2017,2017-09-24,008,Segeberg – Stormarn-Mitte,01,Schleswig-Holstein,zweitstimme,247296,193280,191945,1335,0.781573498964803,cdu,,0,,0.0894318685039985,,,,0,,0.00262054234285863,,0,,,,,0,0,,0.345760504311131,,0,,0,0,0,0,0.0111281877621194,0,,0,0,,0,,0,0.135679491521009,,,0.00798145302039647,,,0,0,0.109458438615228,,,,,,,,0.0689624632056058,,0,,0,0,0.000359477975461721,,0,,0.00241214931360546,0.00204225168668108,,0,,,,0,,,,,,,,0,0.224163171741905,,,,,0,0,0,0,0,0,,,,0,0.345760504311131
0,0,2017,2017-09-24,009,Ostholstein – Stormarn-Nord,01,Schleswig-Holstein,erststimme,181522,138439,137289,1150,0.762656868038034,cdu,,0,,0.0785933323135867,,,,0,,0,,0,,,,,0,0,,0.415153435453678,,0,,0,0,0,0,0,0,,0,0,,0,,0.00368565580636468,0.0731813910801302,,,0.0081361216120738,,,0,0,0.0694811674642542,,,,,,,,0.0441550306288195,,0,,0,0,0,,0,,0,0,,0,,,,0,,,,,,,,0,0.307613865641093,,,,,0,0,0,0,0,0,,,,0,0.415153435453678
0,0,2017,2017-09-24,009,Ostholstein – Stormarn-Nord,01,Schleswig-Holstein,zweitstimme,181522,138439,137295,1144,0.762656868038034,cdu,,0,,0.0858152154120689,,,,0,,0.0022651953822062,,0,,,,,0,0,,0.356152809643468,,0,,0,0,0,0,0.00877672165774427,0,,0,0,,0,,0,0.132175243089697,,,0.00633672020102699,,,0,0,0.098277431807422,,,,,,,,0.0604756181943989,,0,,0,0,0.000305910630394406,,0,,0.00219235951782658,0.00130376197239521,,0,,,,0,,,,,,,,0,0.245923012491351,,,,,0,0,0,0,0,0,,,,0,0.356152809643468
0,0,2017,2017-09-24,010,Herzogtum Lauenburg – Stormarn-Süd,01,Schleswig-Holstein,erststimme,244930,193334,191765,1569,0.789343894173846,cdu,,0,,0.0909185722107788,,,,0,,0,,0,,,,,0,0,,0.394946940265429,,0,,0,0,0,0,0,0,,0,0,,0,,0,0.0822621437697181,,,0.0113367924282325,,,0,0,0.0974526112690011,,,,,,,,0.0510259953589028,,0,,0,0,0,,0,,0,0,,0,,,,0,,,,,,,,0,0.272056944697938,,,,,0,0,0,0,0,0,,,,0,0.394946940265429
0,0,2017,2017-09-24,010,Herzogtum Lauenburg – Stormarn-Süd,01,Schleswig-Holstein,zweitstimme,244930,193334,191971,1363,0.789343894173846,cdu,,0,,0.0978897854363419,,,,0,,0.00273478806694761,,0,,,,,0,0,,0.343963411140224,,0,,0,0,0,0,0.0109912434690656,0,,0,0,,0,,0,0.136286209896286,,,0.00658432784118435,,,0,0,0.108485135775716,,,,,,,,0.0650098191914404,,0,,0,0,0.000265665126503482,,0,,0.00256288710273948,0.00219824869381313,,0,,,,0,,,,,,,,0,0.223028478259737,,,,,0,0,0,0,0,0,,,,0,0.343963411140224
0,0,2017,2017-09-24,011,Lübeck,01,Schleswig-Holstein,erststimme,181638,130961,128733,2228,0.721000011010912,cdu,,0,,0.0865123938694818,,,,0,,0,,0,,,,,0,0,,0.352916501596327,,0,,0,0,0,0,0,0,,0,0,,0,,0,0.0645677487512914,,,0.0196919204865885,,,0,0,0.13038614807392,,,,,,,,0,,0,,0,0,0.00741068723637296,,0,,0,0,,0,,,,0,,,,,,,,0,0.338514599986018,,,,,0,0,0,0,0,0,,,,0,0.352916501596327
0,0,2017,2017-09-24,011,Lübeck,01,Schleswig-Holstein,zweitstimme,181638,130961,129794,1167,0.721000011010912,cdu,,0,,0.0889024145954358,,,,0,,0.00365964528406552,,0,,,,,0,0,,0.294797910535156,,0,,0,0,0,0,0.0142533553168868,0,,0,0,,0,,0,0.108610567514677,,,0.00840562737876943,,,0,0,0.127648427508205,,,,,,,,0.0940952586406151,,0,,0,0,0.00124813165477603,,0,,0.00270428525201473,0.00204940135907669,,0,,,,0,,,,,,,,0,0.253624974960322,,,,,0,0,0,0,0,0,,,,0,0.294797910535156
0,0,2017,2017-09-24,012,Schwerin – Ludwigslust-Parchim I – Nordwestmecklenburg I,13,Mecklenburg-Vorpommern,erststimme,216800,157071,155102,1969,0.724497232472325,cdu,,0,,0.15966267359544,,,,0,,0,,0,,,,,0,0,,0.320647058065015,,0,,0,0,0,0,0,0,,0,0,,0,,0,0.0481618547794355,,,0.0249771118360821,,,0,0,0.0376332993771841,,,,,,,,0.171854650488066,,0,,0,0,0.00283684285180075,,0,,0.0097677657283594,0,,0,,,,0,,,,,,,,0,0.220932031824219,,,,,0,0,0,0,0,0,,,,0.00352671145439775,0.320647058065015
0,0,2017,2017-09-24,012,Schwerin – Ludwigslust-Parchim I – Nordwestmecklenburg I,13,Mecklenburg-Vorpommern,zweitstimme,216800,157071,155411,1660,0.724497232472325,cdu,,0,,0.165316483389207,,,,0,,0.00267677320138214,,0,,,,,0,0,,0.32869616693799,,0,,0,0,0,0,0.00877029296510543,0,,0,0,,0,,0,0.063566928981861,,,0.010456145317899,,,0,0,0.0425066436738712,,,,,,,,0.166841471967879,,0,,0,0,0.00148638127288287,,0,,0.0109387366402636,0.000945878991834555,,0,,,,0,,,,,,,,0,0.186260946779829,,,,,0.0115371498799956,0,0,0,0,0,,,,0,0.32869616693799
0,0,2017,2017-09-24,013,Ludwigslust-Parchim II – Nordwestmecklenburg II – Landkreis Rostock I,13,Mecklenburg-Vorpommern,erststimme,205876,146768,144838,1930,0.712895140764344,cdu,,0,,0.174415553929217,,,,0,,0,,0,,,,,0,0,,0.300011046824728,,0,,0,0,0,0,0,0,,0,0,,0,,0,0.0572363606235933,,,0.017764675016225,,,0,0,0.0404451870365512,,,,,,,,0.16178765241166,,0,,0,0,0,,0,,0.00872699153537055,0,,0,,,,0,,,,,,,,0,0.239612532622654,,,,,0,0,0,0,0,0,,,,0,0.300011046824728
0,0,2017,2017-09-24,013,Ludwigslust-Parchim II – Nordwestmecklenburg II – Landkreis Rostock I,13,Mecklenburg-Vorpommern,zweitstimme,205876,146768,145111,1657,0.712895140764344,cdu,,0,,0.177023106449546,,,,0,,0.00244640309831784,,0,,,,,0,0,,0.336576827394202,,0,,0,0,0,0,0.00818683628394815,0,,0,0,,0,,0,0.0620766172102735,,,0.00837979202128026,,,0,0,0.0380467366360924,,,,,,,,0.168209164019268,,0,,0,0,0.0013369076086582,,0,,0.0113154757392617,0.0014678418589907,,0,,,,0,,,,,,,,0,0.172481755345908,,,,,0.0124525363342545,0,0,0,0,0,,,,0,0.336576827394202
0,0,2017,2017-09-24,014,Rostock – Landkreis Rostock II,13,Mecklenburg-Vorpommern,erststimme,222913,164016,162239,1777,0.735784812909072,cdu,,0,,0.146604700472759,,,,0,,0,,0,,,,,0,0,,0.295385203311164,,0,,0,0,0,0,0.0193048527172875,0,,0,0,,0,,0,0.0454144811050364,,,0.00895592305179396,,,0,0,0.0513624960706119,,,,,,,,0.247794919840482,,0,,0,0,0.00244084344701336,,0,,0,0.00364277393228509,,0,,,,0,,,,,,,,0,0.179093806051566,,,,,0,0,0,0,0,0,,,,0,0.295385203311164
0,0,2017,2017-09-24,014,Rostock – Landkreis Rostock II,13,Mecklenburg-Vorpommern,zweitstimme,222913,164016,162322,1694,0.735784812909072,cdu,,0,,0.155068320991609,,,,0,,0.0034745752270179,,0,,,,,0,0,,0.304536661697121,,0,,0,0,0,0,0.0155062160397235,0,,0,0,,0,,0,0.0656780966227622,,,0.00588336762730868,,,0,0,0.0630167198531314,,,,,,,,0.206841956111926,,0,,0,0,0.001866660095366,,0,,0.00558765909734971,0.00215004743657668,,0,,,,0,,,,,,,,0,0.158019245696825,,,,,0.0123704735032836,0,0,0,0,0,,,,0,0.304536661697121
0,0,2017,2017-09-24,015,Vorpommern-Rügen – Vorpommern-Greifswald I,13,Mecklenburg-Vorpommern,erststimme,240887,169528,167662,1866,0.70376566605919,cdu,,0,,0.191892020851475,,,,0,,0,,0,,,,,0,0,,0.43984922045544,,0,,0,0,0,0,0,0,,0,0,,0,,0,0.0311877467762522,,,0.00939986401211962,,,0,0,0.0303050184299364,,,,,,,,0.158950746144028,,0,,0,0,0.00242750295236846,,0,,0.00582123558110961,0,,0,,,,0,,,,,,,,0,0.116394889718601,,,,,0.0128890267323544,0,0,0,0,0,,,,0.000882728346315802,0.43984922045544
0,0,2017,2017-09-24,015,Vorpommern-Rügen – Vorpommern-Greifswald I,13,Mecklenburg-Vorpommern,zweitstimme,240887,169528,167412,2116,0.70376566605919,cdu,,0,,0.196407664922467,,,,0,,0.00413351492127207,,0,,,,,0,0,,0.329187871837144,,0,,0,0,0,0,0.0111521276849927,0,,0,0,,0,,0,0.0686330728980002,,,0.00735909014885432,,,0,0,0.0507609968222111,,,,,,,,0.179837765512628,,0,,0,0,0.00148734857716293,,0,,0.00817145724320837,0.00115881776694622,,0,,,,0,,,,,,,,0,0.1218849305904,,,,,0.0198253410747139,0,0,0,0,0,,,,0,0.329187871837144
0,0,2017,2017-09-24,016,Mecklenburgische Seenplatte I – Vorpommern-Greifswald II,13,Mecklenburg-Vorpommern,erststimme,226039,156965,154628,2337,0.694415565455519,cdu,,0,,0.234582352484673,,,,0,,0,,0,,,,,0,0,,0.3121620922472,,0,,0,0,0,0,0.00969423390330341,0,,0,0,,0,,0,0.0576156970277052,,,0.0128760638435471,,,0,0,0.0252088884290038,,,,,,,,0.190534702641178,,0,,0,0,0,,0,,0.0183278578265256,0,,0,,,,0,,,,,,,,0,0.138998111596865,,,,,0,0,0,0,0,0,,,,0,0.3121620922472
0,0,2017,2017-09-24,016,Mecklenburgische Seenplatte I – Vorpommern-Greifswald II,13,Mecklenburg-Vorpommern,zweitstimme,226039,156965,154813,2152,0.694415565455519,cdu,,0,,0.229922551723692,,,,0,,0.00353975441338906,,0,,,,,0,0,,0.334526170282857,,0,,0,0,0,0,0.00865560385755718,0,,0,0,,0,,0,0.0559319953750654,,,0.00705367120332272,,,0,0,0.0262768630541363,,,,,,,,0.17599297216642,,0,,0,0,0.00109163959099042,,0,,0.0203342096593955,0.000910776226802659,,0,,,,0,,,,,,,,0,0.123142113388411,,,,,0.0126216790579603,0,0,0,0,0,,,,0,0.334526170282857
0,0,2017,2017-09-24,017,Mecklenburgische Seenplatte II – Landkreis Rostock III,13,Mecklenburg-Vorpommern,erststimme,212099,144239,142376,1863,0.680055068623615,cdu,,0,,0.184012754958701,,,,0,,0,,0,,,,,0,0,,0.376032477383829,,0,,0,0,0,0,0,0,,0,0,,0,,0,0.0465879080743946,,,0.0163440467494522,,,0,0,0.0332851042310502,,,,,,,,0.173680957464741,,0,,0,0,0.00297100634938473,,0,,0.0097488340731584,0,,0,,,,0,,,,,,,,0,0.157336910715289,,,,,0,0,0,0,0,0,,,,0,0.376032477383829
0,0,2017,2017-09-24,017,Mecklenburgische Seenplatte II – Landkreis Rostock III,13,Mecklenburg-Vorpommern,zweitstimme,212099,144239,142441,1798,0.680055068623615,cdu,,0,,0.192233977576681,,,,0,,0.00322238681278565,,0,,,,,0,0,,0.358092122352413,,0,,0,0,0,0,0.00725914589198335,0,,0,0,,0,,0,0.0575536537935005,,,0.00999010116469275,,,0,0,0.0322379090290015,,,,,,,,0.169206899698823,,0,,0,0,0.0015444991259539,,0,,0.0115346002906467,0.00113029254217536,,0,,,,0,,,,,,,,0,0.14457915909043,,,,,0.0114152526309139,0,0,0,0,0,,,,0,0.358092122352413
0,0,2017,2017-09-24,018,Hamburg-Mitte,02,Hamburg,erststimme,243543,175731,174015,1716,0.721560463655289,spd,,0,,0.0731431198459903,,,,0,,0,,0,,,,,0,0,,0.242214751601873,,0,,0,0,0,0,0.0283251443841048,0,,0,0,,0,,0,0.0643737608826825,,,0.0059650030169813,,,0,0,0.128540643048013,,,,,,,,0.138396115277419,,0,,0,0,0.00182168203890469,,0,,0.00181593540786714,0.00626382783093411,,0,,,,0,,,,,,,,0,0.30914001666523,,,,,0,0,0,0,0,0,,,,0,0.242214751601873
0,0,2017,2017-09-24,018,Hamburg-Mitte,02,Hamburg,zweitstimme,243543,175731,174293,1438,0.721560463655289,spd,,0,,0.0799802631201483,,,,0,,0.00633989890586541,,0,,,,,0,0,,0.234713958678777,,0,,0.00559976591142501,0,0,0,0.0226342997137005,0,,0.000648333553269495,0,,0,,0,0.0932624947645631,,,0.00426867401444694,,,0,0,0.144377571101536,,,,,,,,0.149799475595692,,0,,0,0,0.00103848117824583,,0,,0.00199663784546712,0.00351706608986018,,0,,,,0,,,,,,,,0,0.238397411255759,,,,,0.0104249740379705,0,0,0.00300069423327386,0,0,,,,0,0.234713958678777
0,0,2017,2017-09-24,019,Hamburg-Altona,02,Hamburg,erststimme,185944,146090,144929,1161,0.785666652325431,spd,,0,,0.0512319825569762,,,,0,,0,,0,,,,,0,0,,0.259264881424698,,0,,0,0,0,0,0.0239496581084531,0,,0,0,,0,,0,0.0861249301382056,,,0.00338096585224489,,,0,0,0.143635849277922,,,,,,,,0.135956226842109,,0,,0,0,0.00176638215954019,,0,,0,0,,0,,,,0,,,,,,,,0,0.289431376743095,,,,,0,0,0,0,0,0,,,,0.00525774689675634,0.259264881424698
0,0,2017,2017-09-24,019,Hamburg-Altona,02,Hamburg,zweitstimme,185944,146090,145226,864,0.785666652325431,spd,,0,,0.0552793576907716,,,,0,,0.00541913982344759,,0,,,,,0,0,,0.24884662525994,,0,,0.00497156156611075,0,0,0,0.0163469351218101,0,,0.000599066282897002,0,,0,,0,0.112280170217454,,,0.0023480643961825,,,0,0,0.179279192431107,,,,,,,,0.156762563177392,,0,,0,0,0.00102598708220291,,0,,0.00103287290154656,0.00195557269359481,,0,,,,0,,,,,,,,0,0.204371118119345,,,,,0.00752620054260257,0,0,0.00195557269359481,0,0,,,,0,0.24884662525994
0,0,2017,2017-09-24,020,Hamburg-Eimsbüttel,02,Hamburg,erststimme,192399,156013,154730,1283,0.81088259294487,spd,,0,,0.0567246170749047,,,,0,,0,,0,,,,,0,0,,0.287054869773153,,0,,0,0,0,0,0,0,,0,0,,0,,0,0.0680992696955988,,,0,,,0,0,0.150067860143476,,,,,,,,0.104200866024688,,0,,0,0,0.00191947262974213,,0,,0,0.00635300200348995,,0,,,,0,,,,,,,,0,0.316163639888839,,,,,0,0,0,0,0,0,,,,0.00941640276610871,0.287054869773153
0,0,2017,2017-09-24,020,Hamburg-Eimsbüttel,02,Hamburg,zweitstimme,192399,156013,155203,810,0.81088259294487,spd,,0,,0.0588777278789714,,,,0,,0.00389812052602076,,0,,,,,0,0,,0.26949221342371,,0,,0.00475506272430301,0,0,0,0.0156375843250453,0,,0.000592772046932083,0,,0,,0,0.112517154951902,,,0.00210691803637816,,,0,0,0.169919395887966,,,,,,,,0.124288834623042,,0,,0,0,0.000811839977320026,,0,,0.00118554409386417,0.00284788309504327,,0,,,,0,,,,,,,,0,0.222772755681269,,,,,0.00813128612204661,0,0,0.00216490660618674,0,0,,,,0,0.26949221342371
0,0,2017,2017-09-24,021,Hamburg-Nord,02,Hamburg,erststimme,217226,178760,177363,1397,0.822921749698471,cdu,,0,,0.054695736991368,,,,0,,0,,0,,,,,0,0,,0.335137542779497,,0,,0,0,0,0,0,0,,0,0,,0,,0,0.0840705220367269,,,0.00717737070302149,,,0,0,0.135682188506058,,,,,,,,0.0748577775522516,,0,,0,0,0,,0,,0,0,,0,,,,0,,,,,,,,0,0.308378861431076,,,,,0,0,0,0,0,0,,,,0,0.335137542779497
0,0,2017,2017-09-24,021,Hamburg-Nord,02,Hamburg,zweitstimme,217226,178760,177874,886,0.822921749698471,cdu,,0,,0.061633515859541,,,,0,,0.00325511316999674,,0,,,,,0,0,,0.313351023758391,,0,,0.00354183298289801,0,0,0,0.0114800364302821,0,,0.000404780912331201,0,,0,,0,0.138592486816511,,,0.00312580815633538,,,0,0,0.143832150848353,,,,,,,,0.0939991229746899,,0,,0,0,0.000354183298289801,,0,,0.001011952280828,0.00191146541934178,,0,,,,0,,,,,,,,0,0.214477663964379,,,,,0.00699933660906035,0,0,0.00202952651877171,0,0,,,,0,0.313351023758391
0,0,2017,2017-09-24,022,Hamburg-Wandsbek,02,Hamburg,erststimme,235513,172574,170867,1707,0.732757852008169,spd,,0,,0.0948574037116588,,,,0,,0,,0,,,,,0,0,,0.297436017487285,,0,,0,0,0,0,0.0177096806287932,0,,0,0,,0,,0,0.0702710295141835,,,0.00897774292285813,,,0,0,0.0708855425564913,,,,,,,,0.0917263134484716,,0,,0,0,0,,0,,0.00233514956076949,0,,0,,,,0,,,,,,,,0,0.345801120169489,,,,,0,0,0,0,0,0,,,,0,0.297436017487285
0,0,2017,2017-09-24,022,Hamburg-Wandsbek,02,Hamburg,zweitstimme,235513,172574,171301,1273,0.732757852008169,spd,,0,,0.0976760205719756,,,,0,,0.00402215982393565,,0,,,,,0,0,,0.288859959953532,,0,,0.00325158638887105,0,0,0,0.0122357721204196,0,,0.000356098329840456,0,,0,,0,0.102865715903585,,,0.00471100577346309,,,0,0,0.103753042889417,,,,,,,,0.098347353488888,,0,,0,0,0.000379449039993929,,0,,0.00248101295380646,0.00254522740672851,,0,,,,0,,,,,,,,0,0.265859510452362,,,,,0.0107121382829055,0,0,0.00194394662027659,0,0,,,,0,0.288859959953532
0,0,2017,2017-09-24,023,Hamburg-Bergedorf – Harburg,02,Hamburg,erststimme,222031,155758,153768,1990,0.701514653359216,spd,,0,,0.108527131782946,,,,0,,0,,0,,,,,0,0,,0.281423963373394,,0,,0,0,0,0,0,0,,0,0,,0,,0,0.052280058269601,,,0.007095104312991,,,0,0,0.0774088236824307,,,,,,,,0.106537120857396,,0,,0,0,0.00164533583060195,,0,,0.00344675094948234,0.00842828156703605,,0,,,,0,,,,,,,,0,0.347575568388741,,,,,0,0,0,0,0,0,,,,0.00563186098538057,0.281423963373394
0,0,2017,2017-09-24,023,Hamburg-Bergedorf – Harburg,02,Hamburg,zweitstimme,222031,155758,154221,1537,0.701514653359216,spd,,0,,0.114835204025392,,,,0,,0.0052392346048852,,0,,,,,0,0,,0.273756492306495,,0,,0.0037348999163538,0,0,0,0.0162364399141492,0,,0.000557641306955603,0,,0,,0,0.086324171156976,,,0.00442870944942647,,,0,0,0.100129035604749,,,,,,,,0.112461986370209,,0,,0,0,0.000674356929341659,,0,,0.00331991103675894,0.00429902542455308,,0,,,,0,,,,,,,,0,0.261728298999488,,,,,0.0101218381413686,0,0,0.00215275481289837,0,0,,,,0,0.273756492306495
0,0,2017,2017-09-24,024,Aurich – Emden,03,Niedersachsen,erststimme,191541,142676,139584,3092,0.744884907147817,spd,,0,,0,,,,0,,0,,0,,,,,0,0,,0.276041666666667,,0,,0,0,0,0,0,0,,0,0,,0,,0,0.0493036451169188,,,0.0238279458963778,,,0,0,0.0701154860155892,,,,,,,,0.0673644543787254,,0,,0,0,0,,0,,0,0,,0,,,,0.0165061898211829,,,,,,,,0,0.495980914718019,,,,,0,0,0,0,0,0,,,,0.000859697386519945,0.276041666666667
0,0,2017,2017-09-24,024,Aurich – Emden,03,Niedersachsen,zweitstimme,191541,142676,141071,1605,0.744884907147817,spd,,0,,0.0912802773071716,,,,0,,0.0013539281638324,,0,,,,,0,0,,0.280369459350256,,0,,0.000871901382991543,0,0,0,0.00681217259394206,0,,0.000248102019550439,0.000964053561681706,,0,,0,0.0714462930013965,,,0.00538735813880954,,,0,0,0.0744518717525218,,,,,,,,0.0718928766365873,,0,,0,0,0.000248102019550439,,0,,0.00253064059941448,0.000545824443010966,,0,,,,0.00402634134584713,,,,,,,,0,0.378199629973559,,,,,0.00823698704907458,0,0,0.00113418066080201,0,0,,,,0,0.280369459350256
0,0,2017,2017-09-24,025,Unterems,03,Niedersachsen,erststimme,235234,176342,174789,1553,0.749645034306265,cdu,,0,,0.0765894878968356,,,,0,,0,,0,,,,,0,0,,0.500065793614015,,0,,0,0,0,0,0.00742609660791011,0,,0,0,,0,,0,0.0443849441326399,,,0,,,0,0,0.0472283724948366,,,,,,,,0.0442018662501645,,0,,0,0,0,,0,,0,0,,0,,,,0,,,,,,,,0,0.280103439003599,,,,,0,0,0,0,0,0,,,,0,0.500065793614015
0,0,2017,2017-09-24,025,Unterems,03,Niedersachsen,zweitstimme,235234,176342,174952,1390,0.749645034306265,cdu,,0,,0.0835657780419772,,,,0,,0.000908820705107687,,0,,,,,0,0,,0.42396200100599,,0,,0.000840230463212767,0,0,0,0.00776784489459966,0,,0.00012003292331611,0.000823082902739037,,0,,0,0.0779013672321551,,,0.00236064749188349,,,0,0,0.0586332251131739,,,,,,,,0.0540662581736705,,0,,0,0,0.000171475604737299,,0,,0.00240637431981343,0.000725913393387901,,0,,,,0.00280648406420047,,,,,,,,0,0.27546984315698,,,,,0.00677328638712333,0,0,0.000697334125931684,0,0,,,,0,0.42396200100599
0,0,2017,2017-09-24,026,Friesland – Wilhelmshaven – Wittmund,03,Niedersachsen,erststimme,189344,139153,137343,1810,0.734921624133852,spd,,0,,0.0829456179055358,,,,0,,0,,0,,,,,0,0,,0.324275718456711,,0,,0,0,0,0,0.0127345405299142,0,,0,0,,0,,0,0.0587871242072767,,,0.00899936654944191,,,0,0,0.0549136104497499,,,,,,,,0.0591730193748498,,0,,0,0,0.00132514944336442,,0,,0,0,,0,,,,0,,,,,,,,0,0.396845853083157,,,,,0,0,0,0,0,0,,,,0,0.324275718456711
0,0,2017,2017-09-24,026,Friesland – Wilhelmshaven – Wittmund,03,Niedersachsen,zweitstimme,189344,139153,137596,1557,0.734921624133852,spd,,0,,0.0907729875868485,,,,0,,0.001271839297654,,0,,,,,0,0,,0.327756620832001,,0,,0.000879386028663624,0,0,0,0.00883746620541295,0,,0.000218029593883543,0.0012863746039129,,0,,0,0.0941742492514317,,,0.00639553475391727,,,0,0,0.0725602488444432,,,,,,,,0.0707724061745981,,0,,0,0,0.000675891741038984,,0,,0.00282711706735661,0.000654088781650629,,0,,,,0.00273990522980319,,,,,,,,0,0.306745835634757,,,,,0.0103418704032094,0,0,0.00109014796941772,0,0,,,,0,0.327756620832001
0,0,2017,2017-09-24,027,Oldenburg – Ammerland,03,Niedersachsen,erststimme,226253,175967,174170,1797,0.777744383499887,spd,,0,,0.0665556640064305,,,,0,,0,,0,,,,,0,0,,0.301992306367342,,0,,0,0,0,0,0,0,,0,0,,0,,0,0.0610610323247402,,,0.00799793305391284,,,0,0,0.113837055750129,,,,,,,,0.0808462995923523,,0,,0,0,0,,0,,0,0.00464488717919274,,0,,,,0,,,,,,,,0,0.3630648217259,,,,,0,0,0,0,0,0,,,,0,0.301992306367342
0,0,2017,2017-09-24,027,Oldenburg – Ammerland,03,Niedersachsen,zweitstimme,226253,175967,174681,1286,0.777744383499887,spd,,0,,0.0722746034199484,,,,0,,0.00212959623542343,,0,,,,,0,0,,0.305797425020466,,0,,0.00170596687676393,0,0,0,0.0105163125926689,0,,0.000326309100589074,0.00151132636062308,,0,,0,0.103823541197955,,,0.00393288337025778,,,0,0,0.124919138314986,,,,,,,,0.0936049141005604,,0,,0,0,0.000440803521848398,,0,,0.00192350627715665,0.00239293340431987,,0,,,,0.00390425976494295,,,,,,,,0,0.260554954459844,,,,,0.00834091858874176,0,0,0.00190060739290478,0,0,,,,0,0.305797425020466
0,0,2017,2017-09-24,028,Delmenhorst – Wesermarsch – Oldenburg-Land,03,Niedersachsen,erststimme,227696,170194,168228,1966,0.747461527650903,cdu,,0,,0.08988991131084,,,,0,,0,,0,,,,,0,0,,0.341144161495114,,0,,0,0,0,0,0,0,,0,0,,0,,0,0.0904011222864208,,,0.0118113512613834,,,0,0,0.0768778086882089,,,,,,,,0.0610005468768576,,0,,0,0,0,,0,,0,0,,0,,,,0,,,,,,,,0,0.328875098081176,,,,,0,0,0,0,0,0,,,,0,0.341144161495114
0,0,2017,2017-09-24,028,Delmenhorst – Wesermarsch – Oldenburg-Land,03,Niedersachsen,zweitstimme,227696,170194,168819,1375,0.747461527650903,cdu,,0,,0.0970980754535923,,,,0,,0.0013920234096873,,0,,,,,0,0,,0.334831979812699,,0,,0.000929990107748536,0,0,0,0.00771240204005473,0,,0.000213246139356352,0.00182443919227101,,0,,0,0.101149752101363,,,0.0064803132348847,,,0,0,0.0801153898554073,,,,,,,,0.0685171692759701,,0,,0,0,0.00027248117806645,,0,,0.00265965323808339,0.000912219596135506,,0,,,,0.00358371984196092,,,,,,,,0,0.282089101345228,,,,,0.00887340879877265,0,0,0.00134463537871922,0,0,,,,0,0.334831979812699
0,0,2017,2017-09-24,029,Cuxhaven – Stade II,03,Niedersachsen,erststimme,187679,141726,140293,1433,0.755151082433304,cdu,,0,,0.0845516169730493,,,,0,,0,,0,,,,,0,0,,0.427177407283329,,0,,0,0,0,0,0,0,,0,0,,0,,0,0.0497815286578803,,,0.0130298731939584,,,0,0,0.0605233333095735,,,,,,,,0.0578859957374923,,0,,0,0,0,,0,,0,0,,0,,,,0,,,,,,,,0,0.307050244844718,,,,,0,0,0,0,0,0,,,,0,0.427177407283329
0,0,2017,2017-09-24,029,Cuxhaven – Stade II,03,Niedersachsen,zweitstimme,187679,141726,140719,1007,0.755151082433304,cdu,,0,,0.0898954654311074,,,,0,,0.00115833682729411,,0,,,,,0,0,,0.384901825624116,,0,,0.000710636090364485,0,0,0,0.00632466120424392,0,,0.000142127218072897,0.00128625132355972,,0,,0,0.0816023422565539,,,0.00644546933960588,,,0,0,0.0689956580134879,,,,,,,,0.0648171178021447,,0,,0,0,0.000184765383494766,,0,,0.00281411891784336,0.000753274255786354,,0,,,,0.00291360797049439,,,,,,,,0,0.276600885452569,,,,,0.00950831088907681,0,0,0.000945146000184765,0,0,,,,0,0.384901825624116
0,0,2017,2017-09-24,030,Stade I – Rotenburg II,03,Niedersachsen,erststimme,197297,153044,151852,1192,0.775703634621915,cdu,,0,,0.082909675210073,,,,0,,0,,0,,,,,0,0,,0.44426810315307,,0,,0,0,0,0,0,0,,0,0,,0,,0,0.0579314068961884,,,0,,,0,0,0.0698904196191028,,,,,,,,0.0526433632747675,,0,,0,0,0,,0,,0,0,,0,,,,0.00878486947817612,,,,,,,,0,0.282044358981113,,,,,0,0,0,0,0,0,,,,0.00152780338750889,0.44426810315307
0,0,2017,2017-09-24,030,Stade I – Rotenburg II,03,Niedersachsen,zweitstimme,197297,153044,152195,849,0.775703634621915,cdu,,0,,0.0887874108873485,,,,0,,0.00172147573836197,,0,,,,,0,0,,0.389165215677256,,0,,0.0012878215447288,0,0,0,0.00753638424389763,0,,0.000151121915963074,0.00126810999047275,,0,,0,0.0955221919248333,,,0.0051118630704031,,,0,0,0.0822037517658267,,,,,,,,0.0628404349682973,,0,,0,0,0.00019054502447518,,0,,0.00364663753736982,0.000913302013863793,,0,,,,0.00423798416505141,,,,,,,,0,0.2454811261868,,,,,0.00877164164394362,0,0,0.00116298170110713,0,0,,,,0,0.389165215677256
0,0,2017,2017-09-24,031,Mittelems,03,Niedersachsen,erststimme,230151,179811,178624,1187,0.781274033134768,cdu,,0,,0.0500996506628449,,,,0,,0,,0,,,,,0,0,,0.536406082049445,,0,,0,0,0,0,0.00532403260480115,0,,0,0,,0,,0,0.056481771766392,,,0,,,0,0,0.0498253314224292,,,,,,,,0.0381415711214618,,0,,0,0,0,,0,,0,0,,0,,,,0,,,,,,,,0,0.263721560372626,,,,,0,0,0,0,0,0,,,,0,0.536406082049445
0,0,2017,2017-09-24,031,Mittelems,03,Niedersachsen,zweitstimme,230151,179811,178852,959,0.781274033134768,cdu,,0,,0.0542403775188424,,,,0,,0.000760405251269206,,0,,,,,0,0,,0.493760203967526,,0,,0.000749222821103482,0,0,0,0.00550175564153602,0,,0.000150962807237269,0.000816317402097824,,0,,0,0.0904714512557869,,,0.00151521928745555,,,0,0,0.0604018965401561,,,,,,,,0.0456634535817324,,0,,0,0,0.000195692527900163,,0,,0.00159349629861562,0.00133070918972111,,0,,,,0.0021526178069018,,,,,,,,0,0.234735982823787,,,,,0.00525015096280724,0,0,0.00071008431552345,0,0,,,,0,0.493760203967526
0,0,2017,2017-09-24,032,Cloppenburg – Vechta,03,Niedersachsen,erststimme,220042,163669,162119,1550,0.743808000290854,cdu,,0,,0.0782326562586742,,,,0,,0,,0,,,,,0,0,,0.577014415336882,,0,,0,0,0,0,0,0,,0,0,,0,,0,0.0512339701083772,,,0.00563783393679951,,,0,0,0.0433878817411901,,,,,,,,0.0409575682060709,,0,,0,0,0,,0,,0,0,,0,,,,0,,,,,,,,0,0.203535674412006,,,,,0,0,0,0,0,0,,,,0,0.577014415336882
0,0,2017,2017-09-24,032,Cloppenburg – Vechta,03,Niedersachsen,zweitstimme,220042,163669,162516,1153,0.743808000290854,cdu,,0,,0.08088434369539,,,,0,,0.000559944866966945,,0,,,,,0,0,,0.531030790814443,,0,,0.000646090231115706,0,0,0,0.00534101257722317,0,,0.000110758325334121,0.00111373649363755,,0,,0,0.0941322700534101,,,0.00326121735706023,,,0,0,0.0504996431120628,,,,,,,,0.0439649019173497,,0,,0,0,0.000129218046223141,,0,,0.00189519801127274,0.000676856432597406,,0,,,,0.00234438455290556,,,,,,,,0,0.177644047355337,,,,,0.00494105195796106,0,0,0.000824534199709567,0,0,,,,0,0.531030790814443
0,0,2017,2017-09-24,033,Diepholz – Nienburg I,03,Niedersachsen,erststimme,193934,148298,146818,1480,0.764682830241216,cdu,,0,,0.0814273454208612,,,,0,,0,,0,,,,,0,0,,0.445892193055347,,0,,0,0,0,0,0,0,,0,0,,0,,0,0.0700527183315397,,,0,,,0,0,0.0766391041970331,,,,,,,,0.0528477434646978,,0,,0,0,0,,0,,0,0,,0,,,,0,,,,,,,,0,0.273140895530521,,,,,0,0,0,0,0,0,,,,0,0.445892193055347
0,0,2017,2017-09-24,033,Diepholz – Nienburg I,03,Niedersachsen,zweitstimme,193934,148298,147278,1020,0.764682830241216,cdu,,0,,0.0844253724249379,,,,0,,0.00175178913347547,,0,,,,,0,0,,0.379099390268743,,0,,0.0010999606186939,0,0,0,0.00749602791998805,0,,0.000115427966159236,0.00139871535463545,,0,,0,0.105344993821209,,,0.00453564008202176,,,0,0,0.0814242453047977,,,,,,,,0.0607762191230191,,0,,0,0,0.000190116650144624,,0,,0.00248509621260473,0.00148698379934546,,0,,,,0.00323198305245862,,,,,,,,0,0.254654462988362,,,,,0.00918670813020275,0,0,0.00129686714920083,0,0,,,,0,0.379099390268743
0,0,2017,2017-09-24,034,Osterholz – Verden,03,Niedersachsen,erststimme,196136,153036,151768,1268,0.780254517273728,cdu,,0,,0.0856241104844236,,,,0,,0,,0,,,,,0,0,,0.392441094301829,,0,,0,0,0,0,0,0,,0,0,,0,,0,0.0545108323230194,,,0.00706341257709135,,,0,0,0.0668520373201202,,,,,,,,0.0705945917452955,,0,,0,0,0,,0,,0,0,,0,,,,0,,,,,,,,0,0.319599652100575,,,,,0,0,0,0,0,0,,,,0.00331426914764641,0.392441094301829
0,0,2017,2017-09-24,034,Osterholz – Verden,03,Niedersachsen,zweitstimme,196136,153036,151798,1238,0.780254517273728,cdu,,0,,0.0966745279911461,,,,0,,0.0022595818126721,,0,,,,,0,0,,0.349378779694067,,0,,0.00150199607372956,0,0,0,0.00824780300135707,0,,0.000125166339477463,0.00187090739008419,,0,,0,0.0886968207749773,,,0.00415684001106734,,,0,0,0.0925703895967009,,,,,,,,0.0728270464696505,,0,,0,0,0.000230569572721643,,0,,0.00233204653552748,0.000823462759720154,,0,,,,0.00368911316354629,,,,,,,,0,0.263817705108104,,,,,0.00951922950236498,0,0,0.00127801420308568,0,0,,,,0,0.349378779694067
0,0,2017,2017-09-24,035,Rotenburg I – Heidekreis,03,Niedersachsen,erststimme,168101,127071,126097,974,0.755920547765927,spd,,0,,0.0819289911734617,,,,0,,0,,0,,,,,0,0,,0.360912630752516,,0,,0,0,0,0,0,0,,0,0,,0,,0,0.0448781493612061,,,0.0109994686630134,,,0,0,0.0480027280585581,,,,,,,,0.0413887721357368,,0,,0,0,0,,0,,0,0,,0,,,,0,,,,,,,,0,0.411889259855508,,,,,0,0,0,0,0,0,,,,0,0.360912630752516
0,0,2017,2017-09-24,035,Rotenburg I – Heidekreis,03,Niedersachsen,zweitstimme,168101,127071,126104,967,0.755920547765927,spd,,0,,0.0925505931612003,,,,0,,0.00149083296326841,,0,,,,,0,0,,0.377133159931485,,0,,0.00109433483473958,0,0,0,0.00695457717439574,0,,7.92996257057667e-05,0.00173666180295629,,0,,0,0.0848426695425998,,,0.00610607117934403,,,0,0,0.0798388631605659,,,,,,,,0.05885618219882,,0,,0,0,0.000269618727399607,,0,,0.00354469326904777,0.00090401573304574,,0,,,,0.00314026517794836,,,,,,,,0,0.271291949501998,,,,,0.00907980714331029,0,0,0.001086404872169,0,0,,,,0,0.377133159931485
0,0,2017,2017-09-24,036,Harburg,03,Niedersachsen,erststimme,199081,161837,160512,1325,0.812920369095996,cdu,,0,,0.0923669258373206,,,,0,,0,,0,,,,,0,0,,0.406343450956938,,0,,0,0,0,0,0,0,,0,0,,0,,0,0.0651540071770335,,,0.0173507276714514,,,0,0,0.0907408791866029,,,,,,,,0.0538152910685805,,0,,0,0,0,,0,,0,0,,0,,,,0,,,,,,,,0,0.274228718102073,,,,,0,0,0,0,0,0,,,,0,0.406343450956938
0,0,2017,2017-09-24,036,Harburg,03,Niedersachsen,zweitstimme,199081,161837,160855,982,0.812920369095996,cdu,,0,,0.0997606540051599,,,,0,,0.00129930682913183,,0,,,,,0,0,,0.359423082900749,,0,,0.00149202698082124,0,0,0,0.00769637250940288,0,,0.00019272015168941,0.00124957259643779,,0,,0,0.11711790121538,,,0.0083304839762519,,,0,0,0.102017344813652,,,,,,,,0.0628951540207019,,0,,0,0,0.00021758726803643,,0,,0.00222560691305834,0.00123092225917752,,0,,,,0.0029529700662087,,,,,,,,0,0.219930993752137,,,,,0.0101457834695844,0,0,0.00182151627241926,0,0,,,,0,0.359423082900749
0,0,2017,2017-09-24,037,Lüchow-Dannenberg – Lüneburg,03,Niedersachsen,erststimme,180865,141000,139618,1382,0.779586984767644,cdu,,0,,0.0868870775974445,,,,0,,0,,0,,,,,0,0,,0.334770588319558,,0,,0,0,0,0,0,0,,0,0,,0,,0,0.0662163904367632,,,0,,,0,0,0.147574095030727,,,,,,,,0.0840077926914868,,0,,0,0,0,,0,,0,0,,0,,,,0,,,,,,,,0,0.280544055924021,,,,,0,0,0,0,0,0,,,,0,0.334770588319558
0,0,2017,2017-09-24,037,Lüchow-Dannenberg – Lüneburg,03,Niedersachsen,zweitstimme,180865,141000,140139,861,0.779586984767644,cdu,,0,,0.08918288270931,,,,0,,0.00628661543182126,,0,,,,,0,0,,0.312982110618743,,0,,0.00222636097017961,0,0,0,0.0098973162360228,0,,0.000256887804251493,0.00187670812550396,,0,,0,0.0924724737581972,,,0.00393894633185623,,,0,0,0.134908911866076,,,,,,,,0.0906599875837561,,0,,0,0,0.000256887804251493,,0,,0.00281863007442611,0.00178394308507981,,0,,,,0.00346798535739516,,,,,,,,0,0.234517157964592,,,,,0.0107464731445208,0,0,0.00171972113401694,0,0,,,,0,0.312982110618743
0,0,2017,2017-09-24,038,Osnabrück-Land,03,Niedersachsen,erststimme,199131,151302,150076,1226,0.759811380448047,cdu,,0,,0.0661931288147339,,,,0,,0,,0,,,,,0,0.00151923025666995,,0.455629147898398,,0,,0,0,0,0,0,0,,0,0,,0,,0,0.0638076707801381,,,0,,,0,0,0.0773807937311762,,,,,,,,0.0526933020602895,,0,,0,0,0,,0,,0,0,,0,,,,0,,,,,,,,0,0.282776726458594,,,,,0,0,0,0,0,0,,,,0,0.455629147898398
0,0,2017,2017-09-24,038,Osnabrück-Land,03,Niedersachsen,zweitstimme,199131,151302,150195,1107,0.759811380448047,cdu,,0,,0.0728386430973068,,,,0,,0.001364892306668,,0,,,,,0,0,,0.404387629415094,,0,,0.000932121575285462,0,0,0,0.00600552614933919,0,,0.000193082326309131,0.00111854589034255,,0,,0,0.0972269383135257,,,0.00253670228702687,,,0,0,0.0821998069176737,,,,,,,,0.0609607510236692,,0,,0,0,0.000126502213788741,,0,,0.00214387962315656,0.000792303338992643,,0,,,,0.00326242551349912,,,,,,,,0,0.256526515529811,,,,,0.00637837477945338,0,0,0.00100535969905789,0,0,,,,0,0.404387629415094
0,0,2017,2017-09-24,039,Stadt Osnabrück,03,Niedersachsen,erststimme,196720,152107,149408,2699,0.773215738104921,cdu,,0,,0,,,,0,,0,,0,,,,,0,0,,0.402823142000428,,0,,0,0,0,0,0,0,,0.00643874491325766,0,,0,,0,0.0893727243521097,,,0,,,0,0,0.101119083315485,,,,,,,,0.0838040801028057,,0,,0,0,0,,0,,0,0,,0,,,,0,,,,,,,,0,0.316442225315913,,,,,0,0,0,0,0,0,,,,0,0.402823142000428
0,0,2017,2017-09-24,039,Stadt Osnabrück,03,Niedersachsen,zweitstimme,196720,152107,151169,938,0.773215738104921,cdu,,0,,0.0628369573126765,,,,0,,0.00265927538053437,,0,,,,,0,0,,0.357063948296278,,0,,0.00174638980214197,0,0,0,0.00900316863907283,0,,0.000509363692291409,0.00153470618976113,,0,,0,0.0946556502986723,,,0.00227559883309409,,,0,0,0.121407166813302,,,,,,,,0.0844022253239752,,0,,0,0,0.00018522316083324,,0,,0.0013957888191362,0.00114441452943395,,0,,,,0.00464380924660479,,,,,,,,0,0.246981854745351,,,,,0.00617190032347902,0,0,0.0013825585933624,0,0,,,,0,0.357063948296278
0,0,2017,2017-09-24,040,Nienburg II – Schaumburg,03,Niedersachsen,erststimme,194800,146673,145477,1196,0.752941478439425,cdu,,0,,0.0913683950040213,,,,0,,0,,0,,,,,0,0,,0.406442255476811,,0,,0,0,0,0,0,0,,0,0,,0,,0,0.0449486860465916,,,0,,,0,0,0.0770293585927673,,,,,,,,0.0448868205970703,,0,,0,0,0,,0,,0,0,,0,,,,0.00802188662125285,,,,,,,,0,0.327302597661486,,,,,0,0,0,0,0,0,,,,0,0.406442255476811
0,0,2017,2017-09-24,040,Nienburg II – Schaumburg,03,Niedersachsen,zweitstimme,194800,146673,145654,1019,0.752941478439425,cdu,,0,,0.102606176280775,,,,0,,0.00131132684306645,,0,,,,,0,0,,0.342565257390803,,0,,0.00117401513175059,0,0,0,0.00731871421313524,0,,0.000144177296881651,0.00190863278729043,,0,,0,0.0853392285828058,,,0.00321995963035687,,,0,0,0.0812267428288959,,,,,,,,0.0569088387548574,,0,,0,0,0.000315816936026474,,0,,0.00278742773971192,0.000817004682329356,,0,,,,0.00374174413335713,,,,,,,,0,0.297327914097793,,,,,0.0100718140250182,0,0,0.00121520864514534,0,0,,,,0,0.342565257390803
0,0,2017,2017-09-24,041,Stadt Hannover I,03,Niedersachsen,erststimme,179883,134805,133415,1390,0.749403779123097,spd,,0,,0.0851778285799948,,,,0,,0,,0,,,,,0,0,,0.295971217629202,,0,,0,0,0,0,0.0179964771577409,0,,0.00102687104148709,0,,0,,0,0.0654649027470674,,,0.0050069332533823,,,0,0,0.0907094404677135,,,,,,,,0.0717985234044148,,0,,0,0,0.00122175167709778,,0,,0,0,,0,,,,0.0092268485552599,,,,,,,,0,0.356399205486639,,,,,0,0,0,0,0,0,,,,0,0.295971217629202
0,0,2017,2017-09-24,041,Stadt Hannover I,03,Niedersachsen,zweitstimme,179883,134805,133849,956,0.749403779123097,spd,,0,,0.0913417358366518,,,,0,,0.00272695350731048,,0,,,,,0,0,,0.271955711286599,,0,,0.00221891833334579,0,0,0,0.013208914523082,0,,0.00059021733445898,0.00407175249721701,,0,,0,0.102040358911908,,,0.00305568214928763,,,0,0,0.121719250797541,,,,,,,,0.0931646855785251,,0,,0,0,0.000582746228959499,,0,,0.00182294974187331,0.00121031909091588,,0,,,,0.00573780902360122,,,,,,,,0,0.273778661028472,,,,,0.00912969092036549,0,0,0.00164364320988577,0,0,,,,0,0.271955711286599
0,0,2017,2017-09-24,042,Stadt Hannover II,03,Niedersachsen,erststimme,193433,149031,147624,1407,0.770452818288503,spd,,0,,0.0717363030401561,,,,0,,0,,0,,,,,0,0,,0.289336422261963,,0,,0,0,0,0,0.0282338915081559,0,,0.00157156017991654,0,,0,,0,0.0553094347802525,,,0,,,0,0,0.111675608302173,,,,,,,,0.0933113856825448,,0,,0,0,0.00159188207879478,,0,,0,0,,0,,,,0.0102693328997995,,,,,,,,0,0.336964179266244,,,,,0,0,0,0,0,0,,,,0,0.289336422261963
0,0,2017,2017-09-24,042,Stadt Hannover II,03,Niedersachsen,zweitstimme,193433,149031,148091,940,0.770452818288503,spd,,0,,0.0759060307513623,,,,0,,0.00330202375566375,,0,,,,,0,0,,0.244464552201012,,0,,0.00317372426413489,0,0,0,0.0200282258881363,0,,0.000938612069605851,0.00345733366646184,,0,,0,0.0994996319830375,,,0.00239717471014444,,,0,0,0.149090761761349,,,,,,,,0.120351675658885,,0,,0,0,0.000857580811798151,,0,,0.00125598449601934,0.00125598449601934,,0,,,,0.00653652146315441,,,,,,,,0,0.256355889284291,,,,,0.00906199566482771,0,0,0.00206629707409633,0,0,,,,0,0.244464552201012
0,0,2017,2017-09-24,043,Hannover-Land I,03,Niedersachsen,erststimme,232926,181650,180096,1554,0.779861415213416,cdu,,0,,0.0955990138592751,,,,0,,0,,0,,,,,0,0,,0.401352611940299,,0,,0,0,0,0,0,0,,0,0,,0,,0,0.0517779406538735,,,0.0113106343283582,,,0,0,0.0595515724946695,,,,,,,,0.0497401385927505,,0,,0,0,0,,0,,0,0,,0,,,,0,,,,,,,,0,0.330668088130775,,,,,0,0,0,0,0,0,,,,0,0.401352611940299
0,0,2017,2017-09-24,043,Hannover-Land I,03,Niedersachsen,zweitstimme,232926,181650,180376,1274,0.779861415213416,cdu,,0,,0.101820641327006,,,,0,,0.00138599370204462,,0,,,,,0,0,,0.348316849248237,,0,,0.00126402625626469,0,0,0,0.00803876347185878,0,,0.000260566815984388,0.00256686033618663,,0,,0,0.10460926065552,,,0.00460149909078813,,,0,0,0.0794728788752384,,,,,,,,0.0603738856610636,,0,,0,0,0.00032709451368253,,0,,0.00225085377212046,0.000853772120459485,,0,,,,0.00362021554974054,,,,,,,,0,0.27045172306737,,,,,0.00840466580919856,0,0,0.00138044972723644,0,0,,,,0,0.348316849248237
0,0,2017,2017-09-24,044,Celle – Uelzen,03,Niedersachsen,erststimme,214612,162145,160796,1349,0.755526252026914,cdu,,0,,0.10074255578497,,,,0,,0,,0,,,,,0,0,,0.426969576357621,,0,,0,0,0,0,0,0,,0,0,,0,,0,0.0549143013507799,,,0.0109206696683997,,,0,0,0.0576258115873529,,,,,,,,0.0491367944476231,,0,,0,0,0,,0,,0,0,,0,,,,0,,,,,,,,0,0.299690290803254,,,,,0,0,0,0,0,0,,,,0,0.426969576357621
0,0,2017,2017-09-24,044,Celle – Uelzen,03,Niedersachsen,zweitstimme,214612,162145,161006,1139,0.755526252026914,cdu,,0,,0.109026992782878,,,,0,,0.00134777585928475,,0,,,,,0,0,,0.365564016247842,,0,,0.00109312696421251,0,0,0,0.00826677266685714,0,,0.000136640870526564,0.00144094008918922,,0,,0,0.101449635417314,,,0.00551532241034496,,,0,0,0.0775002173832031,,,,,,,,0.057743189694794,,0,,0,0,0.00030433648435462,,0,,0.00272039551321069,0.000900587555743264,,0,,,,0.00295641156230203,,,,,,,,0,0.254021589257543,,,,,0.00891892227618847,0,0,0.00109312696421251,0,0,,,,0,0.365564016247842
0,0,2017,2017-09-24,045,Gifhorn – Peine,03,Niedersachsen,erststimme,218556,168861,167373,1488,0.772621204634053,spd,,0,,0.0985881832792625,,,,0,,0,,0,,,,,0,0.00433164249908886,,0.36054202290692,,0,,0,0,0,0,0,0,,0,0,,0,,0,0.0481678645898681,,,0,,,0,0,0.0558154541055009,,,,,,,,0.0527384942613205,,0,,0,0,0.0016549861686174,,0,,0,0,,0,,,,0,,,,,,,,0,0.378161352189421,,,,,0,0,0,0,0,0,,,,0,0.36054202290692
0,0,2017,2017-09-24,045,Gifhorn – Peine,03,Niedersachsen,zweitstimme,218556,168861,167573,1288,0.772621204634053,spd,,0,,0.109140493993662,,,,0,,0.00124125008205379,,0,,,,,0,0,,0.337566314382389,,0,,0.00110399646721131,0,0,0,0.00867681547743372,0,,0.000101448324014012,0.00219009028900837,,0,,0,0.0835695487936601,,,0.00346714566189064,,,0,0,0.0721715312132623,,,,,,,,0.0606660977603791,,0,,0,0,0.000578852201727009,,0,,0.00276297494226397,0.000734008461983733,,0,,,,0.00395648463654646,,,,,,,,0,0.301032982640402,,,,,0.00949436961801722,0,0,0.00154559505409583,0,0,,,,0,0.337566314382389
0,0,2017,2017-09-24,046,Hameln-Pyrmont – Holzminden,03,Niedersachsen,erststimme,187377,139780,138469,1311,0.74598269798321,spd,,0,,0.0949165517191574,,,,0,,0,,0,,,,,0,0,,0.333511471881793,,0,,0,0,0,0,0,0,,0,0,,0,,0,0.0580202066888618,,,0,,,0,0,0.0542431880059797,,,,,,,,0.0593634676353552,,0,,0,0,0,,0,,0,0,,0,,,,0.00902729130707956,,,,,,,,0,0.390917822761773,,,,,0,0,0,0,0,0,,,,0,0.333511471881793
0,0,2017,2017-09-24,046,Hameln-Pyrmont – Holzminden,03,Niedersachsen,zweitstimme,187377,139780,138673,1107,0.74598269798321,spd,,0,,0.10134633273961,,,,0,,0.00133407368413462,,0,,,,,0,0,,0.320350753210791,,0,,0.000901401137928797,0,0,0,0.00633144159281187,0,,0.00019470264579262,0.00114658224744543,,0,,0,0.090363661275086,,,0.00281237155033785,,,0,0,0.0720760349887866,,,,,,,,0.0658383391143193,,0,,0,0,0.000237969900413202,,0,,0.00296380694150988,0.000786021792273911,,0,,,,0.00403827709792101,,,,,,,,0,0.318663330280588,,,,,0.00926640369790803,0,0,0.00134849610234148,0,0,,,,0,0.320350753210791
0,0,2017,2017-09-24,047,Hannover-Land II,03,Niedersachsen,erststimme,239923,188495,186766,1729,0.78564789536643,spd,,0,,0.0940749386933382,,,,0,,0,,0,,,,,0,0,,0.352392833813435,,0,,0,0,0,0,0,0,,0,0,,0,,0,0.054035531092383,,,0.00905411049120289,,,0,0,0.0572534615508176,,,,,,,,0.0542068684878404,,0,,0,0,0,,0,,0,0,,0,,,,0.00897915038069028,,,,,,,,0,0.370003105490293,,,,,0,0,0,0,0,0,,,,0,0.352392833813435
0,0,2017,2017-09-24,047,Hannover-Land II,03,Niedersachsen,zweitstimme,239923,188495,187016,1479,0.78564789536643,spd,,0,,0.103691662745434,,,,0,,0.0013367840184797,,0,,,,,0,0,,0.315395474184027,,0,,0.00166830645506267,0,0,0,0.00897784146810968,0,,0.00018180262651324,0.00211746588527185,,0,,0,0.0958474141249947,,,0.00439534585276126,,,0,0,0.0871048466441374,,,,,,,,0.065796509389571,,0,,0,0,0.000352910980878641,,0,,0.00271634512555075,0.000871583180048766,,0,,,,0.00500491936518801,,,,,,,,0,0.294953372973435,,,,,0.00832014373101767,0,0,0.00126727124951876,0,0,,,,0,0.315395474184027
0,0,2017,2017-09-24,048,Hildesheim,03,Niedersachsen,erststimme,218349,169613,167861,1752,0.776797695432542,spd,,0,,0.0859818540339924,,,,0,,0,,0,,,,,0,0,,0.360161085660159,,0,,0,0,0,0,0,0,,0,0,,0,,0,0.0555817015268585,,,0,,,0,0,0.0756042201583453,,,,,,,,0.0506490489154717,,0,,0,0,0,,0,,0,0,,0,,,,0,,,,,,,,0,0.372022089705173,,,,,0,0,0,0,0,0,,,,0,0.360161085660159
0,0,2017,2017-09-24,048,Hildesheim,03,Niedersachsen,zweitstimme,218349,169613,168297,1316,0.776797695432542,spd,,0,,0.0932577526634462,,,,0,,0.00190140050030601,,0,,,,,0,0,,0.326036708913409,,0,,0.00180633047529071,0,0,0,0.00858601163419431,0,,0.000190140050030601,0.00181227235185416,,0,,0,0.0824494791945192,,,0.00269167008324569,,,0,0,0.0879754243985336,,,,,,,,0.064956594591704,,0,,0,0,0.000332745087553551,,0,,0.00278079823169753,0.000891281484518441,,0,,,,0.00352353280212957,,,,,,,,0,0.309435105795112,,,,,0.0100595970219315,0,0,0.00131315472052384,0,0,,,,0,0.326036708913409
0,0,2017,2017-09-24,049,Salzgitter – Wolfenbüttel,03,Niedersachsen,erststimme,206133,157046,155479,1567,0.761867338077843,spd,,0,,0.1193987612475,,,,0,,0,,0,,,,,0,0,,0.291421992680684,,0,,0,0,0,0,0,0,,0,0,,0,,0,0.0467458627853279,,,0,,,0,0,0.0429640015693438,,,,,,,,0.0597508345178449,,0,,0,0,0,,0,,0,0,,0,,,,0.00858636857710688,,,,,,,,0,0.428270055763158,,,,,0,0,0,0,0,0,,,,0.00286212285903563,0.291421992680684
0,0,2017,2017-09-24,049,Salzgitter – Wolfenbüttel,03,Niedersachsen,zweitstimme,206133,157046,155719,1327,0.761867338077843,spd,,0,,0.12275316435374,,,,0,,0.00132931755277134,,0,,,,,0,0,,0.295307573256956,,0,,0.00126509931350702,0,0,0,0.00999877985345398,0,,0.000199076541719379,0.00276138428836558,,0,,0,0.0799517078840732,,,0.00340998850493517,,,0,0,0.0655860877606458,,,,,,,,0.0723482683551782,,0,,0,0,0.000475214970555937,,0,,0.00389162529941754,0.000751353399392496,,0,,,,0.0043925275656792,,,,,,,,0,0.324186515454119,,,,,0.0102171218669527,0,0,0.00117519377853698,0,0,,,,0,0.295307573256956
0,0,2017,2017-09-24,050,Braunschweig,03,Niedersachsen,erststimme,192041,147712,146350,1362,0.769169083685255,spd,,0,,0.0777382985992484,,,,0,,0,,0,,,,,0,0,,0.313501879057055,,0,,0,0,0,0,0,0,,0,0,,0,,0,0.0538230269900923,,,0,,,0,0,0.0803621455415101,,,,,,,,0.0761530577382986,,0,,0,0,0.00235052955244277,,0,,0,0,,0,,,,0,,,,,,,,0,0.380191322172873,,,,,0,0,0,0,0,0,,,,0.0158797403484797,0.313501879057055
0,0,2017,2017-09-24,050,Braunschweig,03,Niedersachsen,zweitstimme,192041,147712,146657,1055,0.769169083685255,spd,,0,,0.0836509679047028,,,,0,,0.00268654070381912,,0,,,,,0,0,,0.290023660650361,,0,,0.00265926617890725,0,0,0,0.0183966670530558,0,,0.000204558936839019,0.00203195210593426,,0,,0,0.100124780951472,,,0.00281609469715049,,,0,0,0.117928227087694,,,,,,,,0.0932311447799969,,0,,0,0,0.000886422059635749,,0,,0.00210013841821393,0.00152055476383671,,0,,,,0.00617086126131041,,,,,,,,0,0.263846935366195,,,,,0.00970291223739746,0,0,0.00201831484347832,0,0,,,,0,0.290023660650361
0,0,2017,2017-09-24,051,Helmstedt – Wolfsburg,03,Niedersachsen,erststimme,183961,137303,135832,1471,0.746370154543626,spd,,0,,0.102015725307733,,,,0,,0,,0,,,,,0,0,,0.349078273160964,,0,,0,0,0,0,0,0,,0,0,,0,,0,0.0573576182342894,,,0,,,0,0,0.0448789681371106,,,,,,,,0.0598386241828141,,0,,0,0,0.00111902938924554,,0,,0,0,,0,,,,0,,,,,,,,0,0.380219683137994,,,,,0,0,0,0,0,0,,,,0.00549207844984982,0.349078273160964
0,0,2017,2017-09-24,051,Helmstedt – Wolfsburg,03,Niedersachsen,zweitstimme,183961,137303,136012,1291,0.746370154543626,spd,,0,,0.109269770314384,,,,0,,0.00101461635738023,,0,,,,,0,0,,0.345829779725318,,0,,0.00103667323471458,0,0,0,0.00903596741463989,0,,0.000264682528012234,0.00202923271476046,,0,,0,0.0807869893832897,,,0.00334529306237685,,,0,0,0.0592888862747405,,,,,,,,0.0665382466252978,,0,,0,0,0.000602887980472311,,0,,0.00458047819310061,0.00145575390406729,,0,,,,0.0043525571273123,,,,,,,,0,0.299532394200512,,,,,0.00960944622533306,0,0,0.00142634473428815,0,0,,,,0,0.345829779725318
0,0,2017,2017-09-24,052,Goslar – Northeim – Osterode,03,Niedersachsen,erststimme,202963,150977,149372,1605,0.743864645280174,cdu,,0,,0.0933039659373912,,,,0,,0,,0,,,,,0,0,,0.397604638084782,,0,,0,0,0,0,0,0,,0,0,,0,,0,0.0497951423292183,,,0,,,0,0,0.0544144819644913,,,,,,,,0.0570722759285542,,0,,0,0,0,,0,,0,0,,0,,,,0,,,,,,,,0,0.347809495755563,,,,,0,0,0,0,0,0,,,,0,0.397604638084782
0,0,2017,2017-09-24,052,Goslar – Northeim – Osterode,03,Niedersachsen,zweitstimme,202963,150977,149790,1187,0.743864645280174,cdu,,0,,0.101021430002003,,,,0,,0.00132852660391214,,0,,,,,0,0,,0.321323185793444,,0,,0.00115495026370252,0,0,0,0.00831831230389212,0,,0.000180252353294612,0.00219640830496028,,0,,0,0.0916883637091929,,,0.00342479471259764,,,0,0,0.0662861339208225,,,,,,,,0.0635623205821483,,0,,0,0,0.000240336471059483,,0,,0.00397222778556646,0.000680953334668536,,0,,,,0.00284398157420389,,,,,,,,0,0.320555444288671,,,,,0.0100941317844983,0,0,0.00112824621136257,0,0,,,,0,0.321323185793444
0,0,2017,2017-09-24,053,Göttingen,03,Niedersachsen,erststimme,220420,170547,169108,1439,0.773736503039652,spd,,0,,0.0701918300730894,,,,0,,0,,0,,,,,0,0,,0.33262766989143,,0,,0,0,0,0,0.0127669891430329,0,,0,0,,0,,0,0.0457340870922724,,,0.00862170920358587,,,0,0,0.113128888047875,,,,,,,,0.0585720368048821,,0,,0,0,0.000999361354873809,,0,,0,0,,0,,,,0.00827873311729782,,,,,,,,0,0.349078695271661,,,,,0,0,0,0,0,0,,,,0,0.33262766989143
0,0,2017,2017-09-24,053,Göttingen,03,Niedersachsen,zweitstimme,220420,170547,169324,1223,0.773736503039652,spd,,0,,0.0794098887340247,,,,0,,0.00236824076917625,,0,,,,,0,0,,0.302243037017788,,0,,0.00186033875882923,0,0,0,0.0104887670973991,0,,0.000425220287732395,0.001494176844393,,0,,0,0.0910739174600175,,,0.00627790508138244,,,0,0,0.116203255297536,,,,,,,,0.0870992889371855,,0,,0,0,0.000448843637050861,,0,,0.00249816919042782,0.000962651484727505,,0,,,,0.00463608230374903,,,,,,,,0,0.282718338806076,,,,,0.00846897073067019,0,0,0.00132290756183412,0,0,,,,0,0.302243037017788
0,0,2017,2017-09-24,054,Bremen I,04,Bremen,erststimme,252496,188064,185437,2627,0.744819719916355,spd,,0,,0.0770612121636998,,,,0,,0,,0,,,,,0,0,,0.242195462609943,,0,,0,0,0,0,0.025582812491574,0,,0,0,,0,,0,0.111638993296915,,,0,,,0,0,0.119269617174566,,,,,,,,0.122230191385754,,0,,0,0,0.00188743346797025,,0,,0,0,,0,,,,0,,,,,,,,0,0.300134277409578,,,,,0,0,0,0,0,0,,,,0,0.242195462609943
0,0,2017,2017-09-24,054,Bremen I,04,Bremen,zweitstimme,252496,188064,186376,1688,0.744819719916355,spd,,0,,0.0833744688157274,,,,0,,0.00603081941880929,,0,,,,,0,0,,0.260001287719449,,0,,0,0,0,0,0.0165954843971327,0,,0.000504356784135296,0.00168476627892003,,0,,0,0.102684895050865,,,0.00261836287934069,,,0,0,0.126454049877667,,,,,,,,0.141783276816758,,0.00210327509979826,,0,0,0.000826286646349315,,0,,0.00141649139374168,0,,0,,,,0.00540305618749195,,,,,,,,0,0.245358844486415,,,,,0,0,0,0.00316027814740095,0,0,,,,0,0.260001287719449
0,0,2017,2017-09-24,055,Bremen II – Bremerhaven,04,Bremen,erststimme,221655,147855,145606,2249,0.66705014549638,spd,,0,,0.114315344147906,,,,0,,0,,0,,,,,0,0,,0.249735587819183,,0,,0,0,0,0,0.0206653571968188,0,,0,0,,0,,0,0.0669958655549909,,,0.00644891007238713,,,0,0,0.0773937887174979,,,,,,,,0.11496092194003,,0.00540499704682499,,0,0,0.00103017732785737,,0,,0.00334464239111026,0,,0,,,,0,,,,,,,,0,0.339704407785393,,,,,0,0,0,0,0,0,,,,0,0.249735587819183
0,0,2017,2017-09-24,055,Bremen II – Bremerhaven,04,Bremen,zweitstimme,221655,147855,145947,1908,0.66705014549638,spd,,0,,0.121311160900875,,,,0,,0.00465922560929653,,0,,,,,0,0,,0.239477344515475,,0,,0,0,0,0,0.0165676581224691,0,,0.000548144189329003,0.00200757809341747,,0,,0,0.0816597806052882,,,0.00483737247082845,,,0,0,0.0902039781564541,,,,,,,,0.124730210281815,,0.00351497461407223,,0,0,0.000815364481626892,,0,,0.00410422961760091,0,,0,,,,0.00651606405064852,,,,,,,,0,0.296100639273161,,,,,0,0,0,0.00294627501764339,0,0,,,,0,0.239477344515475
0,0,2017,2017-09-24,056,Prignitz – Ostprignitz-Ruppin – Havelland I,12,Brandenburg,erststimme,176002,120228,118415,1813,0.683105873796889,cdu,,0,,0.179842080817464,,,,0,,0,,0,,,,,0,0,,0.308077523962336,,0,,0,0,0,0,0.0126842038593084,0,,0,0,,0,,0,0.0356880462779209,,,0.0123379639403792,,,0,0,0.0299539754254106,,,,,,,,0.176067221213529,,0,,0,0,0.00315838365071993,,0,,0,0,,0,,,,0,,,,,,,,0,0.23697166744078,,,,,0,0,0,0,0,0,,,,0.00521893341215218,0.308077523962336
0,0,2017,2017-09-24,056,Prignitz – Ostprignitz-Ruppin – Havelland I,12,Brandenburg,zweitstimme,176002,120228,118408,1820,0.683105873796889,cdu,,0,,0.187343760556719,,,,0,,0.00309100736436727,,0,,,,,0,0,,0.297403891628944,,0,,0,0,0,0,0.0100922234984123,0,,0.000624957773123438,0.00230558746030674,,0,,0,0.0553594351732991,,,0.00988953449091278,,,0,0,0.0357323829470982,,,,,,,,0.164237213701777,,0,,0,0,0.00176508344030809,,0,,0.00863117356935342,0.00130903317343423,,0,,,,0,,,,,,,,0,0.210154719275725,,,,,0.0120599959462199,0,0,0,0,0,,,,0,0.297403891628944
0,0,2017,2017-09-24,057,Uckermark – Barnim I,12,Brandenburg,erststimme,184716,129870,127876,1994,0.703079321769636,cdu,,0,,0.201789233319779,,,,0,,0,,0,,,,,0,0,,0.305780599956208,,0,,0,0,0,0,0.0169148237354938,0,,0.00344865338296475,0,,0,,0,0.0379977478181989,,,0.0184631987237636,,,0,0,0.0368638368419406,,,,,,,,0.184467765647971,,0,,0,0,0,,0,,0,0,,0,,,,0,,,,,,,,0,0.194274140573681,,,,,0,0,0,0,0,0,,,,0,0.305780599956208
0,0,2017,2017-09-24,057,Uckermark – Barnim I,12,Brandenburg,zweitstimme,184716,129870,128013,1857,0.703079321769636,cdu,,0,,0.207830454719443,,,,0,,0.00442923765555061,,0,,,,,0,0,,0.282471311507425,,0,,0,0,0,0,0.0113347863107653,0,,0.00179669252341559,0.00377305429917274,,0,,0,0.0548459922039168,,,0.0118581706545429,,,0,0,0.0405193222563333,,,,,,,,0.186465437104044,,0,,0,0,0.00067180676962496,,0,,0.00989743229203284,0.00135923695249701,,0,,,,0,,,,,,,,0,0.169123448399772,,,,,0.0136236163514643,0,0,0,0,0,,,,0,0.282471311507425
0,0,2017,2017-09-24,058,Oberhavel – Havelland II,12,Brandenburg,erststimme,243108,185012,182290,2722,0.761028020468269,cdu,,0,,0.179724614625048,,,,0,,0,,0,,,,,0,0,,0.298727302649624,,0,,0,0,0,0,0.0183827966427122,0,,0.00221076306983378,0,,0,,0,0.0521915628942893,,,0.0147237917603818,,,0,0,0.0531296286137473,,,,,,,,0.147232431839377,,0,,0,0,0,,0,,0,0,,0,,,,0.00644028745405672,,,,,,,,0,0.22723682045093,,,,,0,0,0,0,0,0,,,,0,0.298727302649624
0,0,2017,2017-09-24,058,Oberhavel – Havelland II,12,Brandenburg,zweitstimme,243108,185012,182610,2402,0.761028020468269,cdu,,0,,0.186117956300312,,,,0,,0.00335688078418488,,0,,,,,0,0,,0.284584633919282,,0,,0,0,0,0,0.013224905536389,0,,0.00118832484529872,0.00284212255626746,,0,,0,0.0761842177317781,,,0.0096927879086578,,,0,0,0.0639833524998631,,,,,,,,0.142878265155249,,0,,0,0,0.000547615136082361,,0,,0.00808279940857565,0.00163736925688626,,0,,,,0,,,,,,,,0,0.185400580472044,,,,,0.0202781884891298,0,0,0,0,0,,,,0,0.284584633919282
0,0,2017,2017-09-24,059,Märkisch-Oderland – Barnim II,12,Brandenburg,erststimme,226424,170039,167605,2434,0.750976044942232,cdu,,0,,0.202350765191969,,,,0,,0,,0,,,,,0,0,,0.283965275498941,,0,,0,0,0,0,0,0,,0.00685540407505743,0,,0,,0,0.0424271352286626,,,0.0275469108916798,,,0,0,0.0535306225947913,,,,,,,,0.225058918290027,,0,,0,0,0,,0,,0,0,,0,,,,0,,,,,,,,0,0.158264968228871,,,,,0,0,0,0,0,0,,,,0,0.283965275498941
0,0,2017,2017-09-24,059,Märkisch-Oderland – Barnim II,12,Brandenburg,zweitstimme,226424,170039,167696,2343,0.750976044942232,cdu,,0,,0.206928012594218,,,,0,,0.00439485736093884,,0,,,,,0,0,,0.251127039404637,,0,,0,0,0,0,0.0137331838565022,0,,0.002653611296632,0.00289810132620933,,0,,0,0.0656366281843336,,,0.015301497948669,,,0,0,0.0465127373342238,,,,,,,,0.206516553763954,,0,,0,0,0.00062613300257609,,0,,0.00741222211621029,0.00176509875011926,,0,,,,0,,,,,,,,0,0.15449384600706,,,,,0.0200004770537163,0,0,0,0,0,,,,0,0.251127039404637
0,0,2017,2017-09-24,060,Brandenburg an der Havel – Potsdam-Mittelmark I – Havelland III – Teltow-Fläming I,12,Brandenburg,erststimme,183182,128058,125798,2260,0.699075236649889,cdu,,0,,0.169414458099493,,,,0,,0,,0,,,,,0,0,,0.317898535747786,,0,,0,0,0,0,0,0,,0.00449927661807024,0,,0,,0,0.0458115391341675,,,0.0203421358050207,,,0,0,0.0341261387303455,,,,,,,,0.151337859107458,,0,,0,0,0,,0,,0,0,,0,,,,0.00578705543808328,,,,,,,,0,0.250783001319576,,,,,0,0,0,0,0,0,,,,0,0.317898535747786
0,0,2017,2017-09-24,060,Brandenburg an der Havel – Potsdam-Mittelmark I – Havelland III – Teltow-Fläming I,12,Brandenburg,zweitstimme,183182,128058,126145,1913,0.699075236649889,cdu,,0,,0.179420508145388,,,,0,,0.00407467596813191,,0,,,,,0,0,,0.281866106464783,,0,,0,0,0,0,0.0105989139482342,0,,0.00189464505132982,0.00340084823021126,,0,,0,0.0649569939355504,,,0.0120496254310516,,,0,0,0.0415236434262159,,,,,,,,0.165880534305759,,0,,0,0,0.000618336041856594,,0,,0.00897379999207261,0.00152205794918546,,0,,,,0,,,,,,,,0,0.206548020135558,,,,,0.016671290974672,0,0,0,0,0,,,,0,0.281866106464783
0,0,2017,2017-09-24,061,Potsdam – Potsdam-Mittelmark II – Teltow-Fläming II,12,Brandenburg,erststimme,247441,195802,193510,2292,0.791307826916315,spd,,0,,0.12345615213684,,,,0,,0,,0,,,,,0,0,,0.248540127125213,,0,,0,0,0,0,0.0236421890341584,0,,0.00284739806728334,0,,0,,0,0.0745439512169914,,,0.0128365459149398,,,0,0,0.0803524365665857,,,,,,,,0.164539300294558,,0,,0,0,0,,0,,0,0,,0,,,,0.00537956694744458,,,,,,,,0,0.261423182264482,,,,,0,0,0,0,0,0,,,,0.00243915043150225,0.248540127125213
0,0,2017,2017-09-24,061,Potsdam – Potsdam-Mittelmark II – Teltow-Fläming II,12,Brandenburg,zweitstimme,247441,195802,193869,1933,0.791307826916315,spd,,0,,0.134797208424245,,,,0,,0.00553466516049497,,0,,,,,0,0,,0.247667239218235,,0,,0,0,0,0,0.0175891968287864,0,,0.00169186409379529,0.00341467692101367,,0,,0,0.091649515910228,,,0.00828394431291233,,,0,0,0.0984118141631721,,,,,,,,0.181081039258468,,0,,0,0,0.000753085846628393,,0,,0.00351783936575729,0.0022283088064621,,0,,,,0,,,,,,,,0,0.184521506790668,,,,,0.0188580948991329,0,0,0,0,0,,,,0,0.247667239218235
0,0,2017,2017-09-24,062,Dahme-Spreewald – Teltow-Fläming III – Oberspreewald-Lausitz I,12,Brandenburg,erststimme,248708,187607,184378,3229,0.754326358621355,cdu,,0,,0.202616364208311,,,,0,,0,,0,,,,,0,0,,0.307016021434228,,0,,0,0,0,0,0,0,,0.00375315927062882,0,,0,,0,0.0483246374296283,,,0.0272917593205263,,,0,0,0.0440779268676306,,,,,,,,0.164216989011704,,0,,0,0,0,,0,,0,0,,0,,,,0.00664938333206782,,,,,,,,0,0.196053759125275,,,,,0,0,0,0,0,0,,,,0,0.307016021434228
0,0,2017,2017-09-24,062,Dahme-Spreewald – Teltow-Fläming III – Oberspreewald-Lausitz I,12,Brandenburg,zweitstimme,248708,187607,184910,2697,0.754326358621355,cdu,,0,,0.210453734249094,,,,0,,0.00329890216862257,,0,,,,,0,0,,0.270304472446055,,0,,0,0,0,0,0.0121085933697474,0,,0.00184414039262344,0.00392623438429506,,0,,0,0.0741874425396139,,,0.0143421123789952,,,0,0,0.0466010491590504,,,,,,,,0.158006597804337,,0,,0,0,0.00048672327078038,,0,,0.00793899735006219,0.00169812341138932,,0,,,,0,,,,,,,,0,0.176112703477367,,,,,0.0186901735979666,0,0,0,0,0,,,,0,0.270304472446055
0,0,2017,2017-09-24,063,Frankfurt (Oder) – Oder-Spree,12,Brandenburg,erststimme,194759,140051,137959,2092,0.719098989006927,cdu,,0,,0.219347777238165,,,,0,,0,,0,,,,,0,0,,0.27068911778137,,0,,0,0,0,0,0.018715705390732,0,,0.00264571358157134,0,,0,,0,0.0507977007661697,,,0.0178458817474757,,,0,0,0.0326473807435542,,,,,,,,0.191368450046753,,0,,0,0,0.00288491508346683,,0,,0.00992323806348263,0,,0,,,,0.00547988895251488,,,,,,,,0,0.171050819446357,,,,,0,0,0,0,0,0,,,,0.00660341115838764,0.27068911778137
0,0,2017,2017-09-24,063,Frankfurt (Oder) – Oder-Spree,12,Brandenburg,zweitstimme,194759,140051,137998,2053,0.719098989006927,cdu,,0,,0.220851026826476,,,,0,,0.0042102059450137,,0,,,,,0,0,,0.245568776359078,,0,,0,0,0,0,0.0146089073754692,0,,0.00176814156726909,0.00323917737938231,,0,,0,0.0669647386194003,,,0.0127827939535356,,,0,0,0.042725256887781,,,,,,,,0.189872316990101,,0,,0,0,0.00167393730343918,,0,,0.0109349410861027,0.00202901491325961,,0,,,,0,,,,,,,,0,0.164509630574356,,,,,0.0182611342193365,0,0,0,0,0,,,,0,0.245568776359078
0,0,2017,2017-09-24,064,Cottbus – Spree-Neiße,12,Brandenburg,erststimme,178676,132113,129723,2390,0.739399807472744,cdu,,0,,0.252661440145541,,,,0,,0,,0,,,,,0,0,,0.284105362965704,,0,,0,0,0,0,0.0247604511150683,0,,0.00386207534515853,0,,0,,0,0.0572450529204536,,,0,,,0,0,0.0332940187938916,,,,,,,,0.156942099704756,,0,,0,0,0,,0,,0,0,,0,,,,0,,,,,,,,0,0.169738596856379,,,,,0,0,0,0,0,0,,,,0.0173909021530492,0.284105362965704
0,0,2017,2017-09-24,064,Cottbus – Spree-Neiße,12,Brandenburg,zweitstimme,178676,132113,130028,2085,0.739399807472744,cdu,,0,,0.268442181683945,,,,0,,0.00449134032669886,,0,,,,,0,0,,0.2412249669302,,0,,0,0,0,0,0.0145968560617713,0,,0.00227643276832682,0.00375303780724152,,0,,0,0.0764527640200572,,,0.00850586027624819,,,0,0,0.0314778355431138,,,,,,,,0.165010613098717,,0,,0,0,0.000953640754299074,,0,,0.0110514658381272,0.00156889285384686,,0,,,,0,,,,,,,,0,0.151728858399729,,,,,0.018465253637678,0,0,0,0,0,,,,0,0.2412249669302
0,0,2017,2017-09-24,065,Elbe-Elster – Oberspreewald-Lausitz II,12,Brandenburg,erststimme,168543,123365,120848,2517,0.731949710162985,cdu,,0,,0.246839004369125,,,,0,,0,,0,,,,,0,0,,0.294858003442341,,0,,0,0,0,0,0,0,,0,0,,0,,0,0.0537203760095326,,,0.0404392294452535,,,0,0,0.0293178207334834,,,,,,,,0.16204653779955,,0,,0,0,0,,0,,0,0,,0,,,,0,,,,,,,,0,0.166672183238448,,,,,0,0,0,0,0,0,,,,0.00610684496226665,0.294858003442341
0,0,2017,2017-09-24,065,Elbe-Elster – Oberspreewald-Lausitz II,12,Brandenburg,zweitstimme,168543,123365,121154,2211,0.731949710162985,cdu,,0,,0.252273965366393,,,,0,,0.00347491622232861,,0,,,,,0,0,,0.277134886177922,,0,,0,0,0,0,0.0099625270317117,0,,0.000825395777275204,0.00458094656387738,,0,,0,0.0670881687769285,,,0.017242517787279,,,0,0,0.0259669511530779,,,,,,,,0.154968057183419,,0,,0,0,0.00089142743945722,,0,,0.0145022038067253,0.00123809366591281,,0,,,,0,,,,,,,,0,0.154349010350463,,,,,0.0155009326972283,0,0,0,0,0,,,,0,0.277134886177922
0,0,2017,2017-09-24,066,Altmark,15,Sachsen-Anhalt,erststimme,165625,111193,109455,1738,0.671353962264151,cdu,,0,,0.164734365721073,,,,0,,0,,0,,,,,0,0,,0.325649810424375,,0,,0,0,0,0,0,0,,0,0,,0,,0,0.0674980585628797,,,0.0143163857292951,,,0,0,0.0341510209675209,,,,,,,,0.1916129916404,,0,,0,0,0,,0,,0,0,,0,,,,0,,,,,,,,0,0.190946050888493,,,,,0,0,0,0,0,0,,,,0.0110913160659632,0.325649810424375
0,0,2017,2017-09-24,066,Altmark,15,Sachsen-Anhalt,zweitstimme,165625,111193,109863,1330,0.671353962264151,cdu,,0,,0.167654260306018,,,,0,,0.00276708263928711,,0,,,,,0,0,,0.327881088264475,,0,,0.00220274341680092,0,0,0,0.00882917815825164,0,,0,0,,0,,0,0.0713434004168829,,,0.00808279402528604,,,0,0,0.0332049916714453,,,,,,,,0.185194287430709,,0,,0.00425074865969435,0,0.00107406497182855,,0,,0.00602568653686865,0,,0,,,,0,,,,,,,,0,0.170403138454257,,,,,0,0.0110865350481964,0,0,0,0,,,,0,0.327881088264475
0,0,2017,2017-09-24,067,Börde – Jerichower Land,15,Sachsen-Anhalt,erststimme,220786,150499,145948,4551,0.681651010480737,cdu,,0,,0,,,,0,,0,,0,,,,,0,0,,0.377600241181791,,0,,0,0,0,0,0,0,,0,0,,0,,0,0.075917450050703,,,0.0535053580727382,,,0,0,0.0242552141858744,,,,,,,,0.202921588510977,,0,,0,0,0,,0,,0.065907035382465,0,,0,,,,0,,,,,,,,0,0.199893112615452,,,,,0,0,0,0,0,0,,,,0,0.377600241181791
0,0,2017,2017-09-24,067,Börde – Jerichower Land,15,Sachsen-Anhalt,zweitstimme,220786,150499,148088,2411,0.681651010480737,cdu,,0,,0.188435254713414,,,,0,,0.00241748149748798,,0,,,,,0,0,,0.321200907568473,,0,,0.00143833396358922,0,0,0,0.00886634973799363,0,,0,0,,0,,0,0.0770690400302523,,,0.0140051861055589,,,0,0,0.0286046134730701,,,,,,,,0.165813570309546,,0,,0.00529414942466642,0,0.00101966398357733,,0,,0.00898114634541624,0,,0,,,,0,,,,,,,,0,0.162423694019772,,,,,0,0.0144306088271838,0,0,0,0,,,,0,0.321200907568473
0,0,2017,2017-09-24,068,Harz,15,Sachsen-Anhalt,erststimme,215607,143567,141128,2439,0.665873556980989,cdu,,0,,0.161498781248229,,,,0,,0,,0,,,,,0,0,,0.36410917748427,,0,,0,0,0,0,0,0,,0,0,,0,,0,0.0490547588005215,,,0.0230499971656936,,,0,0,0.0316166883963494,,,,,,,,0.192052604727623,,0,,0,0,0.00312482285584717,,0,,0,0,,0,,,,0,,,,,,,,0,0.175493169321467,,,,,0,0,0,0,0,0,,,,0,0.36410917748427
0,0,2017,2017-09-24,068,Harz,15,Sachsen-Anhalt,zweitstimme,215607,143567,141531,2036,0.665873556980989,cdu,,0,,0.168584974316581,,,,0,,0.00257894030283118,,0,,,,,0,0,,0.336138372512029,,0,,0.00150497064247409,0,0,0,0.00949615278631537,0,,0,0,,0,,0,0.0699634709003681,,,0.0116440921070296,,,0,0,0.0351018504779872,,,,,,,,0.177127272470342,,0,,0.00314418749249281,0,0.00130006853622175,,0,,0.00613293200782867,0,,0,,,,0,,,,,,,,0,0.161907991888703,,,,,0,0.0153747235587963,0,0,0,0,,,,0,0.336138372512029
0,0,2017,2017-09-24,069,Magdeburg,15,Sachsen-Anhalt,erststimme,238060,162894,160556,2338,0.684256069898345,cdu,,0,,0.152650788509928,,,,0,,0,,0,,,,,0,0,,0.274178479782755,,0,,0,0,0,0,0,0,,0,0,,0,,0,0.0672413363561623,,,0.0108311118861955,,,0,0,0.0399673634121428,,,,,,,,0.188712972420838,,0,,0.0160068761055333,0,0.00287127232865791,,0,,0.0047646926928922,0,,0,,,,0,,,,,,,,0,0.217226388300655,,,,,0,0.0255487182042403,0,0,0,0,,,,0,0.274178479782755
0,0,2017,2017-09-24,069,Magdeburg,15,Sachsen-Anhalt,zweitstimme,238060,162894,160777,2117,0.684256069898345,cdu,,0,,0.162031882669785,,,,0,,0.00328405182333294,,0,,,,,0,0,,0.277502379071633,,0,,0.00493229753011936,0,0,0,0.0155743669803517,0,,0,0,,0,,0,0.0790722553599084,,,0.0079737773437743,,,0,0,0.0532663254072411,,,,,,,,0.18694216212518,,0,,0.0103994974405543,0,0.00182861976526493,,0,,0.00582794802739198,0,,0,,,,0,,,,,,,,0,0.17112522313515,,,,,0,0.0202392133203132,0,0,0,0,,,,0,0.277502379071633
0,0,2017,2017-09-24,070,Dessau – Wittenberg,15,Sachsen-Anhalt,erststimme,177005,123466,121399,2067,0.697528318409085,cdu,,0,,0.193741299351724,,,,0,,0,,0,,,,,0,0,,0.352399937396519,,0,,0,0,0,0,0,0,,0,0,,0,,0,0.0498439031622995,,,0.0306180446296922,,,0,0,0.0461865418990272,,,,,,,,0.181929010947372,,0,,0,0,0,,0,,0.00959645466601867,0,,0,,,,0,,,,,,,,0,0.121961465909933,,,,,0,0,0,0,0,0,,,,0.0137233420374138,0.352399937396519
0,0,2017,2017-09-24,070,Dessau – Wittenberg,15,Sachsen-Anhalt,zweitstimme,177005,123466,121744,1722,0.697528318409085,cdu,,0,,0.199820935733999,,,,0,,0.00298988040478381,,0,,,,,0,0,,0.318299053752136,,0,,0.00137994480220791,0,0,0,0.00898606912866343,0,,0,0,,0,,0,0.0734327769746353,,,0.0164771980549349,,,0,0,0.0353118018136417,,,,,,,,0.173330923905901,,0,,0.00352378761992377,0,0.00104317255881193,,0,,0.00989781837297937,0,,0,,,,0,,,,,,,,0,0.142594296228151,,,,,0,0.0129123406492312,0,0,0,0,,,,0,0.318299053752136
0,0,2017,2017-09-24,071,Anhalt,15,Sachsen-Anhalt,erststimme,224401,147946,145192,2754,0.659292962152575,cdu,,0,,0.222333186401455,,,,0,,0,,0,,,,,0,0,,0.315740536668687,,0,,0,0,0,0,0,0,,0,0,,0,,0,0.0634539093062979,,,0.0273844288941539,,,0,0,0.0196567303983691,,,,,,,,0.211836740316271,,0,,0,0,0.00380186236156262,,0,,0.00708716733704336,0,,0,,,,0,,,,,,,,0,0.128705438316161,,,,,0,0,0,0,0,0,,,,0,0.315740536668687
0,0,2017,2017-09-24,071,Anhalt,15,Sachsen-Anhalt,zweitstimme,224401,147946,145539,2407,0.659292962152575,cdu,,0,,0.222270319295859,,,,0,,0.00229491751351871,,0,,,,,0,0,,0.306584489380853,,0,,0.00127113694611066,0,0,0,0.0076336926871835,0,,0,0,,0,,0,0.0745367221157216,,,0.0150956101113791,,,0,0,0.0237393413449316,,,,,,,,0.177869849318739,,0,,0.00401954115391751,0,0.00198572204014044,,0,,0.0082726966654986,0,,0,,,,0,,,,,,,,0,0.139405932430483,,,,,0,0.0150200289956644,0,0,0,0,,,,0,0.306584489380853
0,0,2017,2017-09-24,072,Halle,15,Sachsen-Anhalt,erststimme,214668,152467,150275,2192,0.710245588536717,cdu,,0,,0.173135917484612,,,,0,,0,,0,,,,,0,0,,0.270770254533356,,0,,0,0,0,0,0.0145466644485111,0,,0,0,,0,,0,0.0674164032606887,,,0.0173481949758776,,,0,0,0.0364332057893861,,,,,,,,0.203160871735152,,0,,0,0,0.00389286308434537,,0,,0,0,,0,,,,0,,,,,,,,0,0.213295624688072,,,,,0,0,0,0,0,0,,,,0,0.270770254533356
0,0,2017,2017-09-24,072,Halle,15,Sachsen-Anhalt,zweitstimme,214668,152467,150294,2173,0.710245588536717,cdu,,0,,0.1778314503573,,,,0,,0.005189827937243,,0,,,,,0,0,,0.265033866954103,,0,,0.00454442625786791,0,0,0,0.0192688996234048,0,,0,0,,0,,0,0.0900435147111661,,,0.00964110343726296,,,0,0,0.0695769624868591,,,,,,,,0.192236549695929,,0,,0.00254168496413696,0,0.00247514870853128,,0,,0.00508336992827392,0,,0,,,,0,,,,,,,,0,0.141030247381798,,,,,0,0.0155029475561233,0,0,0,0,,,,0,0.265033866954103
0,0,2017,2017-09-24,073,Burgenland – Saalekreis,15,Sachsen-Anhalt,erststimme,191636,131219,128915,2304,0.684730426433447,cdu,,0,,0.233580266066788,,,,0,,0,,0,,,,,0,0,,0.335523406896017,,0,,0,0,0,0,0,0,,0,0,,0,,0,0.0662296862273591,,,0.0271108870185781,,,0,0,0.0248070434006904,,,,,,,,0.169251056897956,,0,,0,0,0,,0,,0.0121708102237909,0,,0,,,,0,,,,,,,,0,0.131326843268821,,,,,0,0,0,0,0,0,,,,0,0.335523406896017
0,0,2017,2017-09-24,073,Burgenland – Saalekreis,15,Sachsen-Anhalt,zweitstimme,191636,131219,129212,2007,0.684730426433447,cdu,,0,,0.245960127542334,,,,0,,0.00243785406928149,,0,,,,,0,0,,0.299337522830697,,0,,0.00160201838838498,0,0,0,0.00872210011454044,0,,0,0,,0,,0,0.0784137696189208,,,0.0130560629043742,,,0,0,0.0260502120546079,,,,,,,,0.162848651828004,,0,,0.00314986224189704,0,0.00103705538185308,,0,,0.0113766523233136,0,,0,,,,0,,,,,,,,0,0.132325171036746,,,,,0,0.0136829396650466,0,0,0,0,,,,0,0.299337522830697
0,0,2017,2017-09-24,074,Mansfeld,15,Sachsen-Anhalt,erststimme,207103,140223,137657,2566,0.677068898084528,cdu,,0,,0.238738313344036,,,,0,,0,,0,,,,,0,0,,0.310372883325948,,0,,0,0,0,0,0,0,,0,0,,0,,0,0.0805698220940453,,,0,,,0,0,0.0264933857341072,,,,,,,,0.180615588019498,,0,,0,0,0,,0,,0.0088408144881844,0,,0,,,,0,,,,,,,,0,0.151565122006146,,,,,0,0,0,0,0,0,,,,0.00280407098803548,0.310372883325948
0,0,2017,2017-09-24,074,Mansfeld,15,Sachsen-Anhalt,zweitstimme,207103,140223,137932,2291,0.677068898084528,cdu,,0,,0.239117826175217,,,,0,,0.00300147898964707,,0,,,,,0,0,,0.288192732650871,,0,,0.00147898964707247,0,0,0,0.00866368935417452,0,,0,0,,0,,0,0.0814604297769916,,,0.00841719107966244,,,0,0,0.0235623350636546,,,,,,,,0.173339036626744,,0,,0.00323347736565844,0,0.00129049096656323,,0,,0.00940318417771076,0,,0,,,,0,,,,,,,,0,0.143802743380796,,,,,0,0.0150363947452368,0,0,0,0,,,,0,0.288192732650871
0,0,2017,2017-09-24,075,Berlin-Mitte,11,Berlin,erststimme,206706,151412,149071,2341,0.732499298520604,spd,,0,,0.0790361639755553,,,,0,,0,,0,,,,,0.00136176721159716,0,,0.185508918569004,,0,,0,0,0,0,0.0358352731248868,0,,0,0,,0,,0,0.0604879554038009,,,0.00434692193652689,,,0,0,0.17965264873785,,,,,,,,0.204546826679904,,0,,0,0,0.00241495663140383,,0,,0,0.0047963721984826,,0,,,,0,,,,,,,,0.00184475853787792,0.235028945938513,,,,,0,0,0,0,0,0,,,,0.00513849105459815,0.185508918569004
0,0,2017,2017-09-24,075,Berlin-Mitte,11,Berlin,zweitstimme,206706,151412,149443,1969,0.732499298520604,spd,,0,,0.0822320215734427,,,,0.000669151449047463,,0.00559410611403679,,0,,,,,0.000515246615766547,0,,0.186432285219114,,0,,0.00614950181674618,0,0,0,0.0255013617231988,0,,0.00111748291990926,0.00248924339045656,,0.00196730526019954,,0,0.0868023259704369,,,0.00224834886879948,,,0.0017397937675234,0.00329222512931352,0.172025454521122,,,,,,,,0.214918062405064,,0.00169964468058056,,0,0,0.00115094049236164,,0,,0,0.0018200919414091,,0,,,,0.00822387130879332,,,,,,,,0.000441639956371326,0.179252290170834,,,,,0.0118908212495734,0,0,0.00182678345589957,0,0,,,,0,0.186432285219114
0,0,2017,2017-09-24,076,Berlin-Pankow,11,Berlin,erststimme,237071,188499,186313,2186,0.795116231002527,linke_pds,,0,,0.120694744864824,,,,0,,0,,0,,,,,0.00242065771041205,0,,0.195525808719735,,0,,0,0,0,0,0.0311840826995432,0,,0,0,,0,,0,0.0423480916522197,,,0.00718683076328544,,,0,0,0.141568221219131,,,,,,,,0.287784534627213,,0,,0,0,0,,0,,0,0.00509894639665509,,0,,,,0,,,,,,,,0,0.163751321700579,,,,,0,0,0,0,0,0,,,,0.00243675964640149,0.195525808719735
0,0,2017,2017-09-24,076,Berlin-Pankow,11,Berlin,zweitstimme,237071,188499,186652,1847,0.795116231002527,linke_pds,,0,,0.124911600197158,,,,0.000519683689432741,,0.00456464436491439,,0,,,,,0.000675053039881705,0,,0.198197715534792,,0,,0.0053789940638193,0,0,0,0.0247144418490024,0,,0.00139832415404067,0.00207337719392238,,0.0017465658015987,,0,0.0660105436855753,,,0.00370743415554079,,,0.00287701176521012,0.00501467972483552,0.142784433062598,,,,,,,,0.234521998156998,,0.00173049311017294,,0,0,0.000792919443670574,,0,,0,0.00229839487388295,,0,,,,0.00466108051346892,,,,,,,,0.000262520626620663,0.156360499753552,,,,,0.0132706855538649,0,0,0.00152690568544671,0,0,,,,0,0.198197715534792
0,0,2017,2017-09-24,077,Berlin-Reinickendorf,11,Berlin,erststimme,182398,137240,134860,2380,0.752420530926874,cdu,,0,,0.131528993029809,,,,0,,0,,0,,,,,0.002966038855109,0,,0.368189233278956,,0,,0,0,0,0,0.0209698947056206,0,,0,0,,0,,0,0.07183746107074,,,0,,,0,0.0121533442088091,0.0789485392258639,,,,,,,,0.0769983686786297,,0,,0,0,0,,0,,0,0,,0,,,,0,,,,,,,,0,0.236408126946463,,,,,0,0,0,0,0,0,,,,0,0.368189233278956
0,0,2017,2017-09-24,077,Berlin-Reinickendorf,11,Berlin,zweitstimme,182398,137240,135105,2135,0.752420530926874,cdu,,0,,0.137026756966804,,,,0.000229451167610377,,0.00236112653121646,,0,,,,,0.000843788164760742,0,,0.31021797860923,,0,,0.00206506050849339,0,0,0,0.014381407053773,0,,0.000325672624995374,0.00226490507383146,,0.00122127234373265,,0,0.113807779134747,,,0.00220569186928685,,,0.00182820769031494,0.0100810480737204,0.0910773102401836,,,,,,,,0.0852374079419711,,0.00150253506531957,,0,0,0.000614336997150365,,0,,0,0.00170978128122571,,0,,,,0.0050479256874283,,,,,,,,0.000236852818178454,0.200370082528404,,,,,0.0143443988009326,0,0,0.000999222826690352,0,0,,,,0,0.31021797860923
0,0,2017,2017-09-24,078,Berlin-Spandau – Charlottenburg Nord,11,Berlin,erststimme,184608,133009,130574,2435,0.720494236436124,spd,,0,,0.134414201908496,,,,0,,0,,0,,,,,0,0,,0.309188659304303,,0,,0,0,0,0,0.0246909798275308,0,,0,0,,0,,0,0.0635042198293688,,,0,,,0,0,0.0615053532862591,,,,,,,,0.0755203945655337,,0,,0,0,0.00214437790065404,,0,,0,0.00764317551733117,,0,,,,0,,,,,,,,0,0.321388637860524,,,,,0,0,0,0,0,0,,,,0,0.309188659304303
0,0,2017,2017-09-24,078,Berlin-Spandau – Charlottenburg Nord,11,Berlin,zweitstimme,184608,133009,130747,2262,0.720494236436124,spd,,0,,0.141349323502643,,,,0.000160615539935907,,0.00290637643693546,,0,,,,,0.000451253183629452,0,,0.280786557244143,,0,,0.00237099130381577,0,0,0,0.017185862773142,0,,0.00022945077133701,0.00253160684375167,,0.00133846283279922,,0,0.0988703373691175,,,0.00288343135980175,,,0.00224861755910269,0.00617222574896556,0.0846137961100446,,,,,,,,0.0977460285895661,,0.00177441929833954,,0,0,0.00116255057477418,,0,,0,0.00295226659120286,,0,,,,0.00659288549641674,,,,,,,,0.000252395848470711,0.22740865947211,,,,,0.0164210268686853,0,0,0.00159085868126993,0,0,,,,0,0.280786557244143
0,0,2017,2017-09-24,079,Berlin-Steglitz-Zehlendorf,11,Berlin,erststimme,221210,180720,178373,2347,0.816961258532616,cdu,,0,,0.0815650350669664,,,,0,,0,,0,,,,,0.00311145745152013,0,,0.353668996989455,,0,,0,0,0.00246113481300421,0,0.0206365313135957,0,,0,0,,0,,0,0.090591064791196,,,0,,,0,0,0.127328687637703,,,,,,,,0.0750786273707344,,0,,0,0,0,,0,,0,0,,0,,,,0,,,,,,,,0,0.245558464565826,,,,,0,0,0,0,0,0,,,,0,0.353668996989455
0,0,2017,2017-09-24,079,Berlin-Steglitz-Zehlendorf,11,Berlin,zweitstimme,221210,180720,178957,1763,0.816961258532616,cdu,,0,,0.0884234760305548,,,,0.000195577708611566,,0.00254809814648212,,0,,,,,0.000670552143811083,0,,0.297730739786653,,0,,0.00277161552775248,0,0,0,0.0119749437015596,0,,0.000307336399246746,0.00165402862140067,,0.00118464212073291,,0,0.142274401113117,,,0.001855194264544,,,0.00153109406170197,0.00340305212984125,0.141715607659941,,,,,,,,0.0913739054633236,,0.00134110428762217,,0,0,0.000324100202842024,,0,,0,0.00161491307967836,,0,,,,0.00363774538017513,,,,,,,,0.000106170756103421,0.191548807814168,,,,,0.0103153271456272,0,0,0.00149756645451142,0,0,,,,0,0.297730739786653
0,0,2017,2017-09-24,080,Berlin-Charlottenburg-Wilmersdorf,11,Berlin,erststimme,198672,158034,156114,1920,0.795451799951679,cdu,,0,,0.0750861549893027,,,,0,,0,,0,,,,,0.00283766990788783,0,,0.301555273710237,,0,,0,0,0,0,0.0210871542590671,0,,0,0,,0,,0,0.0924068309056203,,,0,,,0,0,0.136349078237698,,,,,,,,0.094450209462316,,0,,0,0,0,,0,,0,0,,0,,,,0,,,,,,,,0,0.276227628527871,,,,,0,0,0,0,0,0,,,,0,0.301555273710237
0,0,2017,2017-09-24,080,Berlin-Charlottenburg-Wilmersdorf,11,Berlin,zweitstimme,198672,158034,156647,1387,0.795451799951679,cdu,,0,,0.0789928948527581,,,,0.000197897182837846,,0.00282801458055373,,0,,,,,0.000689448249886688,0,,0.255893824969517,,0,,0.00282163080046219,0,0,0,0.0134697759931566,0,,0.000293653884210997,0.00168531794416746,,0.00127675601830868,,0,0.148614400531131,,,0.00129590735858331,,,0.00127675601830868,0.00289823616156071,0.15812623286753,,,,,,,,0.117250888941378,,0.00127037223821714,,0,0,0.000472399726774212,,0,,0,0.00141719918032264,,0,,,,0.00442395960343958,,,,,,,,0.000127675601830868,0.193754109558434,,,,,0.00951183233639967,0,0,0.00141081540023109,0,0,,,,0,0.255893824969517
0,0,2017,2017-09-24,081,Berlin-Tempelhof-Schöneberg,11,Berlin,erststimme,235250,181159,178666,2493,0.770070138150903,cdu,,0,,0.0906048156896108,,,,0,,0,,0,,,,,0.00225560543136355,0,,0.289411527654954,,0,,0,0,0,0,0.0215597819394848,0,,0,0,,0,,0,0.0635935208713465,,,0,,,0,0,0.188972720047463,,,,,,,,0.108336225135168,,0.0042873294303337,,0,0,0,,0,,0,0,,0,,,,0.00946458755443117,,,,,,,,0.00110261605453752,0.220411270191307,,,,,0,0,0,0,0,0,,,,0,0.289411527654954
0,0,2017,2017-09-24,081,Berlin-Tempelhof-Schöneberg,11,Berlin,zweitstimme,235250,181159,179081,2078,0.770070138150903,cdu,,0,,0.0955321893444866,,,,0.000307123592117533,,0.00335602325204796,,0,,,,,0.000709176294525941,0,,0.249724984783422,,0,,0.0035458814726297,0,0,0,0.0162607981862956,0,,0.000524902139255421,0.00201026351204204,,0.001641715201501,,0,0.103690508764191,,,0.002082856361088,,,0.00139601632780697,0.00442816379180371,0.156108129840687,,,,,,,,0.131923542977759,,0.00208844042639923,,0,0,0.00063099938016875,,0,,0,0.00153003389527644,,0,,,,0.00658361300193767,,,,,,,,0.000335043918673673,0.202025898894913,,,,,0.0121732623784768,0,0,0.00139043226249574,0,0,,,,0,0.249724984783422
0,0,2017,2017-09-24,082,Berlin-Neukölln,11,Berlin,erststimme,202618,143553,141105,2448,0.708490854711822,spd,,0,,0.107047943021154,,,,0,,0,,0,,,,,0.00184259948265476,0,,0.245157861167216,,0,,0,0,0,0,0.0357747776478509,0,,0,0,,0,,0,0.051415612487155,,,0,,,0,0.00844052301477623,0.10970553842883,,,,,,,,0.16444491690585,,0,,0,0.00450728181141703,0.00208355479961731,,0,,0.00185677332482903,0,,0,,,,0,,,,,,,,0,0.26772261790865,,,,,0,0,0,0,0,0,,,,0,0.245157861167216
0,0,2017,2017-09-24,082,Berlin-Neukölln,11,Berlin,zweitstimme,202618,143553,141413,2140,0.708490854711822,spd,,0,,0.11246490775247,,,,0.00058693330881885,,0.00478032429833184,,0,,,,,0.000784934906974606,0,,0.223402374604881,,0,,0.00511975560945599,0,0,0,0.0246794849129854,0,,0.000700077079193568,0.00258816374732167,,0.00236894769222066,,0,0.0770155501969409,,,0.00155572684265237,,,0.00175372844080813,0.00649869531089787,0.130440624270753,,,,,,,,0.182104898418109,,0.00190930112507337,,0,0,0.0013860111870903,,0,,0,0.00147086901487133,,0,,,,0.00681691216507676,,,,,,,,0.000212144569452596,0.194607285044515,,,,,0.0153521953427196,0,0,0.00140015415838714,0,0,,,,0,0.223402374604881
0,0,2017,2017-09-24,083,Berlin-Friedrichshain-Kreuzberg – Prenzlauer Berg Ost,11,Berlin,erststimme,223427,173289,171349,1940,0.775595608409011,gruene,,0,,0.0616169338601334,,,,0.00392182037829226,,0,,0,,,,,0,0,,0.122294264921301,,0,,0,0,0,0,0.0720459413244314,0,,0,0,,0.00450542460125242,,0,0.0307150902543931,,,0.00365919847796019,,,0,0,0.262942882654699,,,,,,,,0.248615398981027,,0,,0,0,0.00177999288002848,,0,,0,0,,0,,,,0,,,,,,,,0,0.169408633840874,,,,,0,0,0,0,0,0,,,,0.0184944178256074,0.122294264921301
0,0,2017,2017-09-24,083,Berlin-Friedrichshain-Kreuzberg – Prenzlauer Berg Ost,11,Berlin,zweitstimme,223427,173289,171744,1545,0.775595608409011,gruene,,0,,0.0632511179429849,,,,0.00177007639277064,,0.00609046021986212,,0,,,,,0.000308598844792249,0,,0.139084917085895,,0,,0.00746459847214459,0,0,0,0.0351802683063164,0,,0.0012635084777343,0.00194475498416247,,0.00265511458915595,,0,0.059082122228433,,,0.0018807061673188,,,0.00177007639277064,0.00275992174399106,0.204240031675051,,,,,,,,0.285401527855413,,0.00188652878703186,,0,0,0.00101313583007267,,0,,0,0.00163615613937023,,0,,,,0.00739472703558785,,,,,,,,0.000215436929383268,0.159487376560462,,,,,0.0123381311719769,0,0,0.0018807061673188,0,0,,,,0,0.139084917085895
0,0,2017,2017-09-24,084,Berlin-Treptow-Köpenick,11,Berlin,erststimme,205106,157111,155192,1919,0.765999044396556,linke_pds,,0,,0.149782205268313,,,,0,,0,,0,,,,,0.00204907469457189,0,,0.189339656683334,,0,,0,0,0,0,0.0226880251559359,0,,0,0,,0,,0,0.0375728130315996,,,0.0070622197020465,,,0,0,0.049970359296871,,,,,,,,0.398738337027682,,0,,0,0,0.00207484921903191,,0,,0.00296407031290273,0,,0,,,,0,,,,,,,,0,0.137758389607712,,,,,0,0,0,0,0,0,,,,0,0.189339656683334
0,0,2017,2017-09-24,084,Berlin-Treptow-Köpenick,11,Berlin,zweitstimme,205106,157111,155188,1923,0.765999044396556,linke_pds,,0,,0.169330102843003,,,,0.000393071629249684,,0.00329278036961621,,0,,,,,0.000940794391318916,0,,0.202154805783952,,0,,0.0033765497332268,0,0,0,0.0249568265587545,0,,0.0012436528597572,0.00329278036961621,,0.00131453462896616,,0,0.0648697064205995,,,0.00500683042503286,,,0.00291259633476815,0.00549011521509395,0.0784081243395108,,,,,,,,0.251308090831765,,0.00169471866381421,,0,0,0.00103100755213032,,0,,0,0.00167538727221177,,0,,,,0.00543212104028662,,,,,,,,0.000309302265639096,0.155353506714437,,,,,0.0147111890094595,0,0,0.00150140474778978,0,0,,,,0,0.202154805783952
0,0,2017,2017-09-24,085,Berlin-Marzahn-Hellersdorf,11,Berlin,erststimme,200704,138992,136785,2207,0.692522321428571,linke_pds,,0,,0.205921701941002,,,,0,,0,,0,,,,,0,0,,0.222831450816976,,0,,0,0,0,0,0,0,,0,0,,0,,0,0.0354717257009175,,,0.0146945937054502,,,0,0.0107467924114486,0.0324596995284571,,,,,,,,0.342011185437,,0,,0,0.00523449208612056,0,,0,,0.00508827722337976,0,,0,,,,0,,,,,,,,0,0.125540081149249,,,,,0,0,0,0,0,0,,,,0,0.222831450816976
0,0,2017,2017-09-24,085,Berlin-Marzahn-Hellersdorf,11,Berlin,zweitstimme,200704,138992,136939,2053,0.692522321428571,linke_pds,,0,,0.216286083584662,,,,0.000146050431213898,,0.00233680689942237,,0,,,,,0.000693739548266016,0,,0.208998167067088,,0,,0.00239522707190793,0,0,0,0.0161823877784999,0,,0.0014385967474569,0.00245364724439349,,0.00113919336346841,,0,0.0532353821774659,,,0.00656496688306472,,,0.00421355494052096,0.0102089251418515,0.0410474736926661,,,,,,,,0.260685414673687,,0.00165767239427774,,0,0,0.00077406728543366,,0,,0,0.00116840344971119,,0,,,,0.00506064744156157,,,,,,,,0.000314008427109881,0.144568019337077,,,,,0.0173653962713325,0,0,0.00106616814786146,0,0,,,,0,0.208998167067088
0,0,2017,2017-09-24,086,Berlin-Lichtenberg,11,Berlin,erststimme,205300,149116,147072,2044,0.726332196785192,linke_pds,,0,,0.157195115317668,,,,0,,0,,0,,,,,0,0,,0.196536390339426,,0,,0,0,0,0,0.0298629242819843,0,,0,0,,0,,0,0.0341193429068755,,,0,,,0.0104506636205396,0,0.058535955178416,,,,,,,,0.348461977806789,,0,,0,0,0.00191742819843342,,0,,0.00362407528285466,0,,0,,,,0.00893439947780679,,,,,,,,0,0.140883376849434,,,,,0,0,0,0,0,0,,,,0.00947835073977372,0.196536390339426
0,0,2017,2017-09-24,086,Berlin-Lichtenberg,11,Berlin,zweitstimme,205300,149116,147126,1990,0.726332196785192,linke_pds,,0,,0.167224012071286,,,,0.000496173348014627,,0.00330329105664532,,0,,,,,0.000421407501053519,0,,0.185446488044261,,0,,0.00356157307342006,0,0,0,0.0246523388116308,0,,0.00191672444027568,0.00237211641722061,,0.00146133246333075,,0,0.0526419531557984,,,0.00356157307342006,,,0.00808150836697796,0.00620556529777198,0.066752307545913,,,,,,,,0.293435558636815,,0.0015972703668964,,0,0,0.00123023802726914,,0,,0,0.00131859766458682,,0,,,,0.00651142558079469,,,,,,,,0.000244688226418172,0.148512159645474,,,,,0.0177330995201392,0,0,0.00131859766458682,0,0,,,,0,0.185446488044261
0,0,2017,2017-09-24,087,Aachen I,05,Nordrhein-Westfalen,erststimme,179273,140624,139357,1267,0.784412599777992,cdu,,0,,0.0560933429967637,,,,0,,0,,0,,,,,0,0,,0.337342221775727,,0,,0,0,0,0,0,0,,0,0,,0,,0,0.0734229353387343,,,0,,,0,0,0.0940318749686058,,,,,,,,0.0881333553391649,,0,,0,0,0,,0,,0,0.0102327116685922,,0,,,,0.0156145726443595,,,,,,,,0,0.325128985268053,,,,,0,0,0,0,0,0,,,,0,0.337342221775727
0,0,2017,2017-09-24,087,Aachen I,05,Nordrhein-Westfalen,zweitstimme,179273,140624,139801,823,0.784412599777992,cdu,,0.00311156572556706,,0.0591626669337129,,,,0,,0.00130185048747863,,0,,,,,0,0,,0.277730488336993,,0,,0.00273245541877383,0,0,0.00136622770938691,0.0114090743270792,0,,0.000200284690381328,0.000937046229998355,,0,,0,0.141594123074942,,,0.00179540918877547,,,0.000457793578014463,0,0.128167895794737,,,,,,,,0.103425583507986,,0,,0,0,0.000393416356106179,,0,,0.00106580067381492,0.0043490389911374,,0,,,,0.00599423466212688,,,,,,,,0.000128754443816568,0.247945293667427,,,,,0.00498565818556377,0,0,0.00126608536419625,0,0.000479252651983891,,,,0,0.277730488336993
0,0,2017,2017-09-24,088,Aachen II,05,Nordrhein-Westfalen,erststimme,228248,173149,171176,1973,0.7586002944166,spd,,0,,0.0882950880964621,,,,0,,0,,0,,,,,0,0,,0.364566294340328,,0,,0,0,0,0,0,0,,0,0,,0,,0,0.0644833387858111,,,0,,,0,0,0.0454619806514932,,,,,,,,0.0513214469318129,,0,,0,0,0,,0,,0,0.00587115016123756,,0,,,,0.0111697901574987,,,,,,,,0,0.368830910875356,,,,,0,0,0,0,0,0,,,,0,0.364566294340328
0,0,2017,2017-09-24,088,Aachen II,05,Nordrhein-Westfalen,zweitstimme,228248,173149,171607,1542,0.7586002944166,spd,,0.00393340597994254,,0.0865524133630913,,,,0,,0.000786681195988509,,0,,,,,0,0,,0.306840630044229,,0,,0.00100811738448898,0,0,0.000454526913237805,0.00476087805276009,0,,8.7409021776501e-05,0.000844953877172843,,0,,0,0.111959302359461,,,0.00204537110957012,,,0.000675963101738274,0,0.0491588338471041,,,,,,,,0.0588845443367695,,0,,0,0,0.000250572529092636,,0,,0.00246493441409733,0.0028437068417955,,0,,,,0.00469677810345732,,,,,,,,2.9136340592167e-05,0.352776984621839,,,,,0.00742976685100258,0,0,0.000740063051041041,0,0.000775026659751642,,,,0,0.306840630044229
0,0,2017,2017-09-24,089,Heinsberg,05,Nordrhein-Westfalen,erststimme,190051,142330,140604,1726,0.748904241493073,cdu,,0,,0.0828710420756166,,,,0,,0,,0,,,,,0,0,,0.456039657477739,,0,,0,0,0,0,0,0,,0,0,,0,,0,0.0663850246081193,,,0.0109242980285056,,,0,0,0.0495291741344485,,,,,,,,0.045688600608802,,0,,0,0,0,,0,,0,0,,0,,,,0.00904668430485619,,,,,,,,0,0.279515518761913,,,,,0,0,0,0,0,0,,,,0,0.456039657477739
0,0,2017,2017-09-24,089,Heinsberg,05,Nordrhein-Westfalen,zweitstimme,190051,142330,140890,1440,0.748904241493073,cdu,,0.00261196678259635,,0.0873944211796437,,,,0,,0.00070977358222727,,0,,,,,0,0,,0.394669600397473,,0,,0.00105756263751863,0,0,0.000432961885158634,0.00571367733692952,0,,5.67818865781816e-05,0.000844630562850451,,0,,0,0.114351621832635,,,0.00523103130101498,,,0.000951096600184541,0,0.0516786145219675,,,,,,,,0.0561359926183548,,0,,0,0,0.000326495847824544,,0,,0.00324366527077862,0.000873021506139541,,0,,,,0.00474838526510043,,,,,,,,5.67818865781816e-05,0.258506636382994,,,,,0.00836823053445951,0,0,0.0010646603733409,0,0.000972389807651359,,,,0,0.394669600397473
0,0,2017,2017-09-24,090,Düren,05,Nordrhein-Westfalen,erststimme,199675,151595,149838,1757,0.759208714160511,cdu,,0,,0.0894566131421936,,,,0,,0,,0,,,,,0,0,,0.418525340701291,,0,,0,0,0,0,0,0,,0,0,,0,,0,0.0586500086760368,,,0.00751478263190913,,,0,0,0.054959356104593,,,,,,,,0.0441209839960491,,0,,0,0,0,,0,,0,0,,0,,,,0.00947690172052483,,,,,,,,0,0.317296013027403,,,,,0,0,0,0,0,0,,,,0,0.418525340701291
0,0,2017,2017-09-24,090,Düren,05,Nordrhein-Westfalen,zweitstimme,199675,151595,150134,1461,0.759208714160511,cdu,,0.00261100083925027,,0.0961274594695406,,,,0,,0.000746000239785791,,0,,,,,0,0,,0.349101469354044,,0,,0.000885875284745627,0,0,0.000459589433439461,0.00562164466410007,0,,0.000179839343519789,0.000779303821919086,,0,,0,0.114264590299333,,,0.00333035821332943,,,0.000952482449012216,0,0.0546045532657493,,,,,,,,0.0586742510024378,,0,,0,0,0.000213142925653083,,0,,0.00273755445135679,0.000945821732585557,,0,,,,0.00525530526063383,,,,,,,,5.99464478399297e-05,0.291845950950484,,,,,0.00861230633966989,0,0,0.000859232419038992,0,0.001132321792532,,,,0,0.349101469354044
0,0,2017,2017-09-24,091,Rhein-Erft-Kreis I,05,Nordrhein-Westfalen,erststimme,248982,191505,189339,2166,0.769151986890619,cdu,,0,,0.0903828582595239,,,,0,,0,,0,,,,,0,0,,0.391926650082656,,0,,0,0,0,0,0,0,,0,0,,0,,0,0.0932084779152737,,,0,,,0,0,0.0546849830198744,,,,,,,,0.0453683604540005,,0,,0,0,0,,0,,0,0,,0,,,,0.0121792129460914,,,,,,,,0,0.310511833272596,,,,,0,0,0,0,0,0,,,,0.00173762404998442,0.391926650082656
0,0,2017,2017-09-24,091,Rhein-Erft-Kreis I,05,Nordrhein-Westfalen,zweitstimme,248982,191505,189868,1637,0.769151986890619,cdu,,0.00320749152042472,,0.0952819853793162,,,,0,,0.000832157077548613,,0,,,,,0,0,,0.335306634082626,,0,,0.00104809657235553,0,0,0.000689953019992837,0.00665198980344239,0,,8.95358880906735e-05,0.000816356626709082,,0,,0,0.144300250700487,,,0.00267554300882719,,,0.000884825247013715,0,0.0659721490719869,,,,,,,,0.0599995786546443,,0,,0,0,0.000237006762592959,,0,,0.00224366401921335,0.000695219836939347,,0,,,,0.00543535508879853,,,,,,,,8.42690711441633e-05,0.263414582762761,,,,,0.00792655950449786,0,0,0.000953293867318347,0,0.00125350243326943,,,,0,0.335306634082626
0,0,2017,2017-09-24,092,Euskirchen – Rhein-Erft-Kreis II,05,Nordrhein-Westfalen,erststimme,246753,187796,185575,2221,0.761068761068761,cdu,,0,,0.0951097938838744,,,,0,,0,,0,,,,,0,0,,0.42836050114509,,0,,0,0,0,0,0,0,,0,0,,0,,0,0.0986986393641385,,,0,,,0,0,0.0575993533611747,,,,,,,,0.0583860972652566,,0,,0,0,0,,0,,0,0,,0,,,,0,,,,,,,,0,0.261845614980466,,,,,0,0,0,0,0,0,,,,0,0.42836050114509
0,0,2017,2017-09-24,092,Euskirchen – Rhein-Erft-Kreis II,05,Nordrhein-Westfalen,zweitstimme,246753,187796,186196,1600,0.761068761068761,cdu,,0.00163268813508346,,0.0984177963006724,,,,0,,0.0011439558314894,,0,,,,,0,0,,0.357166641603472,,0,,0.00110636103890524,0,0,0.000477990934284303,0.00674557992652903,0,,0.000145008485681755,0.00107413693097596,,0,,0,0.147210466390255,,,0.00326000558551204,,,0.00110099035425036,0,0.0668489118992889,,,,,,,,0.0612419171195944,,0,,0,0,0.000295387656018389,,0,,0.00242754946400567,0.000939869814603966,,0,,,,0.00357687598014995,,,,,,,,6.44482158585577e-05,0.233614041117962,,,,,0.00916775870587982,0,0,0.00116543857010892,0,0.00117617993941868,,,,0,0.357166641603472
0,0,2017,2017-09-24,093,Köln I,05,Nordrhein-Westfalen,erststimme,192574,139718,138196,1522,0.725528887596456,cdu,,0,,0.0864858606616689,,,,0,,0,,0,,,,,0,0,,0.316094532403253,,0,,0,0,0,0,0.0243784190569915,0,,0,0,,0,,0,0.0770789313728328,,,0,,,0,0,0.0979406060956902,,,,,,,,0.0860951112912096,,0,,0,0,0.00222871863150887,,0,,0,0,,0,,,,0,,,,,,,,0,0.309697820486845,,,,,0,0,0,0,0,0,,,,0,0.316094532403253
0,0,2017,2017-09-24,093,Köln I,05,Nordrhein-Westfalen,zweitstimme,192574,139718,138631,1087,0.725528887596456,cdu,,0.00699699201477303,,0.0886526101665573,,,,0,,0.00168072076231146,,0,,,,,0,0,,0.263757745381625,,0,,0.00287093074420584,0,0,0.00108200907444944,0.0137415152455079,0,,0.000274108965527191,0.00100987513615281,,0,,0,0.13032438632052,,,0.00256796820336,,,0.00105315549913079,0,0.113971622508674,,,,,,,,0.110155737172782,,0,,0,0,0.00111807604359775,,0,,0.00161580021784449,0.00118299658806472,,0,,,,0.00497002834863775,,,,,,,,0.000115414301274607,0.242846116669432,,,,,0.00770390461008,0,0,0.00132726446465798,0,0.000981021560834157,,,,0,0.263757745381625
0,0,2017,2017-09-24,094,Köln II,05,Nordrhein-Westfalen,erststimme,240985,197979,196761,1218,0.821540759798328,cdu,,0,,0.0460304633540183,,,,0,,0,,0,,,,,0,0,,0.348936018824869,,0,,0,0,0,0,0.018748634129731,0,,0,0,,0,,0,0.0905463989306824,,,0,,,0,0,0.1459435558876,,,,,,,,0.0798125644817825,,0,,0,0,0.00122991853060312,,0,,0,0,,0,,,,0,,,,,,,,0,0.268752445860714,,,,,0,0,0,0,0,0,,,,0,0.348936018824869
0,0,2017,2017-09-24,094,Köln II,05,Nordrhein-Westfalen,zweitstimme,240985,197979,197078,901,0.821540759798328,cdu,,0.00177594657952689,,0.0505586620525883,,,,0,,0.00168461218400836,,0,,,,,0,0,,0.284988684683222,,0,,0.002953145455099,0,0,0.000964085286028882,0.0117821370218898,0,,0.000192817057205776,0.000776342361907468,,0,,0,0.171302732928079,,,0.00186728097504541,,,0.000532783973858066,0,0.155420696374025,,,,,,,,0.10706420808005,,0,,0,0,0.000431301312170816,,0,,0.000542932240026791,0.0011924212748252,,0,,,,0.00321700037548585,,,,,,,,6.08895970123504e-05,0.195278011751692,,,,,0.00543947066643664,0,0,0.00148164686063386,0,0.000492190909183166,,,,0,0.284988684683222
0,0,2017,2017-09-24,095,Köln III,05,Nordrhein-Westfalen,erststimme,203647,150629,149098,1531,0.739657348254578,spd,,0,,0.0754470214221519,,,,0,,0,,0,,,,,0,0,,0.275697863150411,,0,,0,0,0,0,0.0243598170330923,0,,0,0,,0,,0,0.0710874726689828,,,0,,,0,0,0.131598009362969,,,,,,,,0.0967886893184349,,0,,0,0,0.00209258340152115,,0,,0,0,,0,,,,0,,,,,,,,0,0.322928543642437,,,,,0,0,0,0,0,0,,,,0,0.275697863150411
0,0,2017,2017-09-24,095,Köln III,05,Nordrhein-Westfalen,zweitstimme,203647,150629,149525,1104,0.739657348254578,spd,,0.00773114863735161,,0.0784551078414981,,,,0,,0.0019662263835479,,0,,,,,0,0,,0.244106336732988,,0,,0.00312991138605584,0,0,0.000976425346931951,0.0138705902023073,0,,0.000167196121049992,0.00113693362313994,,0,,0,0.112690185587694,,,0.00212004681491389,,,0.000942986122721953,0,0.140264169871259,,,,,,,,0.12785821768935,,0,,0,0,0.000842668450091958,,0,,0.00135094465808393,0.00117706069219194,,0,,,,0.00470824276876776,,,,,,,,8.0254138103996e-05,0.246440394582846,,,,,0.00765089449924762,0,0,0.00142451095134593,0,0.000909546898511955,,,,0,0.244106336732988
0,0,2017,2017-09-24,096,Bonn,05,Nordrhein-Westfalen,erststimme,227583,180439,178941,1498,0.792849202269062,spd,,0,,0.0608133407100664,,,,0,,0,,0,,,,,0,0,,0.320384931346086,,0,,0,0,0,0,0.0146249322402356,0,,0,0,,0,,0,0.104637841523184,,,0.00450427794636221,,,0,0,0.0841394649633119,,,,,,,,0.0569629095623697,,0,,0,0,0,,0,,0,0,,0,,,,0.00478928808937024,,,,,,,,0,0.348589758635528,,,,,0,0,0,0,0,0,,,,0.000553254983486177,0.320384931346086
0,0,2017,2017-09-24,096,Bonn,05,Nordrhein-Westfalen,zweitstimme,227583,180439,179208,1231,0.792849202269062,spd,,0.00181353511003973,,0.0733002990937905,,,,0,,0.00174099370563814,,0,,,,,0,0,,0.297609481719566,,0,,0.00240502656131423,0,0,0.0011774027945181,0.0108812106602384,0,,0.000167403240926744,0.00114950225436364,,0,,0,0.156873577072452,,,0.00229900450872729,,,0.000385027454131512,0,0.140601982054373,,,,,,,,0.0956039908932637,,0,,0,0,0.00045198875050221,,0,,0.000820275880541047,0.00141176733181554,,0,,,,0.00369961162448105,,,,,,,,0.000122762376679613,0.201547921967769,,,,,0.00381679389312977,0,0,0.00152336949243337,0,0.000597071559305388,,,,0,0.297609481719566
0,0,2017,2017-09-24,097,Rhein-Sieg-Kreis I,05,Nordrhein-Westfalen,erststimme,237415,184295,180563,3732,0.77625676557926,cdu,,0,,0,,,,0,,0,,0,,,,,0,0,,0.442986658396238,,0,,0,0,0,0,0,0,,0,0,,0,,0,0.103941560563349,,,0,,,0,0,0.0651406988142643,,,,,,,,0.0813234162037627,,0,,0,0,0,,0,,0,0,,0,,,,0,,,,,,,,0,0.276845200844027,,,,,0,0,0,0,0,0.0297624651783588,,,,0,0.442986658396238
0,0,2017,2017-09-24,097,Rhein-Sieg-Kreis I,05,Nordrhein-Westfalen,zweitstimme,237415,184295,182757,1538,0.77625676557926,cdu,,0.00204643324195516,,0.0997882434051774,,,,0,,0.00115453854024743,,0,,,,,0,0,,0.341075854823618,,0,,0.00129680395278977,0,0,0.000673024836257982,0.00880951208435245,0,,9.84914394523876e-05,0.000973970901251388,,0,,0,0.149198115530458,,,0.00278511903784807,,,0.00099038614116012,0,0.0752748184748054,,,,,,,,0.0713406326433461,,0,,0,0,0.000399437504445794,,0,,0.00164152399087313,0.0012749169662448,,0,,,,0.00421871665654394,,,,,,,,5.47174663624376e-05,0.223914815848367,,,,,0.0084155463265429,0,0,0.00112717980706621,0,0.00344720038083357,,,,0,0.341075854823618
0,0,2017,2017-09-24,098,Rhein-Sieg-Kreis II,05,Nordrhein-Westfalen,erststimme,216020,174513,172898,1615,0.807855754096843,cdu,,0,,0.0843965806429224,,,,0,,0,,0,,,,,0,0,,0.465251188562042,,0,,0,0,0,0,0,0,,0,0,,0,,0,0.0838124211963123,,,0,,,0,0,0.078907795347546,,,,,,,,0.0551943920693126,,0,,0,0,0,,0,,0,0,,0,,,,0,,,,,,,,0,0.226989323184768,,,,,0,0,0,0,0,0.00544829899709655,,,,0,0.465251188562042
0,0,2017,2017-09-24,098,Rhein-Sieg-Kreis II,05,Nordrhein-Westfalen,zweitstimme,216020,174513,173163,1350,0.807855754096843,cdu,,0.000918210010221583,,0.0879287145637347,,,,0,,0.00127625416515075,,0,,,,,0,0,,0.354723584137489,,0,,0.00123005491935344,0,0,0.000589040383915733,0.00732258045887401,0,,8.66235858699607e-05,0.0010279332189902,,0,,0,0.174067208352824,,,0.00263913191617147,,,0.000710313404133678,0,0.0877323677690962,,,,,,,,0.0641938520353655,,0,,0,0,0.00024254604043589,,0,,0.00142062680826736,0.00124737963652743,,0,,,,0.00344184381189977,,,,,,,,2.88745286233202e-05,0.199713564676057,,,,,0.00630619705133314,0,0,0.00120695529645479,0,0.00194614322921178,,,,0,0.354723584137489
0,0,2017,2017-09-24,099,Oberbergischer Kreis,05,Nordrhein-Westfalen,erststimme,208418,156593,154631,1962,0.75134105499525,cdu,,0,,0.101195749881977,,,,0,,0,,0,,,,,0,0,,0.437189179401284,,0,,0,0,0,0,0,0,,0,0,,0,,0,0.0783995447225977,,,0,,,0,0,0.0613654441864827,,,,,,,,0.0517296014382627,,0,,0,0,0,,0,,0,0,,0,,,,0,,,,,,,,0,0.26711978839948,,,,,0,0,0,0,0,0,,,,0.00300069196991548,0.437189179401284
0,0,2017,2017-09-24,099,Oberbergischer Kreis,05,Nordrhein-Westfalen,zweitstimme,208418,156593,155034,1559,0.75134105499525,cdu,,0.00342505514919308,,0.105867100119974,,,,0,,0.000986880297225125,,0,,,,,0,0,,0.36486835145839,,0,,0.00119973683192074,0,0,0.000586968019918212,0.00708876762516609,0,,0.000103203168337268,0.00149644594089039,,0,,0,0.137731078344105,,,0.00248977643613659,,,0.00112878465368887,0,0.0644697292206871,,,,,,,,0.0637731078344105,,0,,0,0,0.000335410297096121,,0,,0.00211566495091399,0.00163190009933305,,0,,,,0.00412812673349072,,,,,,,,5.80517821897132e-05,0.226260046183418,,,,,0.00798534515009611,0,0,0.000954629307119728,0,0.00131584039630017,,,,0,0.36486835145839
0,0,2017,2017-09-24,100,Rheinisch-Bergischer Kreis,05,Nordrhein-Westfalen,erststimme,217425,174420,172240,2180,0.802207657813039,cdu,,0,,0.0724338132837901,,,,0,,0,,0,,,,,0,0,,0.400301904319554,,0,,0,0,0,0,0,0,,0,0,,0,,0,0.15704249883883,,,0.00820947515095216,,,0,0,0.068776126335346,,,,,,,,0.0488214119832792,,0,,0,0,0,,0,,0,0,,0,,,,0,,,,,,,,0,0.244414770088249,,,,,0,0,0,0,0,0,,,,0,0.400301904319554
0,0,2017,2017-09-24,100,Rheinisch-Bergischer Kreis,05,Nordrhein-Westfalen,zweitstimme,217425,174420,172529,1891,0.802207657813039,cdu,,0.0017156536002643,,0.0798532420636531,,,,0,,0.00108387575422103,,0,,,,,0,0,,0.356015510435927,,0,,0.00118820604072359,0,0,0.000562224321708235,0.00679885700375009,0,,9.8534159474639e-05,0.00101432222988599,,0,,0,0.166853108752731,,,0.0046484938763918,,,0.000765088767685433,0,0.0903094552220207,,,,,,,,0.064000834642292,,0,,0,0,0.000249233462200558,,0,,0.00130412858128199,0.00133890534344951,,0,,,,0.00292704414909957,,,,,,,,5.79612702791994e-05,0.209941517078288,,,,,0.00745381935790505,0,0,0.00099693384880223,0,0.000823050037964632,,,,0,0.356015510435927
0,0,2017,2017-09-24,101,Leverkusen – Köln IV,05,Nordrhein-Westfalen,erststimme,212212,155139,153520,1619,0.731056679169887,spd,,0,,0.0873371547681084,,,,0,,0,,0,,,,,0,0,,0.307920792079208,,0,,0,0,0,0,0.025990099009901,0,,0,0,,0,,0,0.0658806670140698,,,0,,,0,0,0.056813444502345,,,,,,,,0.0614252214695154,,0,,0,0,0.00227983324648254,,0,,0,0,,0,,,,0,,,,,,,,0,0.386744398124023,,,,,0,0,0,0,0,0,,,,0.00560838978634706,0.307920792079208
0,0,2017,2017-09-24,101,Leverkusen – Köln IV,05,Nordrhein-Westfalen,zweitstimme,212212,155139,153711,1428,0.731056679169887,spd,,0.00655125527776151,,0.0973905576048559,,,,0,,0.00114500588767232,,0,,,,,0,0,,0.280884256819616,,0,,0.00172401454677935,0,0,0.000754662971420393,0.0136750134993592,0,,0.000234205749751156,0.00106693730442193,,0,,0,0.12178048415533,,,0.00242663179603282,,,0.000819720124129047,0,0.0876449961290994,,,,,,,,0.0929276369290422,,0,,0,0,0.00134668306106915,,0,,0.00229001177534464,0.00100838586698415,,0,,,,0.00503542361964986,,,,,,,,0.000182160027584233,0.271099661052234,,,,,0.00750108970730787,0,0,0.0012621087625479,0,0.00124909733200617,,,,0,0.280884256819616
0,0,2017,2017-09-24,102,Wuppertal I,05,Nordrhein-Westfalen,erststimme,208129,149950,148006,1944,0.720466633674308,spd,,0,,0.110394173209194,,,,0,,0,,0,,,,,0,0,,0.296028539383539,,0,,0,0,0,0,0.0171344404956556,0,,0,0,,0,,0,0.0872261935326946,,,0,,,0,0,0.0742334770212018,,,,,,,,0.0886450549302055,,0,,0,0,0.00159452995148845,,0,,0,0,,0,,,,0.00950637136332311,,,,,,,,0,0.315237220112698,,,,,0,0,0,0,0,0,,,,0,0.296028539383539
0,0,2017,2017-09-24,102,Wuppertal I,05,Nordrhein-Westfalen,zweitstimme,208129,149950,148567,1383,0.720466633674308,spd,,0.0054924714102055,,0.110596565859175,,,,0,,0.00135965591282048,,0,,,,,0,0,,0.264803085476586,,0,,0.00153466112932212,0,0,0.00101637644968263,0.0101233786776337,0,,0.000309624613810604,0.00169620440609287,,0,,0,0.124098891409263,,,0.00215391035694333,,,0.000922142871566364,0,0.0858467896639227,,,,,,,,0.108368614833711,,0,,0,0,0.0013058081538969,,0,,0.00253084466940842,0.00123176748537697,,0,,,,0.0056472837171108,,,,,,,,8.07716383853749e-05,0.260461609913372,,,,,0.00841371233180989,0,0,0.00109714808806801,0,0.000908680931835468,,,,0,0.264803085476586
0,0,2017,2017-09-24,103,Solingen – Remscheid – Wuppertal II,05,Nordrhein-Westfalen,erststimme,222845,164019,161762,2257,0.736022796113891,cdu,,0,,0.0946019460689161,,,,0,,0,,0,,,,,0,0,,0.38248167060249,,0,,0,0,0,0,0.0148551575771813,0,,0,0,,0,,0,0.0775707520925805,,,0,,,0,0,0.0581286086967273,,,,,,,,0.0624683176518589,,0,,0,0,0.00164439114254275,,0,,0,0,,0,,,,0,,,,,,,,0,0.308249156167703,,,,,0,0,0,0,0,0,,,,0,0.38248167060249
0,0,2017,2017-09-24,103,Solingen – Remscheid – Wuppertal II,05,Nordrhein-Westfalen,zweitstimme,222845,164019,162469,1550,0.736022796113891,cdu,,0.00747219469560347,,0.0998405849731333,,,,0,,0.00102173337682881,,0,,,,,0,0,,0.315863333928319,,0,,0.00113867876333331,0,0,0.000627812074918908,0.00819233207565751,0,,0.000129255427189187,0.00153260006524322,,0,,0,0.141239251795727,,,0.00203731173331528,,,0.00105250847854052,0,0.072173768534305,,,,,,,,0.0781010531239806,,0,,0,0,0.000652432156288277,,0,,0.00205577679434231,0.00100942333614413,,0,,,,0.00476398574497289,,,,,,,,0.00011079036616216,0.25077399380805,,,,,0.00828465738079264,0,0,0.00106481851922521,0,0.000861702847927912,,,,0,0.315863333928319
0,0,2017,2017-09-24,104,Mettmann I,05,Nordrhein-Westfalen,erststimme,205244,160315,158550,1765,0.781094697043519,cdu,,0,,0.0889687795648061,,,,0,,0,,0,,,,,0,0,,0.446307158625039,,0,,0,0,0,0,0,0,,0,0,,0,,0,0.0832671081677704,,,0,,,0,0,0.0694670450961842,,,,,,,,0.0545380006307159,,0,,0,0,0,,0,,0,0,,0,,,,0,,,,,,,,0,0.257451907915484,,,,,0,0,0,0,0,0,,,,0,0.446307158625039
0,0,2017,2017-09-24,104,Mettmann I,05,Nordrhein-Westfalen,zweitstimme,205244,160315,159165,1150,0.781094697043519,cdu,,0.00358747212012691,,0.0945748123016995,,,,0,,0.000923569880312883,,0,,,,,0,0,,0.340062199604184,,0,,0.00111833631765778,0,0,0.000672258348254956,0.006728866270851,0,,0.00013822134263186,0.00104922564634185,,0,,0,0.161825778280401,,,0.00216127917569817,,,0.000992680551628813,0,0.0741117708038828,,,,,,,,0.0641849652875946,,0,,0,0,0.000370684509785443,,0,,0.00167122168818522,0.00110577074105488,,0,,,,0.00444193132912387,,,,,,,,0.000106807401124619,0.229924920679798,,,,,0.00812992806207395,0,0,0.00113718468256212,0,0.000980114975025917,,,,0,0.340062199604184
0,0,2017,2017-09-24,105,Mettmann II,05,Nordrhein-Westfalen,erststimme,163229,125496,123986,1510,0.768833969453957,cdu,,0,,0.0898730501830852,,,,0,,0,,0,,,,,0,0,,0.392697562628039,,0,,0,0,0,0,0,0,,0,0,,0,,0,0.0870662816769635,,,0,,,0,0,0.0610310841546626,,,,,,,,0.0550465375122998,,0,,0,0,0,,0,,0,0,,0,,,,0.0117029342022486,,,,,,,,0,0.302195409159099,,,,,0,0,0,0,0,0,,,,0.000387140483602987,0.392697562628039
0,0,2017,2017-09-24,105,Mettmann II,05,Nordrhein-Westfalen,zweitstimme,163229,125496,124440,1056,0.768833969453957,cdu,,0.00396174863387978,,0.0958373513339762,,,,0,,0.0007875281260045,,0,,,,,0,0,,0.32626968820315,,0,,0.000972356155576985,0,0,0.000450016072002572,0.00660559305689489,0,,0.000120540019286403,0.00112504018000643,,0,,0,0.158236901317904,,,0.0023625843780135,,,0.000948248151719704,0,0.069101575056252,,,,,,,,0.0679684988749598,,0,,0,0,0.000586628093860495,,0,,0.00202507232401157,0.000980392156862745,,0,,,,0.00506268081002893,,,,,,,,0.000104468016714883,0.2450337512054,,,,,0.0095306975249116,0,0,0.00101253616200579,0,0.000916104146576663,,,,0,0.32626968820315
0,0,2017,2017-09-24,106,Düsseldorf I,05,Nordrhein-Westfalen,erststimme,220764,172947,171387,1560,0.783402185138881,cdu,,0,,0.0636687730107885,,,,0,,0,,0,,,,,0,0,,0.404190516200179,,0,,0,0,0,0,0,0,,0,0,,0,,0,0.128037715812751,,,0,,,0,0,0.0840670529270015,,,,,,,,0.0735820103041654,,0,,0,0,0.00196047541528821,,0,,0,0,,0,,,,0,,,,,,,,0,0.244493456329827,,,,,0,0,0,0,0,0,,,,0,0.404190516200179
0,0,2017,2017-09-24,106,Düsseldorf I,05,Nordrhein-Westfalen,zweitstimme,220764,172947,171910,1037,0.783402185138881,cdu,,0.00258274678610901,,0.0699726601128497,,,,0,,0.0012390204176604,,0,,,,,0,0,,0.320237333488453,,0,,0.0019079751032517,0,0,0.000802745622709557,0.00824268512593799,0,,0.000267581874236519,0.000948170554359839,,0,,0,0.197428887208423,,,0.0018032691524635,,,0.000610784712931185,0,0.0997498691175615,,,,,,,,0.0853644348787156,,0,,0,0,0.000703856669187366,,0,,0.0011866674422663,0.000756209644581467,,0,,,,0.003606538304927,,,,,,,,8.1437961724158e-05,0.194828689430516,,,,,0.00595660520039556,0,0,0.00118085044500029,0,0.00054098074573905,,,,0,0.320237333488453
0,0,2017,2017-09-24,107,Düsseldorf II,05,Nordrhein-Westfalen,erststimme,193175,143599,141828,1771,0.743362236314223,cdu,,0,,0.0812956538906281,,,,0,,0,,0,,,,,0,0,,0.338085568435006,,0,,0,0,0,0,0,0,,0,0,,0,,0,0.0920058098541896,,,0,,,0,0,0.0830442507826381,,,,,,,,0.130432636714894,,0,,0,0,0.00207998420622162,,0,,0,0,,0,,,,0,,,,,,,,0,0.273056096116423,,,,,0,0,0,0,0,0,,,,0,0.338085568435006
0,0,2017,2017-09-24,107,Düsseldorf II,05,Nordrhein-Westfalen,zweitstimme,193175,143599,142546,1053,0.743362236314223,cdu,,0.00371108273820381,,0.0909741416805803,,,,0,,0.00126976554936652,,0,,,,,0,0,,0.284862430373353,,0,,0.00188711012585411,0,0,0.000904971026896581,0.011147278773168,0,,0.000294641729687259,0.00126275027008825,,0,,0,0.14926409720371,,,0.00260266861223745,,,0.00101721549534887,0,0.100872700742217,,,,,,,,0.0989926058956407,,0,,0,0,0.000813772396279096,,0,,0.00172575870245394,0.000940047423287921,,0,,,,0.00440559538675235,,,,,,,,6.31375135044126e-05,0.233033547065509,,,,,0.00770277664753834,0,0,0.00138201001781881,0,0.00086989463050524,,,,0,0.284862430373353
0,0,2017,2017-09-24,108,Neuss I,05,Nordrhein-Westfalen,erststimme,214779,160050,158292,1758,0.745184585085134,cdu,,0,,0.0863909736436459,,,,0,,0,,0,,,,,0,0,,0.440060142016021,,0,,0,0,0,0,0,0,,0,0,,0,,0,0.0724673388421398,,,0.00952669749576732,,,0,0,0.0513670937255199,,,,,,,,0.0539193389432189,,0,,0,0,0,,0,,0,0,,0,,,,0,,,,,,,,0,0.286268415333687,,,,,0,0,0,0,0,0,,,,0,0.440060142016021
0,0,2017,2017-09-24,108,Neuss I,05,Nordrhein-Westfalen,zweitstimme,214779,160050,158775,1275,0.745184585085134,cdu,,0.0053408911982365,,0.0937616123445127,,,,0,,0.00102660998267989,,0,,,,,0,0,,0.358891513147536,,0,,0.0013982050070855,0,0,0.000642418516769013,0.00771532042198079,0,,0.000176350181073847,0.000995118878916706,,0,,0,0.148543536450953,,,0.00348291607620847,,,0.000888049126121871,0,0.060355849472524,,,,,,,,0.0623208943473469,,0,,0,0,0.000516454101716265,,0,,0.00210990395213352,0.00100141709966934,,0,,,,0.00455361360415683,,,,,,,,8.18768697842859e-05,0.235792788537238,,,,,0.00826956384821288,0,0,0.0012470477090222,0,0.000888049126121871,,,,0,0.358891513147536
0,0,2017,2017-09-24,109,Mönchengladbach,05,Nordrhein-Westfalen,erststimme,190552,132006,130443,1563,0.692755783198287,cdu,,0,,0.0913042478323866,,,,0,,0,,0,,,,,0,0,,0.442844767446318,,0,,0,0,0,0,0.0149950553115154,0,,0,0,,0,,0,0.0783867283027836,,,0,,,0,0,0.0599035594090906,,,,,,,,0.0683900247617734,,0,,0,0,0,,0,,0,0,,0,,,,0,,,,,,,,0,0.24352399132188,,,,,0,0,0,0,0,0,,,,0.000651625614252969,0.442844767446318
0,0,2017,2017-09-24,109,Mönchengladbach,05,Nordrhein-Westfalen,zweitstimme,190552,132006,130836,1170,0.692755783198287,cdu,,0.00468525482283164,,0.0945687731205479,,,,0,,0.000993610321318292,,0,,,,,0,0,,0.357592711486135,,0,,0.00108532819713229,0,0,0.000695527224922804,0.00978324008682626,0,,0.000168149438992326,0.000848390351279464,,0,,0,0.137164083279831,,,0.00213244061267541,,,0.000901892445504295,0,0.0624369439603779,,,,,,,,0.0735806658717784,,0,,0,0,0.000649668287015806,,0,,0.00267510471124155,0.000840747194961631,,0,,,,0.00444831697697881,,,,,,,,4.58589379069981e-05,0.233475496040845,,,,,0.00840747194961631,0,0,0.00185728698523342,0,0.00096303769604696,,,,0,0.357592711486135
0,0,2017,2017-09-24,110,Krefeld I – Neuss II,05,Nordrhein-Westfalen,erststimme,201450,155434,153673,1761,0.771576073467362,cdu,,0,,0.0728559994273555,,,,0,,0,,0,,,,,0,0,,0.424459729425468,,0,,0,0,0,0,0.0150189037762001,0,,0,0,,0,,0,0.115003936931016,,,0,,,0,0,0.0659842652905846,,,,,,,,0.0508547370065008,,0,,0,0,0.00111275240282938,,0,,0,0,,0,,,,0,,,,,,,,0,0.254709675740045,,,,,0,0,0,0,0,0,,,,0,0.424459729425468
0,0,2017,2017-09-24,110,Krefeld I – Neuss II,05,Nordrhein-Westfalen,zweitstimme,201450,155434,154190,1244,0.771576073467362,cdu,,0.00495492574096893,,0.0785005512679162,,,,0,,0.000875543161035087,,0,,,,,0,0,,0.356099617355211,,0,,0.00104416628834555,0,0,0.000402101303586484,0.00854789545366107,0,,0.000129710097931124,0.000823659121862637,,0,,0,0.174194176016603,,,0.00240612231662235,,,0.000758804072897075,0,0.0705039237304624,,,,,,,,0.0635903755107335,,0,,0,0,0.000531811401517608,,0,,0.00201050651793242,0.00103119527855244,,0,,,,0.00411181010441663,,,,,,,,3.89130293793372e-05,0.220837927232635,,,,,0.006751410597315,0,0,0.00105713729813866,0,0.000797717102276412,,,,0,0.356099617355211
0,0,2017,2017-09-24,111,Viersen,05,Nordrhein-Westfalen,erststimme,227423,173280,171590,1690,0.761928213065521,cdu,,0,,0.0701381199370593,,,,0,,0,,0,,,,,0,0,,0.478844921032694,,0,,0,0,0,0,0,0,,0,0,,0,,0,0.0829477242263535,,,0,,,0,0,0.0668920100238942,,,,,,,,0.0509761641121278,,0,,0,0,0,,0,,0,0,,0,,,,0,,,,,,,,0,0.250201060667871,,,,,0,0,0,0,0,0,,,,0,0.478844921032694
0,0,2017,2017-09-24,111,Viersen,05,Nordrhein-Westfalen,zweitstimme,227423,173280,172018,1262,0.761928213065521,cdu,,0.00211024427676173,,0.074649164622307,,,,0,,0.000877815112371961,,0,,,,,0,0,,0.380628771407643,,0,,0.00107546884628353,0,0,0.000558081131044426,0.00701670755386064,0,,0.000168587008336337,0.000941761908637468,,0,,0,0.160308804892511,,,0.00251717843481496,,,0.000947575253752514,0,0.0673824832284993,,,,,,,,0.0601216151798068,,0,,0,0,0.000302293945982397,,0,,0.00212768431210687,0.000866188422141869,,0,,,,0.00413910172191282,,,,,,,,5.23201060354149e-05,0.223046425374089,,,,,0.00840609703635666,0,0,0.00095338859886756,0,0.000802241625876362,,,,0,0.380628771407643
0,0,2017,2017-09-24,112,Kleve,05,Nordrhein-Westfalen,erststimme,226096,169057,167383,1674,0.747722206496356,cdu,,0,,0.0658310581122336,,,,0,,0,,0,,,,,0,0,,0.450314548072385,,0,,0,0,0,0,0,0,,0,0,,0,,0,0.0758260994246728,,,0.00959476171415257,,,0,0,0.0491686730432601,,,,,,,,0.0423937914842009,,0,,0,0,0,,0,,0,0,,0,,,,0,,,,,,,,0,0.305867381992198,,,,,0,0,0,0,0,0,,,,0.00100368615689765,0.450314548072385
0,0,2017,2017-09-24,112,Kleve,05,Nordrhein-Westfalen,zweitstimme,226096,169057,167658,1399,0.747722206496356,cdu,,0.000334013288957282,,0.0693137219816531,,,,0,,0.000805210607307734,,0,,,,,0,0,,0.415727254291474,,0,,0.000984146297820563,0,0,0.000435410180247886,0.0057796228035644,0,,8.94678452564149e-05,0.000715742762051319,,0,,0,0.135317133688819,,,0.00366221713249591,,,0.000846962268427394,0,0.0602297534266185,,,,,,,,0.0558637225781054,,0,,0,0,0.000375764950076942,,0,,0.00196829259564113,0.000936430113683809,,0,,,,0.00334013288957282,,,,,,,,2.98226150854716e-05,0.23450118694008,,,,,0.00697849193000036,0,0,0.00101993343592313,0,0.00074556537713679,,,,0,0.415727254291474
0,0,2017,2017-09-24,113,Wesel I,05,Nordrhein-Westfalen,erststimme,207178,160344,158681,1663,0.773943179295099,cdu,,0,,0.0858010725921818,,,,0,,0,,0,,,,,0,0,,0.389769411586768,,0,,0,0,0,0,0,0,,0,0,,0,,0,0.0796818774774548,,,0,,,0,0,0.05522400287369,,,,,,,,0.0596227651703733,,0,,0,0,0.00166371525261373,,0,,0,0,,0,,,,0,,,,,,,,0,0.328237155046918,,,,,0,0,0,0,0,0,,,,0,0.389769411586768
0,0,2017,2017-09-24,113,Wesel I,05,Nordrhein-Westfalen,zweitstimme,207178,160344,159098,1246,0.773943179295099,cdu,,0.00254560082464896,,0.0900388439829539,,,,0,,0.000829677305811512,,0,,,,,0,0,,0.337043834617657,,0,,0.000999384027454776,0,0,0.000446265823580435,0.00714025317728696,0,,6.91397754842927e-05,0.000980527725049969,,0,,0,0.123879621365448,,,0.00238846497127557,,,0.001074809237074,0,0.0612389847766785,,,,,,,,0.066858162893311,,0,,0,0,0.00076053753032722,,0,,0.00226904172271179,0.000892531647160869,,0,,,,0.0041735282655973,,,,,,,,6.2854341349357e-05,0.286785503274711,,,,,0.00768708594702636,0,0,0.000930244251970484,0,0.000905102515430741,,,,0,0.337043834617657
0,0,2017,2017-09-24,114,Krefeld II – Wesel II,05,Nordrhein-Westfalen,erststimme,179118,133705,132097,1608,0.746463225359819,cdu,,0,,0.0854977781478762,,,,0,,0,,0,,,,,0,0,,0.369554191238257,,0,,0,0,0,0,0.0139745792864335,0,,0,0,,0,,0,0.0815234259672816,,,0,,,0,0,0.0610384792993028,,,,,,,,0.0561557037631438,,0,,0,0,0.00180170632186954,,0,,0,0,,0,,,,0.0108480889043657,,,,,,,,0,0.31960604707147,,,,,0,0,0,0,0,0,,,,0,0.369554191238257
0,0,2017,2017-09-24,114,Krefeld II – Wesel II,05,Nordrhein-Westfalen,zweitstimme,179118,133705,132530,1175,0.746463225359819,cdu,,0.00504791367992153,,0.0919489926809024,,,,0,,0.00134309213008375,,0,,,,,0,0,,0.309024371840338,,0,,0.00107900098090998,0,0,0.000354636686033351,0.00941673583339621,0,,0.000249000226363842,0.00123745567041425,,0,,0,0.136059760054327,,,0.00240700218818381,,,0.000822455293141176,0,0.0702256092960085,,,,,,,,0.076133705576096,,0,,0,0,0.00090545536859579,,0,,0.00189391081264619,0.000837546215951105,,0,,,,0.00500264091149174,,,,,,,,7.54546140496491e-05,0.277024070021882,,,,,0.00713800648909681,0,0,0.000943182675620614,0,0.000830000754546141,,,,0,0.309024371840338
0,0,2017,2017-09-24,115,Duisburg I,05,Nordrhein-Westfalen,erststimme,167998,121638,118768,2870,0.724044333861118,spd,,0,,0.114913107907854,,,,0,,0,,0,,,,,0,0,,0.286718644752795,,0,,0,0,0,0,0,0,,0,0,,0,,0,0.0697915263370605,,,0,,,0,0,0.0559746733126768,,,,,,,,0.0685874983160447,,0,,0,0,0.00435302438367237,,0,,0,0,,0,,,,0.0169405900579281,,,,,,,,0,0.382720934931968,,,,,0,0,0,0,0,0,,,,0,0.286718644752795
0,0,2017,2017-09-24,115,Duisburg I,05,Nordrhein-Westfalen,zweitstimme,167998,121638,119616,2022,0.724044333861118,spd,,0.0128410914927769,,0.113270799892991,,,,0,,0.000986490101658641,,0,,,,,0,0,,0.257039192081327,,0,,0.00117041198501873,0,0,0.000718967362225789,0.0113111958266453,0,,0.000367843766720171,0.00107845104333868,,0,,0,0.104425829320492,,,0.00245786516853933,,,0.000986490101658641,0,0.0655765115034778,,,,,,,,0.0866857276618513,,0,,0,0,0.00174725789192081,,0,,0.00367007758159444,0.000886169074371322,,0,,,,0.00599418138041734,,,,,,,,0.000158841626538256,0.317056246655966,,,,,0.00927969502407705,0,0,0.0013961342964152,0,0.000894529159978598,,,,0,0.257039192081327
0,0,2017,2017-09-24,116,Duisburg II,05,Nordrhein-Westfalen,erststimme,160204,103704,100308,3396,0.647324661057152,spd,,0,,0.165918969573713,,,,0,,0,,0,,,,,0,0,,0.264405630657575,,0,,0,0,0,0,0,0,,0,0,,0,,0,0.0703234039159389,,,0,,,0,0,0.0460780795150935,,,,,,,,0.088577182278582,,0,,0,0,0.0036687004027595,,0,,0,0,,0,,,,0,,,,,,,,0,0.346921481835945,,,,,0,0,0,0,0,0,,,,0.0141065518203932,0.264405630657575
0,0,2017,2017-09-24,116,Duisburg II,05,Nordrhein-Westfalen,zweitstimme,160204,103704,101792,1912,0.647324661057152,spd,,0.0243928795976108,,0.155159541024835,,,,0,,0.00106098711097139,,0,,,,,0,0,,0.224280886513675,,0,,0.00102169129204653,0,0,0.000510845646023263,0.00921486953788117,0,,0.000402782143979881,0.00113957874882113,,0,,0,0.0822166771455517,,,0.00257387613957875,,,0.00113957874882113,0,0.0441390286073562,,,,,,,,0.0839555171329771,,0,,0,0,0.00209250235774914,,0,,0.00583542911034266,0.000599261238604213,,0,,,,0.00675888085507702,,,,,,,,0.000196479094624332,0.34084210939956,,,,,0.0104919836529393,0,0,0.000972571518390443,0,0.00100204338258409,,,,0,0.224280886513675
0,0,2017,2017-09-24,117,Oberhausen – Wesel III,05,Nordrhein-Westfalen,erststimme,204816,150312,148121,2191,0.733887977501758,spd,,0,,0.122852262677136,,,,0,,0,,0,,,,,0,0,,0.290823043322689,,0,,0,0,0,0,0,0,,0,0,,0,,0,0.0631713261455162,,,0,,,0,0,0.0563660790839921,,,,,,,,0.0764982683076674,,0,,0,0,0.00181608279717258,,0,,0,0,,0,,,,0,,,,,,,,0,0.384732752276855,,,,,0,0,0,0,0.00374018538897253,0,,,,0,0.290823043322689
0,0,2017,2017-09-24,117,Oberhausen – Wesel III,05,Nordrhein-Westfalen,zweitstimme,204816,150312,148861,1451,0.733887977501758,spd,,0.00632805100059787,,0.124680070669954,,,,0,,0.000819556499015861,,0,,,,,0,0,,0.26256037511504,,0,,0.000880015585008834,0,0,0.000577720155043967,0.00862549626833086,0,,0.000208247962864686,0.00077253276546577,,0,,0,0.100026198937264,,,0.00243179879216182,,,0.000960627699666131,0,0.0552730399500205,,,,,,,,0.0831178078878954,,0,,0,0,0.000980780728330456,,0,,0.00341257952049227,0.000893450937451717,,0,,,,0.00534055259604598,,,,,,,,0.000161224229314595,0.33027455142717,,,,,0.00955253558688978,0,0,0.00100765143321622,0,0.00111513425275929,,,,0,0.26256037511504
0,0,2017,2017-09-24,118,Mülheim – Essen I,05,Nordrhein-Westfalen,erststimme,187746,142858,141064,1794,0.760911018077616,spd,,0,,0.114990358985992,,,,0,,0,,0,,,,,0,0,,0.313467645891227,,0,,0,0,0,0,0,0,,0,0,,0,,0,0.0902356377247207,,,0,,,0,0,0.0616032439176544,,,,,,,,0.0652895139794703,,0,,0,0,0.00240316452106845,,0,,0,0,,0,,,,0,,,,,,,,0,0.348962173197981,,,,,0,0,0,0,0.00304826178188624,0,,,,0,0.313467645891227
0,0,2017,2017-09-24,118,Mülheim – Essen I,05,Nordrhein-Westfalen,zweitstimme,187746,142858,141651,1207,0.760911018077616,spd,,0.00402397441599424,,0.114365588665099,,,,0,,0.000953046572209162,,0,,,,,0,0,,0.281304050094952,,0,,0.00126366915870696,0,0,0.000557708734848324,0.0087115516304156,0,,0.000437695462792356,0.000825973695914607,,0,,0,0.129451962922959,,,0.00193433156137267,,,0.000889510134061885,0,0.0668191541182201,,,,,,,,0.074450586300132,,0,,0,0,0.00115071549088958,,0,,0.00218141770972319,0.000945986967970576,,0,,,,0.00389690153969968,,,,,,,,0.000190609314441832,0.294604344480448,,,,,0.00915630669744654,0,0,0.00106600024002654,0,0.000818914091676021,,,,0,0.281304050094952
0,0,2017,2017-09-24,119,Essen II,05,Nordrhein-Westfalen,erststimme,163326,110369,108754,1615,0.675758911624604,spd,,0,,0.157722934328852,,,,0,,0,,0,,,,,0,0,,0.26584769295842,,0,,0,0,0,0,0,0,,0.00205049929198006,0,,0,,0,0.0662688268937234,,,0,,,0,0,0.0537543446677823,,,,,,,,0.0786637732864998,,0,,0,0,0.00236313147102635,,0,,0,0,,0,,,,0,,,,,,,,0,0.373328797101716,,,,,0,0,0,0,0,0,,,,0,0.26584769295842
0,0,2017,2017-09-24,119,Essen II,05,Nordrhein-Westfalen,zweitstimme,163326,110369,109215,1154,0.675758911624604,spd,,0.00856109508767111,,0.149603992125624,,,,0,,0.00104381266309573,,0,,,,,0,0,,0.23445497413359,,0,,0.00157487524607426,0,0,0.00070503136016115,0.0112072517511331,0,,0.000805750125898457,0.00117200018312503,,0,,0,0.0969006088907201,,,0.00218834409192876,,,0.00121778144027835,0,0.0617680721512613,,,,,,,,0.0872041386256467,,0,,0,0,0.00170306276610356,,0,,0.0034610630407911,0.000824062628759786,,0,,,,0.00527400082406263,,,,,,,,7.32500114453143e-05,0.317969143432679,,,,,0.00996200155656274,0,0,0.00111706267454104,0,0.00120862518884769,,,,0,0.23445497413359
0,0,2017,2017-09-24,120,Essen III,05,Nordrhein-Westfalen,erststimme,192918,153336,152104,1232,0.794824744191833,cdu,,0,,0.0809051701467417,,,,0,,0,,0,,,,,0,0,,0.370752905906485,,0,,0,0,0,0,0,0,,0.00129516646505023,0,,0,,0,0.0830944616841109,,,0,,,0,0,0.0822529322042813,,,,,,,,0.0647320254562668,,0,,0,0,0.00136748540472308,,0,,0,0,,0,,,,0,,,,,,,,0,0.307874875085468,,,,,0,0,0,0,0,0,,,,0.00772497764687319,0.370752905906485
0,0,2017,2017-09-24,120,Essen III,05,Nordrhein-Westfalen,zweitstimme,192918,153336,152409,927,0.794824744191833,cdu,,0.0023883104016167,,0.0835580575950239,,,,0,,0.00113510356999915,,0,,,,,0,0,,0.300677781495843,,0,,0.00163376178572132,0,0,0.000636445354276978,0.0117512745310316,0,,0.000583955015779908,0.000754548615895387,,0,,0,0.151355891056302,,,0.00191589735514307,,,0.000879213169825929,0,0.0939052155712589,,,,,,,,0.0825016895327704,,0,,0,0,0.000879213169825929,,0,,0.00169937470884265,0.00113510356999915,,0,,,,0.00363495594092212,,,,,,,,8.52968000577394e-05,0.247354158875132,,,,,0.00889711237525343,0,0,0.00164688437034558,0,0.000990755139132203,,,,0,0.300677781495843
0,0,2017,2017-09-24,121,Recklinghausen I,05,Nordrhein-Westfalen,erststimme,169267,123958,122242,1716,0.732322307360561,spd,,0,,0.114142438768999,,,,0,,0,,0,,,,,0,0,,0.309157245463916,,0,,0,0,0,0,0,0,,0,0,,0,,0,0.0719147265260712,,,0,,,0,0,0.0497292256343973,,,,,,,,0.0657957166931169,,0,,0,0,0.00267502167831024,,0,,0,0,,0,,,,0,,,,,,,,0,0.386585625235189,,,,,0,0,0,0,0,0,,,,0,0.309157245463916
0,0,2017,2017-09-24,121,Recklinghausen I,05,Nordrhein-Westfalen,zweitstimme,169267,123958,122884,1074,0.732322307360561,spd,,0.00725887829172228,,0.120251619413431,,,,0,,0.000813775593242407,,0,,,,,0,0,,0.285700335275544,,0,,0.00100908173562059,0,0,0.000537091891539989,0.0094642101494092,0,,0.000113928583053937,0.000887015396634224,,0,,0,0.103137918687543,,,0.0026040818983757,,,0.00109045929494483,0,0.0580384753100485,,,,,,,,0.072995670713844,,0,,0,0,0.00136714299664724,,0,,0.00294586764753752,0.000634744962729078,,0,,,,0.004394388203509,,,,,,,,6.51020474593926e-05,0.315923960808567,,,,,0.00862602128836952,0,0,0.00101721949155301,0,0.00112301031867452,,,,0,0.285700335275544
0,0,2017,2017-09-24,122,Recklinghausen II,05,Nordrhein-Westfalen,erststimme,189376,140795,136147,4648,0.743468021290977,spd,,0,,0,,,,0,,0,,0,,,,,0,0,,0.345082888348623,,0,,0,0,0,0,0,0,,0,0,,0,,0,0.102117564103506,,,0,,,0,0,0.0467362483198308,,,,,,,,0.084482214077431,,0,,0,0,0.0101214128846027,,0,,0,0,,0,,,,0,,,,,,,,0,0.411459672266007,,,,,0,0,0,0,0,0,,,,0,0.345082888348623
0,0,2017,2017-09-24,122,Recklinghausen II,05,Nordrhein-Westfalen,zweitstimme,189376,140795,139510,1285,0.743468021290977,spd,,0.00735431151888754,,0.124629058848828,,,,0,,0.000795641889470289,,0,,,,,0,0,,0.294452010608559,,0,,0.00069529066016773,0,0,0.000473084366712064,0.00635796717081213,0,,0.00017919862375457,0.00119704680668052,,0,,0,0.105791699519748,,,0.00261629990681672,,,0.00107519174252742,0,0.051530356246864,,,,,,,,0.0659522614866318,,0,,0,0,0.00116837502687979,,0,,0.00219339115475593,0.000745466274819009,,0,,,,0.00478101928177192,,,,,,,,4.30076697010967e-05,0.316995197476883,,,,,0.00884524406852555,0,0,0.000881657228872482,0,0.0012472224213318,,,,0,0.294452010608559
0,0,2017,2017-09-24,123,Gelsenkirchen,05,Nordrhein-Westfalen,erststimme,175210,119414,117421,1993,0.681547856857485,spd,,0,,0.168930600148185,,,,0,,0,,0,,,,,0,0,,0.25351512932099,,0,,0,0,0,0,0,0,,0,0,,0,,0,0.0669726880200305,,,0.0108668807112867,,,0,0,0.0463630866710384,,,,,,,,0.0648435969715809,,0,,0,0,0.00512685124466663,,0,,0,0,,0,,,,0,,,,,,,,0,0.383381166912222,,,,,0,0,0,0,0,0,,,,0,0.25351512932099
0,0,2017,2017-09-24,123,Gelsenkirchen,05,Nordrhein-Westfalen,zweitstimme,175210,119414,118066,1348,0.681547856857485,spd,,0.0161265732725764,,0.170353869869395,,,,0,,0.000974031473921366,,0,,,,,0,0,,0.224044178679722,,0,,0.000846983890366405,0,0,0.000635237917774804,0.00855453729270069,0,,0.000330323717242898,0.000728406145715109,,0,,0,0.0917622346822963,,,0.00390459573458913,,,0.00138058374129724,0,0.046490945742212,,,,,,,,0.0737130079785883,,0,,0,0,0.003252418139007,,0,,0.00353192282282791,0.000923212440499382,,0,,,,0.00465841139701523,,,,,,,,0.000203276133687937,0.334761912828418,,,,,0.0107821049243643,0,0,0.000923212440499382,0,0.00111801873528365,,,,0,0.224044178679722
0,0,2017,2017-09-24,124,Steinfurt I – Borken I,05,Nordrhein-Westfalen,erststimme,202192,154606,153182,1424,0.764649442114426,cdu,,0,,0.0604836077345902,,,,0,,0,,0,,,,,0,0,,0.512978026138841,,0,,0,0,0,0,0,0,,0,0,,0,,0,0.065817132561267,,,0,,,0,0,0.0529957827943231,,,,,,,,0.0493138880547323,,0,,0,0,0,,0,,0,0,,0,,,,0,,,,,,,,0,0.258411562716246,,,,,0,0,0,0,0,0,,,,0,0.512978026138841
0,0,2017,2017-09-24,124,Steinfurt I – Borken I,05,Nordrhein-Westfalen,zweitstimme,202192,154606,153578,1028,0.764649442114426,cdu,,0.00188829129172147,,0.0632838036697965,,,,0,,0.000781361913815781,,0,,,,,0,0,,0.439027725325242,,0,,0.000781361913815781,0,0,0.000468817148289469,0.00574952141582779,0,,9.76702392269726e-05,0.000846475406633763,,0,,0,0.125922983760695,,,0.00239617653570173,,,0.000826941358788368,0,0.0595267551341989,,,,,,,,0.054910208493404,,0,,0,0,0.000364635559780698,,0,,0.00166039406685853,0.000794384612379377,,0,,,,0.00352263996145281,,,,,,,,4.55794449725872e-05,0.230931513628254,,,,,0.00496164815273021,0,0,0.000625089531052625,0,0.000586021435361836,,,,0,0.439027725325242
0,0,2017,2017-09-24,125,Bottrop – Recklinghausen III,05,Nordrhein-Westfalen,erststimme,202793,151842,149859,1983,0.748753655205061,spd,,0,,0.118484708959756,,,,0,,0,,0,,,,,0,0,,0.335875723179789,,0,,0,0,0,0,0,0,,0.00461100100761382,0,,0,,0,0.0645073035319867,,,0,,,0,0,0.0435209096550758,,,,,,,,0.0634262873768009,,0,,0,0,0.00170827244276286,,0,,0,0,,0,,,,0,,,,,,,,0,0.367865793846215,,,,,0,0,0,0,0,0,,,,0,0.335875723179789
0,0,2017,2017-09-24,125,Bottrop – Recklinghausen III,05,Nordrhein-Westfalen,zweitstimme,202793,151842,150514,1328,0.748753655205061,spd,,0.00757404626812124,,0.124307373400481,,,,0,,0.000710897325165765,,0,,,,,0,0,,0.298756261875972,,0,,0.000730829025871348,0,0,0.000378702313406062,0.0070558220497761,0,,0.0022389943792604,0.000857063130340035,,0,,0,0.10458163360219,,,0.00195330666914706,,,0.000950077733632752,0,0.0481549889046866,,,,,,,,0.0683790212206174,,0,,0,0,0.000790624127988094,,0,,0.0027970819990167,0.00225892607996598,,0,,,,0.00443148145687444,,,,,,,,7.97268028223288e-05,0.312349681757179,,,,,0.00883638731280811,0,0,0.000764048527047318,0,0.00106302403763105,,,,0,0.298756261875972
0,0,2017,2017-09-24,126,Borken II,05,Nordrhein-Westfalen,erststimme,199978,158146,155771,2375,0.790816989868886,cdu,,0,,0,,,,0,,0,,0,,,,,0,0,,0.523178255259323,,0,,0,0,0,0,0,0,,0,0,,0,,0,0.0912621733185253,,,0.0204274223058207,,,0,0,0.0673809630804193,,,,,,,,0.0447387511154194,,0,,0,0,0,,0,,0,0,,0,,,,0,,,,,,,,0,0.253012434920492,,,,,0,0,0,0,0,0,,,,0,0.523178255259323
0,0,2017,2017-09-24,126,Borken II,05,Nordrhein-Westfalen,zweitstimme,199978,158146,157056,1090,0.790816989868886,cdu,,0.000783160146699267,,0.0598830990220049,,,,0,,0.000413865118174409,,0,,,,,0,0,,0.470411827628362,,0,,0.000630348410757946,0,0,0.000483903830480848,0.00452704767726161,0,,0.000140077424612877,0.000662184189079055,,0,,0,0.131220711083945,,,0.00352103708231459,,,0.00079589445802771,0,0.0587051752241239,,,,,,,,0.0416411980440098,,0,,0,0,0.000286522004889976,,0,,0.00124159535452323,0.000993276283618582,,0,,,,0.00280791564792176,,,,,,,,8.27730236348818e-05,0.214554044417278,,,,,0.00488997555012225,0,0,0.000687652811735941,0,0.000636715566422168,,,,0,0.470411827628362
0,0,2017,2017-09-24,127,Coesfeld – Steinfurt II,05,Nordrhein-Westfalen,erststimme,192946,156813,154379,2434,0.812729986628383,cdu,,0,,0,,,,0,,0,,0,,,,,0,0,,0.516112942822534,,0,,0,0,0,0,0,0,,0,0,,0,,0,0.104904164426509,,,0,,,0,0,0.082135523613963,,,,,,,,0.0620356395623757,,0,,0,0,0,,0,,0,0,,0,,,,0,,,,,,,,0,0.234811729574618,,,,,0,0,0,0,0,0,,,,0,0.516112942822534
0,0,2017,2017-09-24,127,Coesfeld – Steinfurt II,05,Nordrhein-Westfalen,zweitstimme,192946,156813,155826,987,0.812729986628383,cdu,,0.000320870714771604,,0.0609397661494231,,,,0,,0.000539062800816295,,0,,,,,0,0,,0.440465647581277,,0,,0.000962612144314813,0,0,0.000417131929203086,0.00539704542245838,0,,0.000109096043022345,0.000834263858406171,,0,,0,0.135510120262344,,,0.00159151874526716,,,0.00089202058706506,0,0.0748719725848061,,,,,,,,0.0538677755958569,,0,,0,0,0.000198939843158395,,0,,0.00149525753083568,0.00114229974458691,,0,,,,0.00317662007623888,,,,,,,,4.49219000680246e-05,0.210407762504332,,,,,0.00538421059386752,0,0,0.000725167815383826,0,0.000705915572497529,,,,0,0.440465647581277
0,0,2017,2017-09-24,128,Steinfurt III,05,Nordrhein-Westfalen,erststimme,195571,152541,151177,1364,0.779977604041499,cdu,,0,,0.0630386897477791,,,,0,,0,,0,,,,,0,0,,0.447673918651647,,0,,0,0,0,0,0,0,,0,0,,0,,0,0.0564437712085833,,,0.00743499341831099,,,0,0,0.0652017171924301,,,,,,,,0.0563577792918235,,0,,0,0,0.000912837270219676,,0,,0,0,,0,,,,0,,,,,,,,0,0.302936293219207,,,,,0,0,0,0,0,0,,,,0,0.447673918651647
0,0,2017,2017-09-24,128,Steinfurt III,05,Nordrhein-Westfalen,zweitstimme,195571,152541,151383,1158,0.779977604041499,cdu,,0.00175052680948323,,0.0683167859006626,,,,0,,0.000693604962248073,,0,,,,,0,0,,0.377948646809747,,0,,0.000700210723793293,0,0,0.000343499600351427,0.00593857962915255,0,,0.000132115230904395,0.000786085623881149,,0,,0,0.113652127385506,,,0.00278102561053751,,,0.000746451054609831,0,0.0728351267975929,,,,,,,,0.0640230408962697,,0,,0,0,0.000449191785074942,,0,,0.00171089224021191,0.000779479862335929,,0,,,,0.00369922646532305,,,,,,,,7.92691385426369e-05,0.276219919013363,,,,,0.00524497466690447,0,0,0.000720028008428952,0,0.000449191785074942,,,,0,0.377948646809747
0,0,2017,2017-09-24,129,Münster,05,Nordrhein-Westfalen,erststimme,232294,191090,189854,1236,0.822621333310374,cdu,,0,,0.0451346824401909,,,,0,,0,,0,,,,,0,0,,0.371896299261538,,0,,0,0,0,0,0.014337332897911,0,,0.000911226521432259,0,,0,,0,0.0696271872070117,,,0,,,0,0,0.12771919474965,,,,,,,,0.0686000821684031,,0,,0,0,0.000563590969903189,,0,,0,0.00540941987000537,,0,,,,0.00528300694217662,,,,,,,,0,0.288526973358475,,,,,0,0,0,0,0,0,,,,0.00199100361330285,0.371896299261538
0,0,2017,2017-09-24,129,Münster,05,Nordrhein-Westfalen,zweitstimme,232294,191090,190126,964,0.822621333310374,cdu,,0.000720574776727013,,0.0494040793999769,,,,0,,0.00114660803887948,,0,,,,,0,0,,0.327551202886507,,0,,0.00177250875735039,0,0,0.000831027844692467,0.0101774612625312,0,,0.000347138213605714,0.00100985662139844,,0,,0,0.135089361791654,,,0.00129387879616675,,,0.000499668640796104,0,0.145897983442559,,,,,,,,0.101443253421415,,0,,0,0,0.00033661887379948,,0,,0.000583823359245974,0.00337144840789792,,0,,,,0.00374488497101922,,,,,,,,4.2077359224935e-05,0.208882530532384,,,,,0.00410780219433428,0,0,0.00116764671849195,0,0.000578563689342857,,,,0,0.327551202886507
0,0,2017,2017-09-24,130,Warendorf,05,Nordrhein-Westfalen,erststimme,209604,163531,161586,1945,0.780190263544589,cdu,,0,,0.0685579196217494,,,,0,,0,,0,,,,,0,0,,0.464254328964143,,0,,0,0,0,0,0.0116718032502816,0,,0,0,,0,,0,0.0698761031277462,,,0,,,0,0,0.055499857660936,,,,,,,,0.0478878120629262,,0,,0,0,0,,0,,0,0,,0,,,,0,,,,,,,,0,0.279071206663944,,,,,0,0,0,0,0,0,,,,0.00318096864827398,0.464254328964143
0,0,2017,2017-09-24,130,Warendorf,05,Nordrhein-Westfalen,zweitstimme,209604,163531,162144,1387,0.780190263544589,cdu,,0.00383609630945333,,0.0741624728636274,,,,0,,0.00062907045589106,,0,,,,,0,0,,0.403079978290902,,0,,0.0005550621669627,0,0,0.00042554766133807,0.00651272942569568,0,,7.400828892836e-05,0.00094360568383659,,0,,0,0.130593793171502,,,0.00291099269784883,,,0.000733915531872903,0,0.0666999703966844,,,,,,,,0.0554877146240379,,0,,0,0,0.0001850207223209,,0,,0.0016713538582988,0.00094360568383659,,0,,,,0.00331803828695481,,,,,,,,8.01756463390566e-05,0.240477600157884,,,,,0.00498322478784291,0,0,0.000820258535622656,0,0.000875764752318926,,,,0,0.403079978290902
0,0,2017,2017-09-24,131,Gütersloh I,05,Nordrhein-Westfalen,erststimme,234272,176708,174626,2082,0.754285616719028,cdu,,0,,0.0801484315050451,,,,0,,0,,0,,,,,0,0,,0.465554957451926,,0,,0,0,0,0,0,0,,0,0,,0,,0,0.0652881014281951,,,0.00810303162186616,,,0,0,0.0572194289510153,,,,,,,,0.0434185058353281,,0,,0,0,0,,0,,0,0,,0,,,,0,,,,,,,,0,0.280267543206624,,,,,0,0,0,0,0,0,,,,0,0.465554957451926
0,0,2017,2017-09-24,131,Gütersloh I,05,Nordrhein-Westfalen,zweitstimme,234272,176708,175027,1681,0.754285616719028,cdu,,0.00259388551480629,,0.0861638490061533,,,,0,,0.000788449782033629,,0,,,,,0,0,,0.383797928319631,,0,,0.000742742548292549,0,0,0.000439932124757894,0.00617618995926343,0,,0.000119981488570335,0.00101698595073903,,0,,0,0.130539859564524,,,0.00374227976255092,,,0.000954138504345044,0,0.0789421060750627,,,,,,,,0.0605335176858428,,0,,0,0,0.000268529998228845,,0,,0.00187970998760191,0.0012569489278797,,0,,,,0.00339947550949282,,,,,,,,5.71340421763499e-05,0.229130362744034,,,,,0.00557056911219412,0,0,0.00101698595073903,0,0.000868437441080519,,,,0,0.383797928319631
0,0,2017,2017-09-24,132,Bielefeld – Gütersloh II,05,Nordrhein-Westfalen,erststimme,246216,186152,184077,2075,0.756051596971765,spd,,0,,0.0816397485834732,,,,0,,0,,0,,,,,0,0,,0.306855283386844,,0,,0,0,0,0,0.0188671045269099,0,,0,0,,0,,0,0.073311711946631,,,0,,,0,0,0.0963075234820211,,,,,,,,0.0895766445563541,,0,,0,0,0.00159172520195353,,0,,0,0,,0,,,,0,,,,,,,,0,0.331850258315813,,,,,0,0,0,0,0,0,,,,0,0.306855283386844
0,0,2017,2017-09-24,132,Bielefeld – Gütersloh II,05,Nordrhein-Westfalen,zweitstimme,246216,186152,184616,1536,0.756051596971765,spd,,0.00562789790700698,,0.0894505351648828,,,,0,,0.00142457858473805,,0,,,,,0,0,,0.27622199592668,,0,,0.00158707804307319,0,0,0.000677081076396412,0.0117432941890194,0,,0.000254582484725051,0.00127291242362525,,0,,0,0.115721280929064,,,0.00210165966113446,,,0.000747497508341639,0,0.11140421198596,,,,,,,,0.111160462798457,,0,,0,0,0.000769164102786324,,0,,0.0015654114486285,0.00108874637084543,,0,,,,0.00508081639727868,,,,,,,,0.000151666161112796,0.253948736837544,,,,,0.00591498028339906,0,0,0.0013216622611258,0,0.000763747454175153,,,,0,0.27622199592668
0,0,2017,2017-09-24,133,Herford – Minden-Lübbecke II,05,Nordrhein-Westfalen,erststimme,228976,168664,166592,2072,0.736601215847949,spd,,0,,0.0998427295428352,,,,0,,0,,0,,,,,0,0,,0.35758619861698,,0,,0,0,0,0,0,0,,0,0,,0,,0,0.0564913081060315,,,0.0118553111794084,,,0,0,0.050686707645025,,,,,,,,0.0561431521321552,,0,,0,0,0,,0,,0,0,,0,,,,0,,,,,,,,0,0.367394592777564,,,,,0,0,0,0,0,0,,,,0,0.35758619861698
0,0,2017,2017-09-24,133,Herford – Minden-Lübbecke II,05,Nordrhein-Westfalen,zweitstimme,228976,168664,167047,1617,0.736601215847949,spd,,0.00244242638299401,,0.108340766371141,,,,0,,0.000670469987488551,,0,,,,,0,0,,0.317240058187217,,0,,0.000760265075098625,0,0,0.000437002759702359,0.00599831185235293,0,,0.000137685801002113,0.000951827928666782,,0,,0,0.114853903392458,,,0.00581872167713278,,,0.000838087484360689,0,0.0687531054134465,,,,,,,,0.069375684687543,,0,,0,0,0.000419043742180345,,0,,0.00204732799750968,0.000796183110142655,,0,,,,0.00383125707136315,,,,,,,,4.78907133920394e-05,0.286985100001796,,,,,0.00731530647063401,0,0,0.00102366399875484,0,0.000915909893622753,,,,0,0.317240058187217
0,0,2017,2017-09-24,134,Minden-Lübbecke I,05,Nordrhein-Westfalen,erststimme,204203,151181,149530,1651,0.740346615867544,spd,,0,,0.0989500434695379,,,,0,,0,,0,,,,,0,0,,0.354825118705277,,0,,0,0,0,0,0,0,,0,0,,0,,0,0.0707215943288972,,,0,,,0,0,0.0493011435832274,,,,,,,,0.0525780779776633,,0,,0,0,0,,0,,0,0,,0,,,,0,,,,,,,,0,0.373624021935398,,,,,0,0,0,0,0,0,,,,0,0.354825118705277
0,0,2017,2017-09-24,134,Minden-Lübbecke I,05,Nordrhein-Westfalen,zweitstimme,204203,151181,149673,1508,0.740346615867544,spd,,0.00152332083942996,,0.1057572174006,,,,0,,0.0011291281660687,,0,,,,,0,0,,0.328449352922705,,0,,0.000808429041978179,0,0,0.000527817308398977,0.00702865580298384,0,,0.00012694340328583,0.00104227215329418,,0,,0,0.112678973495554,,,0.00299319182484483,,,0.000968778604023438,0,0.0643068556119006,,,,,,,,0.0630173778837867,,0,,0,0,0.000340742819346175,,0,,0.00195760090330253,0.00104895338504607,,0,,,,0.0041824510766805,,,,,,,,2.67249270075431e-05,0.29374703520341,,,,,0.00632712646903583,0,0,0.00102222845803852,0,0.000988822299279095,,,,0,0.328449352922705
0,0,2017,2017-09-24,135,Lippe I,05,Nordrhein-Westfalen,erststimme,170501,128938,127277,1661,0.756230168738013,cdu,,0,,0.102178712571792,,,,0,,0,,0,,,,,0,0,,0.36554915656403,,0,,0,0,0,0,0,0,,0,0,,0,,0,0.0839900374773133,,,0.0126260046984137,,,0,0,0.060270119503131,,,,,,,,0.0539767593516503,,0,,0,0,0,,0,,0,0,,0,,,,0,,,,,,,,0,0.32140920983367,,,,,0,0,0,0,0,0,,,,0,0.36554915656403
0,0,2017,2017-09-24,135,Lippe I,05,Nordrhein-Westfalen,zweitstimme,170501,128938,127537,1401,0.756230168738013,cdu,,0.00145055944549425,,0.110924672840039,,,,0,,0.000917380838501768,,0,,,,,0,0,,0.315312419141112,,0,,0.000611587225667845,0,0,0.000439088264582043,0.0061472357041486,0,,0.000148976375483193,0.00142703685989164,,0,,0,0.124795157483711,,,0.00682939068662427,,,0.000784086186753648,0,0.069540603903181,,,,,,,,0.0658553988254389,,0,,0,0,0.00029011188909885,,0,,0.00217975959917514,0.000948744285971914,,0,,,,0.00433599661274767,,,,,,,,5.48860330727554e-05,0.278421164054353,,,,,0.00689211758156457,0,0,0.000744881877415966,0,0.000948744285971914,,,,0,0.315312419141112
0,0,2017,2017-09-24,136,Höxter – Lippe II,05,Nordrhein-Westfalen,erststimme,211026,159883,157854,2029,0.757645977272943,cdu,,0,,0.091495939285669,,,,0,,0,,0,,,,,0,0,,0.442877595753038,,0,,0,0,0,0,0,0,,0,0,,0,,0,0.0685000063349678,,,0.00938842221293094,,,0,0,0.0595486968971328,,,,,,,,0.0552662586947432,,0,,0,0,0,,0,,0,0.0055177569146173,,0,,,,0,,,,,,,,0,0.267405323906901,,,,,0,0,0,0,0,0,,,,0,0.442877595753038
0,0,2017,2017-09-24,136,Höxter – Lippe II,05,Nordrhein-Westfalen,zweitstimme,211026,159883,158191,1692,0.757645977272943,cdu,,0.00133383062247536,,0.0960674121789482,,,,0,,0.000998792598820413,,0,,,,,0,0,,0.372581246720736,,0,,0.000619504270154434,0,0,0.000347680967943815,0.00606229178651124,0,,8.8500610022062e-05,0.000941899349520516,,0,,0,0.123540530118654,,,0.00479167588548021,,,0.000916613460942784,0,0.06444108704035,,,,,,,,0.0644031582074834,,0,,0,0,0.000202287108621856,,0,,0.00212401464052949,0.00219987230626268,,0,,,,0.0038118477030931,,,,,,,,6.9536193588763e-05,0.246777629574375,,,,,0.00604332737007794,0,0,0.000878684628076186,0,0.000758576657331959,,,,0,0.372581246720736
0,0,2017,2017-09-24,137,Paderborn – Gütersloh III,05,Nordrhein-Westfalen,erststimme,249359,187479,185597,1882,0.75184372731684,cdu,,0,,0.0910090141543236,,,,0,,0,,0,,,,,0,0,,0.533435346476506,,0,,0,0,0,0,0,0,,0,0,,0,,0,0.0551086493854965,,,0,,,0,0,0.0598932094807567,,,,,,,,0.0514771251690491,,0,,0,0,0,,0,,0,0,,0,,,,0.0098115810061585,,,,,,,,0,0.19926507432771,,,,,0,0,0,0,0,0,,,,0,0.533435346476506
0,0,2017,2017-09-24,137,Paderborn – Gütersloh III,05,Nordrhein-Westfalen,zweitstimme,249359,187479,185897,1582,0.75184372731684,cdu,,0.00161917621048215,,0.0994314055632958,,,,0,,0.000871450319262818,,0,,,,,0,0,,0.406827436698817,,0,,0.00102745068505678,0,0,0.00059172552542537,0.00681022286535017,0,,5.37932295841245e-05,0.00166221079414945,,0,,0,0.134353970209309,,,0.00262510960370528,,,0.000871450319262818,0,0.0732233441099103,,,,,,,,0.0661226378048059,,0,,0,0,0.000209793595378086,,0,,0.00158152094977326,0.00119958901972598,,0,,,,0.00437876888814774,,,,,,,,6.99311984593619e-05,0.188572166307149,,,,,0.0058311860869191,0,0,0.00114041646718344,0,0.000925243548846942,,,,0,0.406827436698817
0,0,2017,2017-09-24,138,Hagen – Ennepe-Ruhr-Kreis I,05,Nordrhein-Westfalen,erststimme,207384,150044,148299,1745,0.723508081626355,spd,,0,,0.112718224667732,,,,0,,0,,0,,,,,0,0,,0.303090378222375,,0,,0,0,0,0,0,0,,0,0,,0,,0,0.0790767301195558,,,0,,,0,0,0.0387865056406314,,,,,,,,0.0542485114532128,,0,,0,0,0.00187459119751313,,0,,0,0,,0,,,,0,,,,,,,,0,0.392490846195861,,,,,0,0,0,0,0,0,,,,0.0177142125031187,0.303090378222375
0,0,2017,2017-09-24,138,Hagen – Ennepe-Ruhr-Kreis I,05,Nordrhein-Westfalen,zweitstimme,207384,150044,148794,1250,0.723508081626355,spd,,0.00553785770931624,,0.118432194846566,,,,0,,0.000806484132424695,,0,,,,,0,0,,0.288801967821283,,0,,0.000914015350081321,0,0,0.000698952914768069,0.00807828272645402,0,,0.000275548745245104,0.00102826726884149,,0,,0,0.125824966060459,,,0.00275548745245104,,,0.00118956409532642,0,0.0582886406709948,,,,,,,,0.0722004919553208,,0,,0,0,0.00116940199201581,,0,,0.00307136040431738,0.00103498796994502,,0,,,,0.00459023885371722,,,,,,,,0.000100810516553087,0.292673091656922,,,,,0.0103028347917255,0,0,0.00100138446442733,0,0.00122316760084412,,,,0,0.288801967821283
0,0,2017,2017-09-24,139,Ennepe-Ruhr-Kreis II,05,Nordrhein-Westfalen,erststimme,178506,137632,134376,3256,0.771021702351742,spd,,0,,0,,,,0,,0,,0,,,,,0,0,,0.329471036494612,,0,,0,0,0,0,0,0,,0,0,,0,,0,0.105487587069119,,,0,,,0,0,0.0858635470619754,,,,,,,,0.0804012621301423,,0,,0,0,0.00511996189795797,,0,,0,0,,0,,,,0.02653003512532,,,,,,,,0,0.367126570220873,,,,,0,0,0,0,0,0,,,,0,0.329471036494612
0,0,2017,2017-09-24,139,Ennepe-Ruhr-Kreis II,05,Nordrhein-Westfalen,zweitstimme,178506,137632,136424,1208,0.771021702351742,spd,,0.00331320002345628,,0.0966838679411247,,,,0,,0.00119480443323755,,0,,,,,0,0,,0.273295021403859,,0,,0.00145135753239899,0,0,0.000586407083797572,0.00848824253796986,0,,0.000337184073183604,0.000974901776813464,,0,,0,0.126590629214801,,,0.00213305576731367,,,0.000989561953908403,0,0.0816718465959069,,,,,,,,0.0813053421685334,,0,,0,0,0.00115815399050021,,0,,0.00193514337653199,0.00134140620418695,,0,,,,0.00645780801032077,,,,,,,,6.59707969272269e-05,0.298825719814695,,,,,0.0090819797103149,0,0,0.00107019292793057,0,0.00104820266228816,,,,0,0.273295021403859
0,0,2017,2017-09-24,140,Bochum I,05,Nordrhein-Westfalen,erststimme,206460,156941,155017,1924,0.760152087571442,spd,,0,,0.0953121270570325,,,,0,,0,,0,,,,,0,0,,0.282375481398814,,0,,0,0,0,0,0,0,,0,0,,0,,0,0.070463239515666,,,0,,,0,0,0.0770044575756208,,,,,,,,0.0997438990562326,,0,,0,0,0.0031738454492088,,0,,0,0,,0,,,,0,,,,,,,,0,0.371926949947425,,,,,0,0,0,0,0,0,,,,0,0.282375481398814
0,0,2017,2017-09-24,140,Bochum I,05,Nordrhein-Westfalen,zweitstimme,206460,156941,155704,1237,0.760152087571442,spd,,0.00580588809536043,,0.0975569028412886,,,,0,,0.00140651492575656,,0,,,,,0,0,,0.25420027744952,,0,,0.00173405949750809,0,0,0.000918409289420953,0.012356779530391,0,,0.000289009916251349,0.000995478600421312,,0,,0,0.112065200637106,,,0.00193957766017572,,,0.0010147459281714,0,0.0890278990905821,,,,,,,,0.102457226532395,,0,,0,0,0.00107254791142167,,0,,0.00262035657401223,0.0011560396650054,,0,,,,0.00491316857627293,,,,,,,,8.99141961670863e-05,0.296993012382469,,,,,0.00910702358320917,0,0,0.00139367004058984,0,0.000886297076504136,,,,0,0.25420027744952
0,0,2017,2017-09-24,141,Herne – Bochum II,05,Nordrhein-Westfalen,erststimme,179247,127974,125744,2230,0.713953371604546,spd,,0,,0.133596831657972,,,,0,,0,,0,,,,,0,0,,0.24145088433643,,0,,0,0,0,0,0,0,,0,0,,0,,0,0.0671841201170632,,,0,,,0,0,0.0556050388090088,,,,,,,,0.0800356279424863,,0,,0,0,0.00324468761928999,,0,,0,0,,0,,,,0,,,,,,,,0,0.41888280951775,,,,,0,0,0,0,0,0,,,,0,0.24145088433643
0,0,2017,2017-09-24,141,Herne – Bochum II,05,Nordrhein-Westfalen,zweitstimme,179247,127974,126490,1484,0.713953371604546,spd,,0.00874377421140011,,0.134405881887896,,,,0,,0.00125701636493003,,0,,,,,0,0,,0.234239860858566,,0,,0.00101984346588663,0,0,0.000656178354020081,0.0097557119139853,0,,0.000181832555933275,0.000964503122776504,,0,,0,0.0913906237647245,,,0.00253775001976441,,,0.00139932010435608,0,0.0586133291169262,,,,,,,,0.0858565894537118,,0,,0,0,0.0015890584235908,,0,,0.00403193928373785,0.00103565499248952,,0,,,,0.00622974148154004,,,,,,,,0.000213455609139062,0.342414420112262,,,,,0.0113447703375761,0,0,0.00105146651909242,0,0.00106727804569531,,,,0,0.234239860858566
0,0,2017,2017-09-24,142,Dortmund I,05,Nordrhein-Westfalen,erststimme,211316,156097,154526,1571,0.738689924094721,spd,,0,,0.0947672236387404,,,,0,,0,,0,,,,,0,0,,0.286217206165953,,0,,0,0,0,0,0,0,,0,0,,0,,0,0.0586503242172838,,,0.00642610305061931,,,0,0,0.0730038957845282,,,,,,,,0.0768414376868618,,0,,0,0,0.00234264783919858,,0,,0,0,,0,,,,0.0135317034026636,,,,,,,,0,0.388219458214152,,,,,0,0,0,0,0,0,,,,0,0.286217206165953
0,0,2017,2017-09-24,142,Dortmund I,05,Nordrhein-Westfalen,zweitstimme,211316,156097,154923,1174,0.738689924094721,spd,,0.00540913873343532,,0.0980938918043157,,,,0,,0.0014781536634328,,0,,,,,0,0,,0.245070131613769,,0,,0.0017169819845988,0,0,0.000774578338916752,0.0137939492522092,0,,0.000335650613530593,0.000961768104154967,,0,,0,0.110977711508298,,,0.00282075611755517,,,0.00105213557702859,0,0.0948987561562841,,,,,,,,0.100088431027026,,0,,0,0,0.00113604823041124,,0,,0.00294339768788366,0.00104568075753762,,0,,,,0.00671946709010283,,,,,,,,0.000129096389819459,0.299658540048928,,,,,0.00841708461622871,0,0,0.00147169884394183,0,0.00100695184059178,,,,0,0.245070131613769
0,0,2017,2017-09-24,143,Dortmund II,05,Nordrhein-Westfalen,erststimme,203300,143834,141889,1945,0.707496310870635,spd,,0,,0.106237974754914,,,,0,,0,,0,,,,,0,0,,0.281438307409313,,0,,0,0,0,0,0,0,,0,0,,0,,0,0.0636483448329328,,,0.0107407903361078,,,0,0,0.0637611090359365,,,,,,,,0.0862787108232492,,0,,0,0,0,,0,,0,0,,0,,,,0,,,,,,,,0,0.387894762807547,,,,,0,0,0,0,0,0,,,,0,0.281438307409313
0,0,2017,2017-09-24,143,Dortmund II,05,Nordrhein-Westfalen,zweitstimme,203300,143834,142416,1418,0.707496310870635,spd,,0.00723233344568026,,0.108906302662622,,,,0,,0.00114453432198629,,0,,,,,0,0,,0.244509043927649,,0,,0.00142540164026514,0,0,0.000681103246826199,0.0107572182900798,0,,0.000400235928547354,0.000983035613975958,,0,,0,0.108154982586226,,,0.00370042691832378,,,0.00121475115155601,0,0.0715509493315358,,,,,,,,0.0907482305358948,,0,,0,0,0.000814515223008651,,0,,0.00322997416020672,0.000779406808223795,,0,,,,0.00586310526907089,,,,,,,,9.12818784406246e-05,0.326599539377598,,,,,0.00910712279519155,0,0,0.00106729580945961,0,0.00103920907763173,,,,0,0.244509043927649
0,0,2017,2017-09-24,144,Unna I,05,Nordrhein-Westfalen,erststimme,197873,150831,149385,1446,0.762261652676212,spd,,0,,0.0907587776550524,,,,0,,0,,0,,,,,0,0,,0.317649027680155,,0,,0,0,0,0,0,0,,0,0,,0,,0,0.0644977742075844,,,0.00629915988887773,,,0,0,0.0642634802691033,,,,,,,,0.0538742176255983,,0,,0,0,0.00107775211701309,,0,,0,0,,0,,,,0.0104762861063694,,,,,,,,0,0.388385714763865,,,,,0,0,0,0,0,0,,,,0.00271780968638083,0.317649027680155
0,0,2017,2017-09-24,144,Unna I,05,Nordrhein-Westfalen,zweitstimme,197873,150831,149580,1251,0.762261652676212,spd,,0.00479342158042519,,0.0982016312341222,,,,0,,0.000648482417435486,,0,,,,,0,0,,0.272075143735794,,0,,0.000815617061104426,0,0,0.000508089316753577,0.0076614520657842,0,,0.000127022329188394,0.000956010161786335,,0,,0,0.114961893301244,,,0.00375050140393101,,,0.00110977403396176,0,0.0685519454472523,,,,,,,,0.068946383206311,,0,,0,0,0.000588313945714668,,0,,0.00309533360074876,0.000768819360877123,,0,,,,0.0053750501403931,,,,,,,,0.000133707714935152,0.335639791415965,,,,,0.00919909078753844,0,0,0.000989437090520123,0,0.001103088648215,,,,0,0.272075143735794
0,0,2017,2017-09-24,145,Hamm – Unna II,05,Nordrhein-Westfalen,erststimme,235213,171524,169568,1956,0.729228401491414,spd,,0,,0.104459567842989,,,,0,,0,,0,,,,,0,0,,0.352071145499151,,0,,0,0,0,0,0,0,,0,0,,0,,0,0.0587964710322702,,,0.00730680317040951,,,0,0,0.0436933855444423,,,,,,,,0.0586726269107379,,0,,0,0,0,,0,,0,0,,0,,,,0.0110339214946216,,,,,,,,0,0.363966078505378,,,,,0,0,0,0,0,0,,,,0,0.352071145499151
0,0,2017,2017-09-24,145,Hamm – Unna II,05,Nordrhein-Westfalen,zweitstimme,235213,171524,169735,1789,0.729228401491414,spd,,0.00815388694140867,,0.112339823843049,,,,0,,0.000789465932188411,,0,,,,,0,0,,0.30326685715969,,0,,0.000830706689840045,0,0,0.000424190650131087,0.00689309806463016,0,,0.000223878398680296,0.000848381300262173,,0,,0,0.104150587680797,,,0.0035643797684626,,,0.00114295814063098,0,0.0526585559843285,,,,,,,,0.0697381211889121,,0,,0,0,0.000648069048811383,,0,,0.00322267063363478,0.000648069048811383,,0,,,,0.00556161074616314,,,,,,,,0.000100156125725395,0.315002798479984,,,,,0.00787109317465461,0,0,0.000901405131528559,0,0.00101923586767608,,,,0,0.30326685715969
0,0,2017,2017-09-24,146,Soest,05,Nordrhein-Westfalen,erststimme,232301,174364,172492,1872,0.750595133038601,cdu,,0,,0.0887635368596805,,,,0,,0,,0,,,,,0,0,,0.426657468172437,,0,,0,0,0,0,0,0,,0,0,,0,,0,0.0793138232497739,,,0,,,0,0,0.0548373257890221,,,,,,,,0.0565591447719315,,0,,0,0,0,,0,,0,0,,0,,,,0,,,,,,,,0,0.292523711244579,,,,,0,0,0,0,0,0,,,,0.00134498991257566,0.426657468172437
0,0,2017,2017-09-24,146,Soest,05,Nordrhein-Westfalen,zweitstimme,232301,174364,173074,1290,0.750595133038601,cdu,,0.00106312906617978,,0.0933993551891099,,,,0,,0.000970683060425021,,0,,,,,0,0,,0.3626425690745,,0,,0.00105735119082011,0,0,0.000450674278054474,0.00683522655049285,0,,0.000161780510070837,0.000970683060425021,,0,,0,0.134601384378936,,,0.00223603776419335,,,0.0010169060633024,0,0.0619561574817708,,,,,,,,0.0676126974588904,,0,,0,0,0.00023111501438691,,0,,0.00179114136149855,0.000860903428591239,,0,,,,0.00366317297803252,,,,,,,,6.35566289564002e-05,0.249511769532108,,,,,0.006973895559125,0,0,0.00101112818794273,0,0.000918682182187966,,,,0,0.3626425690745
0,0,2017,2017-09-24,147,Hochsauerlandkreis,05,Nordrhein-Westfalen,erststimme,202768,154014,152615,1399,0.75955772113943,cdu,,0,,0.0728303246731973,,,,0,,0,,0,,,,,0,0,,0.479540019002064,,0,,0,0,0,0,0,0,,0,0,,0,,0,0.0844805556465616,,,0.00948137470104511,,,0,0,0.0424335746813878,,,,,,,,0.042276316220555,,0,,0,0,0,,0,,0,0,,0,,,,0,,,,,,,,0,0.268957835075189,,,,,0,0,0,0,0,0,,,,0,0.479540019002064
0,0,2017,2017-09-24,147,Hochsauerlandkreis,05,Nordrhein-Westfalen,zweitstimme,202768,154014,152814,1200,0.75955772113943,cdu,,0.0017537660162027,,0.0799403196042248,,,,0,,0.000654390304553248,,0,,,,,0,0,,0.416525972751188,,0,,0.000641302498462183,0,0,0.000307563443140026,0.00592877615925243,0,,8.50707395919222e-05,0.000778724462418365,,0,,0,0.143435810855026,,,0.00550342246129281,,,0.00102084887510307,0,0.0471030141217428,,,,,,,,0.0535487586215923,,0,,0,0,0.000307563443140026,,0,,0.00212022458675252,0.000909602523329014,,0,,,,0.00346826861413221,,,,,,,,1.3087806091065e-05,0.22815317968249,,,,,0.0060858298323452,0,0,0.00079181226850943,0,0.000922690329420079,,,,0,0.416525972751188
0,0,2017,2017-09-24,148,Siegen-Wittgenstein,05,Nordrhein-Westfalen,erststimme,212912,162306,160701,1605,0.762314947020365,cdu,,0,,0.0978712017971263,,,,0,,0,,0,,,,,0,0,,0.40126694917891,,0,,0,0,0,0,0.0136277932309071,0,,0,0,,0,,0,0.0730673735695484,,,0,,,0,0,0.0428435417327832,,,,,,,,0.0594520258119116,,0,,0,0,0,,0,,0,0.00623518210838763,,0,,,,0,,,,,,,,0,0.302176091001301,,,,,0,0,0,0,0,0,,,,0.00345984156912527,0.40126694917891
0,0,2017,2017-09-24,148,Siegen-Wittgenstein,05,Nordrhein-Westfalen,zweitstimme,212912,162306,160959,1347,0.762314947020365,cdu,,0.00305667903006356,,0.106573723743314,,,,0,,0.000757956995259662,,0,,,,,0,0,,0.339515031778279,,0,,0.000813871855565703,0,0,0.000577786889829087,0.00895880317347896,0,,0.000205021154455482,0.000882212240384197,,0,,0,0.118819078150336,,,0.00254723252505296,,,0.000807659093309476,0,0.0550264353034003,,,,,,,,0.0784299107226064,,0,,0,0,0.000254723252505296,,0,,0.00255344528730919,0.00359097658409906,,0,,,,0.00351642343702434,,,,,,,,4.34893357935872e-05,0.264359246764704,,,,,0.00693344267794904,0,0,0.000875999478127971,0,0.000900850527152877,,,,0,0.339515031778279
0,0,2017,2017-09-24,149,Olpe – Märkischer Kreis I,05,Nordrhein-Westfalen,erststimme,206716,152542,150760,1782,0.737930300508911,cdu,,0,,0.0882594852746087,,,,0,,0,,0,,,,,0,0,,0.478628283364288,,0,,0,0,0,0,0,0,,0,0,,0,,0,0.0877553727779252,,,0,,,0,0,0.0342929158928098,,,,,,,,0.0477381268240913,,0,,0,0,0,,0,,0,0,,0,,,,0,,,,,,,,0,0.263325815866278,,,,,0,0,0,0,0,0,,,,0,0.478628283364288
0,0,2017,2017-09-24,149,Olpe – Märkischer Kreis I,05,Nordrhein-Westfalen,zweitstimme,206716,152542,151289,1253,0.737930300508911,cdu,,0.00318595535696581,,0.0915268129209658,,,,0,,0.000667596454467939,,0,,,,,0,0,,0.405806106194105,,0,,0.000846062833385111,0,0,0.000403201819035092,0.00547296895345993,0,,0.000178466378917172,0.000918771358129144,,0,,0,0.137207596057876,,,0.00245226024363966,,,0.000998089748758998,0,0.0453833391720482,,,,,,,,0.0542339495931628,,0,,0,0,0.000264394635432847,,0,,0.00275631407438743,0.00210854721757696,,0,,,,0.00417082537395316,,,,,,,,8.59282565156753e-05,0.233123359927027,,,,,0.00644461923867565,0,0,0.000839452967499289,0,0.000925381224014965,,,,0,0.405806106194105
0,0,2017,2017-09-24,150,Märkischer Kreis II,05,Nordrhein-Westfalen,erststimme,200546,145474,142093,3381,0.725389686156792,spd,,0,,0,,,,0,,0,,0,,,,,0,0,,0.378020029135848,,0,,0,0,0,0,0,0,,0,0,,0,,0,0.107119984798688,,,0,,,0,0,0.0376936231904457,,,,,,,,0.0782093417691231,,0,,0,0,0,,0,,0,0,,0,,,,0,,,,,,,,0,0.386296298902831,,,,,0,0,0,0,0,0,,,,0.0126607222030642,0.378020029135848
0,0,2017,2017-09-24,150,Märkischer Kreis II,05,Nordrhein-Westfalen,zweitstimme,200546,145474,144222,1252,0.725389686156792,spd,,0.00505470732620543,,0.11571050186518,,,,0,,0.000901388137732107,,0,,,,,0,0,,0.340176949425192,,0,,0.00095685817697716,0,0,0.000409091539432264,0.00645532581714302,0,,0.000104006323584474,0.000922189402449002,,0,,0,0.134015614816048,,,0.0029191108152709,,,0.00131047967716437,0,0.0489523096337591,,,,,,,,0.0653645074953891,,0,,0,0,0.000388290274715369,,0,,0.00244068172678232,0.000929123157354634,,0,,,,0.00418798796300148,,,,,,,,9.70725686788423e-05,0.257887146205156,,,,,0.00875039869090707,0,0,0.000769646794525107,0,0.00129661216735311,,,,0,0.340176949425192
0,0,2017,2017-09-24,151,Nordsachsen,14,Sachsen,erststimme,163916,118170,116438,1732,0.720918031186705,cdu,,0,,0.268331644308559,,,,0,,0,,0,,,,,0,0,,0.328131709579347,,0,,0,0,0,0,0,0,,0,0,,0,,0,0.0656229066112438,,,0,,,0,0,0.0263659630017692,,,,,,,,0.172005702605679,,0,,0,0,0,,0,,0,0,,0,,,,0,,,,,,,,0,0.139542073893403,,,,,0,0,0,0,0,0,,,,0,0.328131709579347
0,0,2017,2017-09-24,151,Nordsachsen,14,Sachsen,zweitstimme,163916,118170,116563,1607,0.720918031186705,cdu,,0,,0.268532896373635,,,,0,,0.00291687756835359,,0,,,,,0.000514743100297693,0,,0.294441632421952,,0,,0.00132975300910237,0,0,0,0.00764393503942074,0,,0,0,,0,,0,0.0788329058105917,,,0.0109211327779827,,,0,0,0.0259173150999888,,,,,,,,0.147328054356871,,0,,0,0,0.000849326115491194,,0,,0.0153479234405429,0.00143270162916191,,0,,,,0.0034058835136364,,,,,,,,0,0.12455925122037,,,,,0.0147044945651708,0,0,0.00132117395743075,0,0,,,,0,0.294441632421952
0,0,2017,2017-09-24,152,Leipzig I,14,Sachsen,erststimme,220654,161407,159781,1626,0.73149365069294,cdu,,0,,0.204667638830649,,,,0,,0,,0,,,,,0.00344221152702762,0,,0.274869978282775,,0,,0,0,0,0,0.0261169976405205,0,,0,0,,0,,0,0.0567902316295429,,,0.0117410705903706,,,0,0,0.0546685776156114,,,,,,,,0.194841689562589,,0,,0,0,0,,0,,0,0,,0,,,,0,,,,,,,,0.00209036118186768,0.164788053648431,,,,,0,0,0,0,0,0,,,,0.00598318949061528,0.274869978282775
0,0,2017,2017-09-24,152,Leipzig I,14,Sachsen,zweitstimme,220654,161407,159930,1477,0.73149365069294,cdu,,0,,0.208159819921216,,,,0,,0.0054773963609079,,0,,,,,0.00150690927280685,0,,0.235240417682736,,0,,0.00481460639029575,0,0,0,0.0200400175076596,0,,0,0,,0,,0,0.0848183580316388,,,0.00902269743012568,,,0,0,0.0706559119614832,,,,,,,,0.194691427499531,,0,,0,0,0.00154442568623773,,0,,0.00730944788344901,0.00206340273869818,,0,,,,0.00531482523604077,,,,,,,,0,0.129269055211655,,,,,0.017989120240105,0,0,0.00208216094541362,0,0,,,,0,0.235240417682736
0,0,2017,2017-09-24,153,Leipzig II,14,Sachsen,erststimme,227718,175198,173636,1562,0.769363862320941,linke_pds,,0,,0.149554239904167,,,,0,,0,,0,,,,,0.00218848625860997,0,,0.246365960975835,,0,,0,0,0,0,0.0298958741274851,0,,0,0,,0,,0,0.0578912207145984,,,0.0117141606579281,,,0,0,0.0994782188025525,,,,,,,,0.253104194982607,,0,,0,0,0.00234398396645857,,0,,0,0,,0,,,,0.00763090603331107,,,,,,,,0,0.136993480614619,,,,,0,0,0,0,0,0,,,,0.00283927296182819,0.246365960975835
0,0,2017,2017-09-24,153,Leipzig II,14,Sachsen,zweitstimme,227718,175198,173784,1414,0.769363862320941,linke_pds,,0,,0.159819085761635,,,,0,,0.00676126686001013,,0,,,,,0.00114509966395065,0,,0.21930097132072,,0,,0.00508677438659485,0,0,0,0.0241851954149979,0,,0,0,,0,,0,0.0855429728858813,,,0.00749205910785803,,,0,0,0.104463011554573,,,,,,,,0.224750264696405,,0,,0,0,0.00148460157436818,,0,,0.00390139483496755,0.00216360539520324,,0,,,,0.00556437876904663,,,,,,,,0,0.13076577820743,,,,,0.0147021590019795,0,0,0.00287138056437877,0,0,,,,0,0.21930097132072
0,0,2017,2017-09-24,154,Leipzig-Land,14,Sachsen,erststimme,215616,161321,159004,2317,0.748186590976551,cdu,,0,,0.286552539558753,,,,0,,0,,0,,,,,0,0,,0.340570048552238,,0,,0,0,0,0,0,0,,0,0,,0,,0,0.0631933787829237,,,0,,,0,0,0.0391122235918593,,,,,,,,0.15597720812055,,0,,0,0,0,,0,,0,0,,0,,,,0,,,,,,,,0,0.114594601393676,,,,,0,0,0,0,0,0,,,,0,0.340570048552238
0,0,2017,2017-09-24,154,Leipzig-Land,14,Sachsen,zweitstimme,215616,161321,159391,1930,0.748186590976551,cdu,,0,,0.268666361337842,,,,0,,0.00319967877734627,,0,,,,,0.000627387995558093,0,,0.300794900590372,,0,,0.00186334234680754,0,0,0,0.00857012001932355,0,,0,0,,0,,0,0.0806758223488152,,,0.00991273032981787,,,0,0,0.0323543989309309,,,,,,,,0.146608026802015,,0,,0,0,0.0010540118325376,,0,,0.0112490667603566,0.00157474386885081,,0,,,,0.00316830937756837,,,,,,,,0,0.113801908514282,,,,,0.014417376137925,0,0,0.00146181402965036,0,0,,,,0,0.300794900590372
0,0,2017,2017-09-24,155,Meißen,14,Sachsen,erststimme,201310,152988,150932,2056,0.759962247280314,cdu,,0,,0.309841518034612,,,,0,,0,,0,,,,,0.00836800678451223,0,,0.366562425463123,,0,,0,0,0,0,0,0,,0,0,,0,,0,0.0529443723001087,,,0,,,0,0,0.0334654016378237,,,,,,,,0.126692815307556,,0,,0,0,0,,0,,0.0127739644343148,0,,0,,,,0,,,,,,,,0,0.0893514960379509,,,,,0,0,0,0,0,0,,,,0,0.366562425463123
0,0,2017,2017-09-24,155,Meißen,14,Sachsen,zweitstimme,201310,152988,150913,2075,0.759962247280314,cdu,,0,,0.328765580168707,,,,0,,0.00398242696122932,,0,,,,,0.00206741632596264,0,,0.261117332502833,,0,,0.00218669034476818,0,0,0,0.00926361546056337,0,,0,0,,0,,0,0.0871760550780914,,,0.0105027399892653,,,0,0,0.0366502554451903,,,,,,,,0.133262210677675,,0,,0,0,0.000788533790992161,,0,,0.0151014160476566,0.00257764407307522,,0,,,,0.00383664760491144,,,,,,,,0,0.0871230444030667,,,,,0.0140412025471629,0,0,0.00155718857885007,0,0,,,,0,0.261117332502833
0,0,2017,2017-09-24,156,Bautzen I,14,Sachsen,erststimme,213990,161319,158876,2443,0.753862330015421,afd,,0,,0.332145824416526,,,,0,,0,,0,,,,,0.00399682771469574,0,,0.305766761499534,,0,,0,0,0,0,0,0,,0,0,,0,,0,0.0582026234295929,,,0.0224200005035374,,,0,0,0.0204373221883733,,,,,,,,0.15245222689393,,0,,0,0,0,,0,,0,0,,0,,,,0,,,,,,,,0,0.0996752184093255,,,,,0,0,0,0,0,0,,,,0.00490319494448501,0.305766761499534
0,0,2017,2017-09-24,156,Bautzen I,14,Sachsen,zweitstimme,213990,161319,158842,2477,0.753862330015421,afd,,0,,0.327627453696126,,,,0,,0.00351922035733622,,0,,,,,0.00146686644590222,0,,0.270677780435905,,0,,0.00196421601339696,0,0,0,0.00853678498130218,0,,0,0,,0,,0,0.0763148285717883,,,0.0161733042897974,,,0,0,0.0237216857002556,,,,,,,,0.142260862995933,,0,,0,0,0.000868787852079425,,0,,0.0149267825889878,0.00273857040329384,,0,,,,0.00378992961559285,,,,,,,,0,0.0905176212840433,,,,,0.0136676697598872,0,0,0.0012276350083731,0,0,,,,0,0.270677780435905
0,0,2017,2017-09-24,157,Görlitz,14,Sachsen,erststimme,213021,156089,153643,2446,0.732739964604429,afd,,0,,0.324349303254948,,,,0,,0,,0,,,,,0.0112077998997676,0,,0.314078740977461,,0,,0,0,0,0,0,0,,0,0,,0,,0,0.0498623432242276,,,0.0229167615836712,,,0,0,0.0325104300228452,,,,,,,,0.135723723176455,,0,,0,0,0,,0,,0,0,,0,,,,0,,,,,,,,0,0.109350897860625,,,,,0,0,0,0,0,0,,,,0,0.314078740977461
0,0,2017,2017-09-24,157,Görlitz,14,Sachsen,zweitstimme,213021,156089,153720,2369,0.732739964604429,afd,,0,,0.328851157949519,,,,0,,0.00428051001821494,,0,,,,,0.00235493104345563,0,,0.26671870934166,,0,,0.00188654696851418,0,0,0,0.00939370283632579,0,,0,0,,0,,0,0.0703226645849597,,,0.0160291438979964,,,0,0,0.0291178766588603,,,,,,,,0.140085870413739,,0,,0,0,0.000832682799895915,,0,,0.0152029664324746,0.00239396304970075,,0,,,,0.00335675253708041,,,,,,,,0,0.0926945094977882,,,,,0.0148646890450169,0,0,0.00161332292479833,0,0,,,,0,0.26671870934166
0,0,2017,2017-09-24,158,Sächsische Schweiz-Osterzgebirge,14,Sachsen,erststimme,202580,156342,153899,2443,0.771754368644486,afd,,0,,0.373972540432362,,,,0,,0,,0,,,,,0.0150683240306955,0,,0.288202002612103,,0,,0,0,0,0,0,0,,0,0,,0,,0,0.0645423297097447,,,0,,,0,0,0.0297272886763397,,,,,,,,0.146940525929343,,0,,0,0,0,,0,,0,0,,0,,,,0,,,,,,,,0,0.0721252249852176,,,,,0,0,0,0,0,0,,,,0.00942176362419509,0.288202002612103
0,0,2017,2017-09-24,158,Sächsische Schweiz-Osterzgebirge,14,Sachsen,zweitstimme,202580,156342,154375,1967,0.771754368644486,afd,,0,,0.354649392712551,,,,0,,0.00345263157894737,,0,,,,,0.00283076923076923,0,,0.256395141700405,,0,,0.00194331983805668,0,0,0,0.00827854251012146,0,,0,0,,0,,0,0.0828825910931174,,,0.0141603238866397,,,0,0,0.0300761133603239,,,,,,,,0.127663157894737,,0,,0,0,0.00077085020242915,,0,,0.0186234817813765,0.00295384615384615,,0,,,,0.00312874493927126,,,,,,,,0,0.0779919028340081,,,,,0.0127935222672065,0,0,0.00140566801619433,0,0,,,,0,0.256395141700405
0,0,2017,2017-09-24,159,Dresden I,14,Sachsen,erststimme,232636,182849,180647,2202,0.785987551367802,cdu,,0,,0.223529867642419,,,,0,,0,,0,,,,,0.00370335516227781,0,,0.245716784668442,,0,,0,0,0,0,0.0203712212214983,0,,0,0,,0,,0,0.0752295914130874,,,0,,,0,0,0.0651270156714476,,,,,,,,0.210000719635532,,0,,0,0,0,,0,,0.00548583701915891,0.00819830941006493,,0,,,,0.0103018594275023,,,,,,,,0,0.13233543872857,,,,,0,0,0,0,0,0,,,,0,0.245716784668442
0,0,2017,2017-09-24,159,Dresden I,14,Sachsen,zweitstimme,232636,182849,181118,1731,0.785987551367802,cdu,,0,,0.230855022692388,,,,0,,0.00447774379134045,,0,,,,,0.00176680396205788,0,,0.243509756070628,,0,,0.00386488366700162,0,0,0,0.0166852549166842,0,,0,0,,0,,0,0.102750692918429,,,0.00756965072494175,,,0,0,0.0769443125476209,,,,,,,,0.171181218873883,,0,,0,0,0.000855795669121788,,0,,0.00708930089775726,0.00553230490619375,,0,,,,0.00667520621914995,,,,,,,,0,0.106262215793019,,,,,0.0121633410262923,0,0,0.00181649532349076,0,0,,,,0,0.243509756070628
0,0,2017,2017-09-24,160,Dresden II – Bautzen II,14,Sachsen,erststimme,235464,186818,184693,2125,0.793403662555635,cdu,,0,,0.22308371188946,,,,0,,0,,0,,,,,0.00270178079299161,0,,0.255478009453526,,0,,0,0,0,0,0.0270557086624832,0,,0,0,,0,,0,0.0695370154797421,,,0.0149870325350717,,,0,0,0.0857585290184252,,,,,,,,0.17541000471052,,0,,0,0,0.0020141532164186,,0,,0.00628069282539132,0.0115922097751404,,0,,,,0.0146026108190348,,,,,,,,0,0.111498540821796,,,,,0,0,0,0,0,0,,,,0,0.255478009453526
0,0,2017,2017-09-24,160,Dresden II – Bautzen II,14,Sachsen,zweitstimme,235464,186818,185164,1654,0.793403662555635,cdu,,0,,0.232907044565898,,,,0,,0.0056220431617377,,0,,,,,0.00118273530491888,0,,0.231103238210451,,0,,0.00409366831565531,0,0,0,0.0207923786481173,0,,0,0,,0,,0,0.0955045257177421,,,0.01040699055972,,,0,0,0.089585448575317,,,,,,,,0.173035795294982,,0,,0,0,0.00137715754682336,,0,,0.00740964766369273,0.00594067961374781,,0,,,,0.00810632736385042,,,,,,,,0,0.0970869067421313,,,,,0.01366356311162,0,0,0.00218184960359465,0,0,,,,0,0.231103238210451
0,0,2017,2017-09-24,161,Mittelsachsen,14,Sachsen,erststimme,201629,150648,148674,1974,0.747154427190533,cdu,,0,,0.314964284272973,,,,0,,0,,0,,,,,0.0119186945935402,0,,0.324401038513795,,0,,0,0,0,0,0,0,,0,0,,0,,0,0.0581944388393398,,,0,,,0,0,0.0311150571048065,,,,,,,,0.139802520951881,,0,,0,0,0,,0,,0,0,,0,,,,0,,,,,,,,0,0.119603965723664,,,,,0,0,0,0,0,0,,,,0,0.324401038513795
0,0,2017,2017-09-24,161,Mittelsachsen,14,Sachsen,zweitstimme,201629,150648,148889,1759,0.747154427190533,cdu,,0,,0.312460960850029,,,,0,,0.00232387886277697,,0,,,,,0.00257910255290854,0,,0.276642330863932,,0,,0.00169925246324443,0,0,0,0.00968506739920343,0,,0,0,,0,,0,0.0790320305731115,,,0.0104037235793108,,,0,0,0.0276178898373956,,,,,,,,0.144953623168938,,0,,0,0,0.0010343275863227,,0,,0.0132111841707581,0.00235074451436977,,0,,,,0.00437238479672776,,,,,,,,0,0.0973006736562137,,,,,0.0131641692804707,0,0,0.00116865584428668,0,0,,,,0,0.276642330863932
0,0,2017,2017-09-24,162,Chemnitz,14,Sachsen,erststimme,195929,147218,145553,1665,0.75138443007416,cdu,,0,,0.240173682438699,,,,0,,0,,0,,,,,0.0054207058597212,0,,0.265559624329282,,0,,0,0,0,0,0.0235790399373424,0,,0,0,,0,,0,0.0655087837420046,,,0,,,0,0,0.0423007426847952,,,,,,,,0.193833174170234,,0,,0,0,0,,0,,0,0,,0,,,,0.00963910053382617,,,,,,,,0,0.153985146304095,,,,,0,0,0,0,0,0,,,,0,0.265559624329282
0,0,2017,2017-09-24,162,Chemnitz,14,Sachsen,zweitstimme,195929,147218,145871,1347,0.75138443007416,cdu,,0,,0.24306407716407,,,,0,,0.00327686791754358,,0,,,,,0.00174811991417074,0,,0.248644350144991,,0,,0.00279013649046075,0,0,0,0.0188248520953445,0,,0,0,,0,,0,0.0835258550362992,,,0.00732153752287981,,,0,0,0.0467399277443769,,,,,,,,0.192018975670284,,0,,0,0,0.00106943806513975,,0,,0.00787682267208698,0.00211145464142976,,0,,,,0.00599159531366756,,,,,,,,0,0.119098381446621,,,,,0.0139986700577908,0,0,0.00189893810284429,0,0,,,,0,0.248644350144991
0,0,2017,2017-09-24,163,Chemnitzer Umland – Erzgebirgskreis II,14,Sachsen,erststimme,183483,138891,136670,2221,0.756969310508331,cdu,,0,,0.2662471647033,,,,0,,0,,0,,,,,0,0,,0.351298748811005,,0,,0,0,0,0,0,0,,0,0,,0,,0,0.0756932757737616,,,0,,,0,0,0.0337235677178605,,,,,,,,0.169561718006878,,0,,0,0,0,,0,,0,0,,0,,,,0,,,,,,,,0,0.103475524987195,,,,,0,0,0,0,0,0,,,,0,0.351298748811005
0,0,2017,2017-09-24,163,Chemnitzer Umland – Erzgebirgskreis II,14,Sachsen,zweitstimme,183483,138891,137183,1708,0.756969310508331,cdu,,0,,0.267861178134317,,,,0,,0.00254404700290852,,0,,,,,0.000626899834527602,0,,0.305774039057318,,0,,0.00193172623430017,0,0,0,0.0107229029836058,0,,0,0,,0,,0,0.0768462564603486,,,0.0133981615797876,,,0,0,0.0280647018945496,,,,,,,,0.152876085229219,,0,,0,0,0.000750821894841198,,0,,0.0122901525699248,0.00210667502533113,,0,,,,0.00373953040828674,,,,,,,,0,0.105873176705568,,,,,0.0133398453161106,0,0,0.0012537996690552,0,0,,,,0,0.305774039057318
0,0,2017,2017-09-24,164,Erzgebirgskreis I,14,Sachsen,erststimme,220917,166701,163552,3149,0.754586564184739,cdu,,0,,0.302442036783408,,,,0,,0,,0,,,,,0,0,,0.346776560360008,,0,,0,0,0,0,0,0,,0,0,,0,,0,0.0722705928389748,,,0,,,0,0,0.0264992173742907,,,,,,,,0.151682645274897,,0,,0,0,0,,0,,0,0,,0,,,,0,,,,,,,,0,0.089922471140677,,,,,0,0,0,0,0,0,,,,0.0104064762277441,0.346776560360008
0,0,2017,2017-09-24,164,Erzgebirgskreis I,14,Sachsen,zweitstimme,220917,166701,163971,2730,0.754586564184739,cdu,,0,,0.292441956199572,,,,0,,0.00300662922102079,,0,,,,,0.000597666660568027,0,,0.30956083697727,,0,,0.0016405339968653,0,0,0,0.00868446249641705,0,,0,0,,0,,0,0.073830128498332,,,0.0142891120990907,,,0,0,0.0223271188197913,,,,,,,,0.140817583597099,,0,,0,0,0.000737935366619707,,0,,0.0166309896262144,0.00230528569076239,,0,,,,0.00323837751797574,,,,,,,,0,0.0942361759091547,,,,,0.0143561971324198,0,0,0.00129901019082643,0,0,,,,0,0.30956083697727
0,0,2017,2017-09-24,165,Zwickau,14,Sachsen,erststimme,207606,150950,143380,7570,0.727098446095007,cdu,,0,,0,,,,0,,0,,0,,,,,0,0,,0.337194866787558,,0,,0,0,0,0,0,0,,0,0,,0,,0,0.133777374808202,,,0,,,0,0,0.0454247454317199,,,,,,,,0.257225554470637,,0,,0,0,0,,0,,0,0,,0,,,,0,,,,,,,,0,0.127067931371181,,,,,0,0,0,0,0,0,,,,0.0993095271307016,0.337194866787558
0,0,2017,2017-09-24,165,Zwickau,14,Sachsen,zweitstimme,207606,150950,148829,2121,0.727098446095007,cdu,,0,,0.261803815116678,,,,0,,0.00219043331608759,,0,,,,,0.000705507663157046,0,,0.303072653851064,,0,,0.00154539773834401,0,0,0,0.00946052180690591,0,,0,0,,0,,0,0.0756102641286308,,,0.0112478078869038,,,0,0,0.0290736348426718,,,,,,,,0.165727109635891,,0,,0,0,0.00135726236150213,,0,,0.00874829502314737,0.00200901705984721,,0,,,,0.0031109528384925,,,,,,,,0,0.108386134422727,,,,,0.0145267387404337,0,0,0.00142445356751708,0,0,,,,0,0.303072653851064
0,0,2017,2017-09-24,166,Vogtlandkreis,14,Sachsen,erststimme,193081,142775,140355,2420,0.739456497532124,cdu,,0,,0.259541875957394,,,,0,,0,,0,,,,,0,0,,0.349855722988137,,0,,0,0,0,0,0,0,,0,0,,0,,0,0.0558298599978626,,,0,,,0,0,0.0377043924334723,,,,,,,,0.155384560578533,,0,,0,0,0,,0,,0,0,,0,,,,0,,,,,,,,0,0.110704998040683,,,,,0,0,0,0,0,0,,,,0.0309785900039186,0.349855722988137
0,0,2017,2017-09-24,166,Vogtlandkreis,14,Sachsen,zweitstimme,193081,142775,140861,1914,0.739456497532124,cdu,,0,,0.264210817756512,,,,0,,0.00252021496368761,,0,,,,,0.000560836569384003,0,,0.302454192430836,,0,,0.00181029525560659,0,0,0,0.0106132996358112,0,,0,0,,0,,0,0.0720852471585464,,,0.0092218570079724,,,0,0,0.0302851747467361,,,,,,,,0.160285671690532,,0,,0,0,0.00102228437963666,,0,,0.0102015462051242,0.00220785029213196,,0,,,,0.00294616678853622,,,,,,,,0,0.113892418767437,,,,,0.0145249572273376,0,0,0.00115716912417206,0,0,,,,0,0.302454192430836
0,0,2017,2017-09-24,167,Waldeck,06,Hessen,erststimme,186825,142852,140638,2214,0.764630001338151,spd,,0,,0.109771185597065,,,,0,,0,,0,,,,,0,0,,0.336104040159843,,0,,0,0,0,0,0,0,,0,0,,0,,0,0.070606806126367,,,0.0135809667372972,,,0,0,0.0573244784482146,,,,,,,,0.0611499025867831,,0,,0,0,0,,0,,0,0,,0,,,,0,,,,,,,,0,0.350836900410984,,,,,0,0,0,0,0,0,,,,0.000625719933446153,0.336104040159843
0,0,2017,2017-09-24,167,Waldeck,06,Hessen,zweitstimme,186825,142852,140733,2119,0.764630001338151,spd,,0,,0.116610887283011,,,,0,,0.00144244775567919,,0,,,,,0.000120796117470671,0,,0.300085978413023,,0,,0,0,0,0,0.00639508857197672,0,,0.000120796117470671,0.00124348944455103,,0,,0,0.0988964919386356,,,0.00900996923251832,,,0,0,0.0686406173392168,,,,,,,,0.0702820234060242,,0,,0,0,0.000319754428598836,,0,,0.00314069905423746,0.000902418054045604,,0,,,,0.00353151002252492,,,,,,,,0,0.308712242331223,,,,,0.00944341412461896,0,0,0.00110137636517377,0,0,,,,0,0.300085978413023
0,0,2017,2017-09-24,168,Kassel,06,Hessen,erststimme,222451,167855,165278,2577,0.754570669495754,spd,,0,,0.099837848957514,,,,0,,0,,0,,,,,0,0,,0.268789554568666,,0,,0,0,0,0,0.0131898982320696,0,,0,0,,0,,0,0.0590459710306272,,,0.00793209017534094,,,0,0,0.0935756725032975,,,,,,,,0.0875615629424364,,0,,0,0,0.00189377896634761,,0,,0,0,,0,,,,0.00739360350439865,,,,,,,,0,0.35551616065054,,,,,0,0,0,0,0,0,,,,0.00526385846876172,0.268789554568666
0,0,2017,2017-09-24,168,Kassel,06,Hessen,zweitstimme,222451,167855,165403,2452,0.754570669495754,spd,,0,,0.104520474235655,,,,0,,0.00295036970308882,,0,,,,,0.000175329347109786,0,,0.25232915968876,,0,,0,0,0,0,0.00960683905370519,0,,0.000356704533775083,0.00217650223998356,,0,,0,0.0909657019522016,,,0.00606397707417641,,,0,0,0.11447797198358,,,,,,,,0.112918145378258,,0,,0,0,0.00111243447821382,,0,,0.00252111509464762,0.00135426806043421,,0,,,,0.00480039660707484,,,,,,,,0,0.282757870171641,,,,,0.0096128848932607,0,0,0.00129985550443462,0,0,,,,0,0.25232915968876
0,0,2017,2017-09-24,169,Werra-Meißner – Hersfeld-Rotenburg,06,Hessen,erststimme,175992,133726,131232,2494,0.759841356425292,spd,,0,,0.125053340648622,,,,0,,0,,0,,,,,0,0,,0.299484881736162,,0,,0,0,0,0,0,0,,0,0,,0,,0,0.0502468910021946,,,0.018097720068276,,,0,0,0.0398988051694709,,,,,,,,0.0554818946598391,,0,,0,0,0,,0,,0,0,,0,,,,0,,,,,,,,0,0.411736466715435,,,,,0,0,0,0,0,0,,,,0,0.299484881736162
0,0,2017,2017-09-24,169,Werra-Meißner – Hersfeld-Rotenburg,06,Hessen,zweitstimme,175992,133726,131067,2659,0.759841356425292,spd,,0,,0.131024590476626,,,,0,,0.00154119648729276,,0,,,,,0.000206001510677745,0,,0.293979415108303,,0,,0,0,0,0,0.00651575148588127,0,,0.000251779624161688,0.00160223397193802,,0,,0,0.0846589912029725,,,0.00937688357862772,,,0,0,0.0598396240090946,,,,,,,,0.0667292300884281,,0,,0,0,0.000267038995323003,,0,,0.00463884883303959,0.00103000755338873,,0,,,,0.00328076479968261,,,,,,,,0,0.326069872660548,,,,,0.0078662058336576,0,0,0.00112156378035661,0,0,,,,0,0.293979415108303
0,0,2017,2017-09-24,170,Schwalm-Eder,06,Hessen,erststimme,188074,145743,143087,2656,0.774923700245648,spd,,0,,0.120192610090365,,,,0,,0,,0,,,,,0,0,,0.304108689119207,,0,,0,0,0,0,0,0,,0,0,,0,,0,0.0649814448552279,,,0.0232725544598741,,,0,0,0.0559310070097214,,,,,,,,0.05487570499067,,0,,0,0,0,,0,,0,0,,0,,,,0,,,,,,,,0,0.376637989474935,,,,,0,0,0,0,0,0,,,,0,0.304108689119207
0,0,2017,2017-09-24,170,Schwalm-Eder,06,Hessen,zweitstimme,188074,145743,143052,2691,0.774923700245648,spd,,0,,0.129351564466068,,,,0,,0.00125828370103179,,0,,,,,0.000139809300114644,0,,0.292166484914577,,0,,0,0,0,0,0.00653608478035959,0,,0.000230685345189162,0.00120935044599167,,0,,0,0.0917009199451947,,,0.0137572351312809,,,0,0,0.0659620277940889,,,,,,,,0.0648016106031373,,0,,0,0,0.000181752090149037,,0,,0.00455778318373738,0.000894779520733719,,0,,,,0.003628051337975,,,,,,,,0,0.313501384112071,,,,,0.00899672846237732,0,0,0.00112546486592288,0,0,,,,0,0.292166484914577
0,0,2017,2017-09-24,171,Marburg,06,Hessen,erststimme,183296,142365,140566,1799,0.776694526885475,spd,,0,,0.102286470412475,,,,0,,0,,0,,,,,0,0,,0.333565727131739,,0,,0,0,0,0,0,0,,0,0,,0,,0,0.0429975954355961,,,0.0142637622184597,,,0,0,0.0639486077714383,,,,,,,,0.082217605964458,,0,,0,0,0,,0,,0,0,,0,,,,0,,,,,,,,0,0.357227209993882,,,,,0,0,0,0,0,0,,,,0.00349302107195197,0.333565727131739
0,0,2017,2017-09-24,171,Marburg,06,Hessen,zweitstimme,183296,142365,140786,1579,0.776694526885475,spd,,0,,0.114535536203884,,,,0,,0.00210958475984828,,0,,,,,0.000234398306649809,0,,0.301002940633302,,0,,0,0,0,0,0.00920546077024704,0,,0.000454590655320842,0.00127853621808987,,0,,0,0.0865924168596309,,,0.00674783003991874,,,0,0,0.0929637890131121,,,,,,,,0.102424957026977,,0,,0,0,0.000319634054522467,,0,,0.00253576349921157,0.0022161294446891,,0,,,,0.00374326992740756,,,,,,,,0,0.264245024363218,,,,,0.0081542198798176,0,0,0.00123591834415354,0,0,,,,0,0.301002940633302
0,0,2017,2017-09-24,172,Lahn-Dill,06,Hessen,erststimme,208744,155002,152554,2448,0.742545893534665,cdu,,0,,0.117165069418042,,,,0,,0,,0,,,,,0,0,,0.382926701364763,,0,,0,0,0,0,0.013267433171205,0,,0,0,,0,,0,0.0628629862212725,,,0.0117269950312676,,,0,0,0.0583989931434115,,,,,,,,0.0466457778884854,,0,,0,0,0,,0,,0.00506705822200663,0,,0,,,,0,,,,,,,,0,0.297435662126198,,,,,0,0,0,0,0,0,,,,0.00450332341334872,0.382926701364763
0,0,2017,2017-09-24,172,Lahn-Dill,06,Hessen,zweitstimme,208744,155002,152801,2201,0.742545893534665,cdu,,0,,0.136982087813561,,,,0,,0.00153140359029064,,0,,,,,0.000202878253414572,0,,0.334585506639354,,0,,0,0,0,0,0.00935203303643301,0,,0.000346856368741042,0.00261123945523917,,0,,0,0.0969954385115281,,,0.0102355351077545,,,0,0,0.0704707429925197,,,,,,,,0.0668189344310574,,0,,0,0,0.000261778391502673,,0,,0.00587038042944745,0.00236254998331163,,0,,,,0.00349474152656069,,,,,,,,0,0.247341313211301,,,,,0.00940438871473354,0,0,0.00113219154324906,0,0,,,,0,0.334585506639354
0,0,2017,2017-09-24,173,Gießen,06,Hessen,erststimme,217806,166621,164158,2463,0.764997291167369,cdu,,0,,0.115242632098344,,,,0,,0,,0,,,,,0,0,,0.350942384775643,,0,,0,0,0,0,0,0,,0.00142545596315745,0,,0,,0,0.0770050804712533,,,0.0194324979592831,,,0,0,0.0829627553941934,,,,,,,,0.0630246469864399,,0,,0,0,0.00246713532084943,,0,,0.00367329036659803,0,,0,,,,0,,,,,,,,0,0.281533644415746,,,,,0,0,0,0,0,0,,,,0.00229047624849231,0.350942384775643
0,0,2017,2017-09-24,173,Gießen,06,Hessen,zweitstimme,217806,166621,164313,2308,0.764997291167369,cdu,,0,,0.123897683080462,,,,0,,0.00164929129162026,,0,,,,,0.000267781611923585,0,,0.301363860437093,,0,,0,0,0,0,0.0119710552421294,0,,0.000724227541338786,0.00154583021428615,,0,,0,0.103010717350423,,,0.0132065022244132,,,0,0,0.0967543651445716,,,,,,,,0.083973879120946,,0,,0,0,0.000663368084083426,,0,,0.00457054523987755,0.00233700315860583,,0,,,,0.00398020850450056,,,,,,,,0,0.23888554161874,,,,,0.00956710668054262,0,0,0.00163103345444365,0,0,,,,0,0.301363860437093
0,0,2017,2017-09-24,174,Fulda,06,Hessen,erststimme,209966,161981,159299,2682,0.77146299877123,cdu,,0,,0.17570731768561,,,,0,,0,,0,,,,,0,0,,0.451641253240761,,0,,0,0,0,0,0,0,,0,0,,0,,0,0.0529632954381384,,,0.0104018229869616,,,0,0,0.0557065643852127,,,,,,,,0.0481421728949962,,0,,0,0,0,,0,,0.00361584190735661,0,,0,,,,0,,,,,,,,0,0.201821731460963,,,,,0,0,0,0,0,0,,,,0,0.451641253240761
0,0,2017,2017-09-24,174,Fulda,06,Hessen,zweitstimme,209966,161981,158682,3299,0.77146299877123,cdu,,0,,0.158461577242535,,,,0,,0.00174562962402793,,0,,,,,0.000157547800002521,0,,0.389527482638232,,0,,0,0,0,0,0.00749297336811989,0,,0.000189057360003025,0.00185906404002975,,0,,0,0.107901337265726,,,0.00742365233611878,,,0,0,0.0667561538170681,,,,,,,,0.0583935165929343,,0,,0,0,0.00022686883200363,,0,,0.00417816765606685,0.00218046155203489,,0,,,,0.00269091642404306,,,,,,,,0,0.181148460442898,,,,,0.0083059200161329,0,0,0.00136121299202178,0,0,,,,0,0.389527482638232
0,0,2017,2017-09-24,175,Main-Kinzig – Wetterau II – Schotten,06,Hessen,erststimme,179307,138193,135869,2324,0.770706107402388,cdu,,0,,0.148466537620797,,,,0,,0,,0,,,,,0,0,,0.364166954934533,,0,,0,0,0,0,0,0,,0,0,,0,,0,0.0612796149231981,,,0.0210864877197889,,,0,0,0.0540667849178253,,,,,,,,0.0589317651561431,,0,,0,0,0,,0,,0.00892035710868557,0,,0,,,,0,,,,,,,,0,0.28308149761903,,,,,0,0,0,0,0,0,,,,0,0.364166954934533
0,0,2017,2017-09-24,175,Main-Kinzig – Wetterau II – Schotten,06,Hessen,zweitstimme,179307,138193,136026,2167,0.770706107402388,cdu,,0,,0.153845588343405,,,,0,,0.00152911943304956,,0,,,,,0.000308764500904239,0,,0.317196712393219,,0,,0,0,0,0,0.00839545381030097,0,,0.000161733786187935,0.00163204093335098,,0,,0,0.10398012144737,,,0.0116889418199462,,,0,0,0.0706776645641274,,,,,,,,0.0657080264067164,,0,,0,0,0.000272006822225163,,0,,0.0091820681340332,0.00183053239821799,,0,,,,0.00403599311896255,,,,,,,,0,0.235756399511858,,,,,0.0122623616073398,0,0,0.00153647096878538,0,0,,,,0,0.317196712393219
0,0,2017,2017-09-24,176,Hochtaunus,06,Hessen,erststimme,181516,146315,144260,2055,0.806072191983076,cdu,,0,,0.104498821572161,,,,0,,0,,0,,,,,0,0,,0.399133508942188,,0,,0,0,0,0,0,0,,0,0,,0,,0,0.103660058228199,,,0.013940108138084,,,0,0,0.0893109663108277,,,,,,,,0.0593095799251352,,0,,0,0,0,,0,,0,0,,0,,,,0,,,,,,,,0,0.230146956883405,,,,,0,0,0,0,0,0,,,,0,0.399133508942188
0,0,2017,2017-09-24,176,Hochtaunus,06,Hessen,zweitstimme,181516,146315,144609,1706,0.806072191983076,cdu,,0,,0.111555988908021,,,,0,,0.00164581734193584,,0,,,,,0.000179795171808117,0,,0.334944574680691,,0,,0,0,0,0,0.00746149963003686,0,,0.000165964773976723,0.00139687018097076,,0,,0,0.150149714056525,,,0.00753756681810952,,,0,0,0.0973245095395169,,,,,,,,0.0661231320318929,,0,,0,0,0.000214371166386601,,0,,0.00268309717929036,0.0015075133636219,,0,,,,0.00329163468387168,,,,,,,,0,0.200174263012676,,,,,0.0121085133013851,0,0,0.00153517415928469,0,0,,,,0,0.334944574680691
0,0,2017,2017-09-24,177,Wetterau I,06,Hessen,erststimme,176435,138853,136921,1932,0.786992376795987,cdu,,0,,0.109457278284558,,,,0,,0,,0,,,,,0,0,,0.36437799899212,,0,,0,0,0,0,0,0,,0,0,,0,,0,0.0806815609000811,,,0.0176525149538785,,,0,0,0.0830259784839433,,,,,,,,0.0490720926665742,,0,,0,0,0,,0,,0.0052512032485886,0,,0,,,,0,,,,,,,,0,0.290481372470257,,,,,0,0,0,0,0,0,,,,0,0.36437799899212
0,0,2017,2017-09-24,177,Wetterau I,06,Hessen,zweitstimme,176435,138853,137220,1633,0.786992376795987,cdu,,0,,0.115835883981927,,,,0,,0.00169800320652966,,0,,,,,0.000196764320069961,0,,0.320295875236846,,0,,0,0,0,0,0.00873779332458825,0,,0.000167614050429966,0.00181460428508964,,0,,0,0.127255502113395,,,0.00946655006558811,,,0,0,0.0947529514648011,,,,,,,,0.0674027109750765,,0,,0,0,0.000174901617839965,,0,,0.00591021716950882,0.00166885293688967,,0,,,,0.00396443667103921,,,,,,,,0,0.227022299956275,,,,,0.0118933100131176,0,0,0.00174172861098965,0,0,,,,0,0.320295875236846
0,0,2017,2017-09-24,178,Rheingau-Taunus – Limburg,06,Hessen,erststimme,220342,173627,171338,2289,0.787988672155104,cdu,,0,,0.101781274439996,,,,0,,0,,0,,,,,0,0,,0.417624811775555,,0,,0,0,0,0,0,0,,0,0,,0,,0,0.0761827498861899,,,0.0259720552358496,,,0,0,0.0701537312213286,,,,,,,,0.0548273004237239,,0,,0,0,0,,0,,0,0,,0,,,,0,,,,,,,,0,0.253458077017358,,,,,0,0,0,0,0,0,,,,0,0.417624811775555
0,0,2017,2017-09-24,178,Rheingau-Taunus – Limburg,06,Hessen,zweitstimme,220342,173627,171625,2002,0.787988672155104,cdu,,0,,0.118857975236708,,,,0,,0.00185287691187181,,0,,,,,0.000174799708667152,0,,0.345788783685361,,0,,0,0,0,0,0.00843117261471231,0,,0.000186453022578296,0.00154406409322651,,0,,0,0.1319737800437,,,0.0104530225782957,,,0,0,0.0889905316824472,,,,,,,,0.0644952658412236,,0,,0,0,0.00023306627822287,,0,,0.00258120903131828,0.00138674435542607,,0,,,,0.00323962126729789,,,,,,,,0,0.207452294246176,,,,,0.0106453022578296,0,0,0.00171303714493809,0,0,,,,0,0.345788783685361
0,0,2017,2017-09-24,179,Wiesbaden,06,Hessen,erststimme,189372,139775,137965,1810,0.738097501214541,cdu,,0,,0.104497517486319,,,,0,,0,,0,,,,,0,0,,0.342905809444424,,0,,0,0,0,0,0.01422824629435,0,,0,0,,0,,0,0.070256949226253,,,0.0106331315913456,,,0,0,0.0893052585800747,,,,,,,,0.0765266553111296,,0,,0,0,0,,0,,0,0,,0,,,,0.006095748921828,,,,,,,,0,0.285550683144276,,,,,0,0,0,0,0,0,,,,0,0.342905809444424
0,0,2017,2017-09-24,179,Wiesbaden,06,Hessen,zweitstimme,189372,139775,138229,1546,0.738097501214541,cdu,,0,,0.112103827706198,,,,0,,0.00246692083426777,,0,,,,,0.000390656085191964,0,,0.289534034102829,,0,,0,0,0,0,0.00983874584927909,0,,0.000188093670647983,0.00197498354180382,,0,,0,0.133112443843188,,,0.00682201274696337,,,0,0,0.117818981545117,,,,,,,,0.0952043348356712,,0,,0,0,0.00054257789609995,,0,,0.00160603057245585,0.0021486084685558,,0,,,,0.00418146698594362,,,,,,,,0,0.211583676363137,,,,,0.0086523088498072,0,0,0.00183029610284383,0,0,,,,0,0.289534034102829
0,0,2017,2017-09-24,180,Hanau,06,Hessen,erststimme,177469,134190,132059,2131,0.75613205686627,cdu,,0,,0.128026109541947,,,,0,,0,,0,,,,,0,0,,0.353296632565747,,0,,0,0,0,0,0.0144253704783468,0,,0,0,,0,,0,0.0637442355310884,,,0.0127140141906269,,,0,0,0.0609878917756457,,,,,,,,0.0584208573440659,,0,,0,0,0,,0,,0.00408908139543689,0,,0,,,,0,,,,,,,,0,0.304295807177095,,,,,0,0,0,0,0,0,,,,0,0.353296632565747
0,0,2017,2017-09-24,180,Hanau,06,Hessen,zweitstimme,177469,134190,132323,1867,0.75613205686627,cdu,,0,,0.140761621184526,,,,0,,0.00174572825585877,,0,,,,,0.000241832485660089,0,,0.295685557310521,,0,,0,0,0,0,0.00934833702379783,0,,0.000544123092735201,0.00389199156609206,,0,,0,0.114757071710889,,,0.00773863954112286,,,0,0,0.0857371734316785,,,,,,,,0.0756179953598392,,0,,0,0,0.000438321380258912,,0,,0.00480642065249428,0.00181374364245067,,0,,,,0.00429252662046659,,,,,,,,0,0.235408810259743,,,,,0.0151749884751706,0,0,0.00199511800669574,0,0,,,,0,0.295685557310521
0,0,2017,2017-09-24,181,Main-Taunus,06,Hessen,erststimme,197291,160647,158525,2122,0.814264208706936,cdu,,0,,0.0966346002207854,,,,0,,0,,0,,,,,0,0,,0.419429112127425,,0,,0,0,0,0,0,0,,0,0,,0,,0,0.108651632234663,,,0.0165273616148872,,,0,0,0.0912032802397098,,,,,,,,0.0497524049834411,,0,,0,0,0,,0,,0,0,,0,,,,0,,,,,,,,0,0.217801608579089,,,,,0,0,0,0,0,0,,,,0,0.419429112127425
0,0,2017,2017-09-24,181,Main-Taunus,06,Hessen,zweitstimme,197291,160647,158859,1788,0.814264208706936,cdu,,0,,0.103204728721697,,,,0,,0.0013596963344853,,0,,,,,0.00016366715137323,0,,0.345602074795888,,0,,0,0,0,0,0.00738390648310766,0,,0.000151077370498366,0.00139746567710989,,0,,0,0.167261533813004,,,0.00813929333559949,,,0,0,0.10545200460786,,,,,,,,0.0598266387173531,,0,,0,0,0.000207731384435254,,0,,0.00212137807741456,0.00214026274872686,,0,,,,0.00353143353539932,,,,,,,,0,0.181204716131916,,,,,0.0094423356561479,0,0,0.00141005545798475,0,0,,,,0,0.345602074795888
0,0,2017,2017-09-24,182,Frankfurt am Main I,06,Hessen,erststimme,199775,144841,143049,1792,0.725020648229258,cdu,,0,,0.0901229648581954,,,,0,,0,,0,,,,,0,0,,0.305231074666723,,0,,0,0,0,0,0.0174275947402638,0,,0,0,,0,,0,0.0921712140595181,,,0.0091367293724528,,,0,0,0.109025578647876,,,,,,,,0.0974071821543667,,0,,0,0,0.00146103782619941,,0,,0,0,,0,,,,0.00677390264874274,,,,,,,,0.000678089326035135,0.270564631699627,,,,,0,0,0,0,0,0,,,,0,0.305231074666723
0,0,2017,2017-09-24,182,Frankfurt am Main I,06,Hessen,zweitstimme,199775,144841,143227,1614,0.725020648229258,cdu,,0,,0.0931528273300425,,,,0,,0.00231101677756289,,0,,,,,0.000216439637777793,0,,0.259874185733137,,0,,0,0,0,0,0.0122532762677428,0,,0.000370041961362034,0.00226912523476719,,0,,0,0.139561674823881,,,0.00506189475448065,,,0,0,0.135972965991049,,,,,,,,0.119942468947894,,0,,0,0,0.00093557778910401,,0,,0.00219930599677435,0.00185719173060945,,0,,,,0.00483149126910429,,,,,,,,0,0.207663359562094,,,,,0.00976771139519783,0,0,0.00175944479741948,0,0,,,,0,0.259874185733137
0,0,2017,2017-09-24,183,Frankfurt am Main II,06,Hessen,erststimme,223942,172393,170569,1824,0.769810933188058,cdu,,0,,0.0764089605965914,,,,0,,0,,0,,,,,0,0,,0.323745815476435,,0,,0,0,0,0,0.0188838534552,0,,0,0,,0,,0,0.0813571047493976,,,0.00601516101988052,,,0,0,0.134995221875018,,,,,,,,0.0910071583933775,,0,,0,0,0.0010318404868411,,0,,0,0,,0,,,,0.0071877070276545,,,,,,,,0,0.259367176919604,,,,,0,0,0,0,0,0,,,,0,0.323745815476435
0,0,2017,2017-09-24,183,Frankfurt am Main II,06,Hessen,zweitstimme,223942,172393,170773,1620,0.769810933188058,cdu,,0,,0.080440116411845,,,,0,,0.00254724107440872,,0,,,,,0.000175671798235084,0,,0.267788233502954,,0,,0,0,0,0,0.0120920754451816,0,,0.000532871121313088,0.00146393165195903,,0,,0,0.1425049627283,,,0.00430981478336739,,,0,0,0.154679018345991,,,,,,,,0.117460020026585,,0,,0,0,0.000667552833293319,,0,,0.00155176755107658,0.00172743934931166,,0,,,,0.00446206367517113,,,,,,,,0,0.196231254355197,,,,,0.00923448086055758,0,0,0.00213148448525235,0,0,,,,0,0.267788233502954
0,0,2017,2017-09-24,184,Groß-Gerau,06,Hessen,erststimme,174727,133318,130857,2461,0.763007434454893,cdu,,0,,0.11313876980215,,,,0,,0,,0,,,,,0,0,,0.351246016644123,,0,,0,0,0,0,0,0,,0,0,,0,,0,0.0562293190276409,,,0.0191583178584256,,,0,0,0.0678374103028497,,,,,,,,0.0667064047013152,,0,,0,0,0.00210917260826704,,0,,0,0,,0,,,,0,,,,,,,,0,0.323574589055228,,,,,0,0,0,0,0,0,,,,0,0.351246016644123
0,0,2017,2017-09-24,184,Groß-Gerau,06,Hessen,zweitstimme,174727,133318,131180,2138,0.763007434454893,cdu,,0,,0.121535295014484,,,,0,,0.00186003964018905,,0,,,,,0.00032017075773746,0,,0.30454337551456,,0,,0,0,0,0,0.00908675102912029,0,,0.00061747217563653,0.00294252172587285,,0,,0,0.0963942674188139,,,0.0105732581186156,,,0,0,0.0904253697209941,,,,,,,,0.0819865833206282,,0,,0,0,0.000945266046653453,,0,,0.00307211465162372,0.00153224576917213,,0,,,,0.00733343497484373,,,,,,,,0,0.253986888245159,,,,,0.0111526147278549,0,0,0.00169233114804086,0,0,,,,0,0.30454337551456
0,0,2017,2017-09-24,185,Offenbach,06,Hessen,erststimme,220194,163580,160983,2597,0.742890360318628,cdu,,0,,0.112105004876291,,,,0,,0,,0,,,,,0,0,,0.363796177236106,,0,,0,0,0,0,0,0,,0,0,,0,,0,0.077151003522111,,,0.0189833709149413,,,0,0,0.0884938161172298,,,,,,,,0.0772441810625967,,0,,0,0,0,,0,,0,0,,0,,,,0.00985197194734848,,,,,,,,0,0.249131895914475,,,,,0,0,0,0,0.00324257840890032,0,,,,0,0.363796177236106
0,0,2017,2017-09-24,185,Offenbach,06,Hessen,zweitstimme,220194,163580,161294,2286,0.742890360318628,cdu,,0,,0.118107307153397,,,,0,,0.00219474995970092,,0,,,,,0.000235594628442472,0,,0.305665430828177,,0,,0,0,0,0,0.00969657891800067,0,,0.000347192084020484,0.00199635448311779,,0,,0,0.126303520279738,,,0.00845040733071286,,,0,0,0.101807878780364,,,,,,,,0.0884161841110023,,0,,0,0,0.000477389115528166,,0,,0.00265973935794264,0.00176695971331854,,0,,,,0.00585886641784567,,,,,,,,0,0.214012920505412,,,,,0.0101801678921721,0,0,0.00182275844110754,0,0,,,,0,0.305665430828177
0,0,2017,2017-09-24,186,Darmstadt,06,Hessen,erststimme,242622,192508,189775,2733,0.793448244594472,cdu,,0,,0.0907759188512713,,,,0,,0,,0,,,,,0,0,,0.30676327229614,,0,,0,0,0,0,0,0,,0,0,,0,,0,0.0618574627848768,,,0.0135739691740219,,,0,0,0.14195231194836,,,,,,,,0.0850796996443156,,0,,0,0,0.00258200500592807,,0,,0,0,,0,,,,0,,,,,,,,0,0.297415360295086,,,,,0,0,0,0,0,0,,,,0,0.30676327229614
0,0,2017,2017-09-24,186,Darmstadt,06,Hessen,zweitstimme,242622,192508,190375,2133,0.793448244594472,cdu,,0,,0.0979855548260013,,,,0,,0.0025370978332239,,0,,,,,0.000204858831254104,0,,0.27429021667761,,0,,0,0,0,0,0.0119763624425476,0,,0.000336178594878529,0.0021483913328956,,0,,0,0.109746552856205,,,0.00626132632961261,,,0,0,0.143490479317137,,,,,,,,0.102471437951412,,0,,0,0,0.000977019041365726,,0,,0.00236375574523966,0.00280499015101773,,0,,,,0.00710177281680893,,,,,,,,0,0.22396848325673,,,,,0.00956007879185817,0,0,0.00177544320420223,0,0,,,,0,0.27429021667761
0,0,2017,2017-09-24,187,Odenwald,06,Hessen,erststimme,234422,184974,181831,3143,0.789064166332511,cdu,,0,,0.117400223284258,,,,0,,0,,0,,,,,0,0,,0.361071544456116,,0,,0,0,0,0,0,0,,0,0,,0,,0,0.0722594057118973,,,0.0145794721472136,,,0,0,0.0779900017048798,,,,,,,,0.0612546815449511,,0,,0,0,0,,0,,0,0,,0,,,,0,,,,,,,,0,0.290165043364443,,,,,0,0,0,0,0,0,,,,0.00527962778624107,0.361071544456116
0,0,2017,2017-09-24,187,Odenwald,06,Hessen,zweitstimme,234422,184974,182229,2745,0.789064166332511,cdu,,0,,0.122143017851165,,,,0,,0.00160786702445824,,0,,,,,0.000164628022982072,0,,0.327253071684529,,0,,0,0,0,0,0.00870882241575161,0,,0.000740826103419324,0.00224442871332225,,0,,0,0.109466660081546,,,0.00830822755982857,,,0,0,0.0882625707214549,,,,,,,,0.0737149410906058,,0,,0,0,0.000642049289630081,,0,,0.0034242628780271,0.00207980069034018,,0,,,,0.00457117143813553,,,,,,,,0,0.233310834170192,,,,,0.0114745732018504,0,0,0.00188224706276169,0,0,,,,0,0.327253071684529
0,0,2017,2017-09-24,188,Bergstraße,06,Hessen,erststimme,198418,156082,153739,2343,0.786632261185981,cdu,,0,,0.124581270855151,,,,0,,0,,0,,,,,0,0,,0.388847332166854,,0,,0,0,0,0,0,0,,0,0,,0,,0,0.0761745555779601,,,0,,,0,0,0.0764087186725554,,,,,,,,0.0553600582805924,,0,,0,0,0,,0,,0,0,,0,,,,0,,,,,,,,0,0.269339595027937,,,,,0,0,0,0,0,0,,,,0.0092884694189503,0.388847332166854
0,0,2017,2017-09-24,188,Bergstraße,06,Hessen,zweitstimme,198418,156082,154094,1988,0.786632261185981,cdu,,0,,0.129291211857697,,,,0,,0.00157695951821615,,0,,,,,0.000311498176437759,0,,0.331537892455255,,0,,0,0,0,0,0.00818331667683362,0,,0.000175217724246239,0.00193388451205109,,0,,0,0.11808376705128,,,0.00796267213519021,,,0,0,0.0882253689306527,,,,,,,,0.0661738938569964,,0,,0,0,0.000369904084519839,,0,,0.00353680221163705,0.00164834451698314,,0,,,,0.00446480719560788,,,,,,,,0,0.22346749386738,,,,,0.0116357547990188,0,0,0.00142121042999727,0,0,,,,0,0.331537892455255
0,0,2017,2017-09-24,189,Eichsfeld – Nordhausen – Kyffhäuserkreis,16,Thüringen,erststimme,216673,158339,156075,2264,0.730774023528543,cdu,,0,,0.214012493993272,,,,0,,0,,0,,,,,0,0,,0.380060868172353,,0,,0,0,0,0,0,0,,0,0,,0,,0,0.0489059746916547,,,0.0183821880506167,,,0,0,0.0255774467403492,,,,,,,,0.15279833413423,,0,,0,0,0,,0,,0,0.0123594425756848,,0,,,,0,,,,,,,,0,0.143008169149447,,,,,0,0,0,0,0,0,,,,0.00489508249239148,0.380060868172353
0,0,2017,2017-09-24,189,Eichsfeld – Nordhausen – Kyffhäuserkreis,16,Thüringen,zweitstimme,216673,158339,155929,2410,0.730774023528543,cdu,,0,,0.210698458913993,,,,0,,0.00554739657151652,,0,,,,,0,0,,0.337762699690244,,0,,0,0,0,0,0.00945302028487324,0,,0,0.00223819815428817,,0,,0,0.0767913601703339,,,0.0138973507173136,,,0,0,0.0306421512354982,,,,,,,,0.145021131412374,,0,,0,0,0.00098121580975957,,0,,0.0158597823368328,0.00747776231489973,,0,,,,0.00322582713927493,,,,,,,,0,0.138858070019047,,,,,0,0,0,0.001545575229752,0,0,,,,0,0.337762699690244
0,0,2017,2017-09-24,190,Eisenach – Wartburgkreis – Unstrut-Hainich-Kreis,16,Thüringen,erststimme,222558,163154,160840,2314,0.733085308099462,cdu,,0,,0.211713504103457,,,,0,,0,,0,,,,,0,0,,0.344304899278786,,0,,0,0,0,0,0,0,,0,0,,0,,0,0.0502051728425765,,,0.0311489679184283,,,0,0,0.0314971400149217,,,,,,,,0.154806018403382,,0,,0,0,0.00428376025864213,,0,,0.0198520268589903,0,,0,,,,0,,,,,,,,0,0.152188510320816,,,,,0,0,0,0,0,0,,,,0,0.344304899278786
0,0,2017,2017-09-24,190,Eisenach – Wartburgkreis – Unstrut-Hainich-Kreis,16,Thüringen,zweitstimme,222558,163154,160886,2268,0.733085308099462,cdu,,0,,0.222666981589448,,,,0,,0.00385366035577987,,0,,,,,0,0,,0.30046119612645,,0,,0,0,0,0,0.0115423343236826,0,,0,0.00377907338115187,,0,,0,0.0717588851733526,,,0.0197966261825143,,,0,0,0.0347823925015228,,,,,,,,0.156452394863444,,0,,0,0,0.00229354946981092,,0,,0.0187648397001604,0.00349937222629688,,0,,,,0.00420173290404386,,,,,,,,0,0.144238777768109,,,,,0,0,0,0.00190818343423294,0,0,,,,0,0.30046119612645
0,0,2017,2017-09-24,191,Jena – Sömmerda – Weimarer Land I,16,Thüringen,erststimme,203210,155210,152895,2315,0.763791152010236,cdu,,0,,0.192622387913274,,,,0,,0,,0,,,,,0,0,,0.292252853265313,,0,,0,0,0,0,0,0,,0,0,,0,,0,0.0584649596128062,,,0.0367049282187122,,,0,0,0.0493410510481049,,,,,,,,0.213741456555152,,0,,0,0,0,,0,,0,0,,0,,,,0,,,,,,,,0,0.141718172602113,,,,,0,0,0,0,0,0,,,,0.0151541907845253,0.292252853265313
0,0,2017,2017-09-24,191,Jena – Sömmerda – Weimarer Land I,16,Thüringen,zweitstimme,203210,155210,153356,1854,0.763791152010236,cdu,,0,,0.198401105923472,,,,0,,0.00417981689663267,,0,,,,,0,0,,0.274472469287149,,0,,0,0,0,0,0.0185255223140927,0,,0,0.00346253162575967,,0,,0,0.0867915177756332,,,0.0183559821591591,,,0,0,0.061927801977099,,,,,,,,0.184616187172331,,0,,0,0,0.00106940713111975,,0,,0.0108244868149926,0.00425806619890973,,0,,,,0.0051514123999061,,,,,,,,0,0.1248728448838,,,,,0,0,0,0.00309084743994366,0,0,,,,0,0.274472469287149
0,0,2017,2017-09-24,192,Gotha – Ilm-Kreis,16,Thüringen,erststimme,198341,148065,145595,2470,0.746517361513757,cdu,,0,,0.239005460352347,,,,0,,0,,0,,,,,0,0,,0.289989354030015,,0,,0,0,0,0,0,0,,0,0,,0,,0,0.0602699268518837,,,0.0357017754730588,,,0,0,0.033029980425152,,,,,,,,0.155733369964628,,0,,0,0,0,,0,,0,0,,0,,,,0,,,,,,,,0,0.186270132902916,,,,,0,0,0,0,0,0,,,,0,0.289989354030015
0,0,2017,2017-09-24,192,Gotha – Ilm-Kreis,16,Thüringen,zweitstimme,198341,148065,145878,2187,0.746517361513757,cdu,,0,,0.240550322872537,,,,0,,0.00314646485419323,,0,,,,,0,0,,0.278150235127984,,0,,0,0,0,0,0.0181932847996271,0,,0,0.00568283085866272,,0,,0,0.0768998752382128,,,0.018446921400074,,,0,0,0.0370926390545524,,,,,,,,0.157117591412002,,0,,0,0,0.00132302334827733,,0,,0.012503598897709,0.00370857840112971,,0,,,,0.00502474670615172,,,,,,,,0,0.13978118701929,,,,,0,0,0,0.00237870000959706,0,0,,,,0,0.278150235127984
0,0,2017,2017-09-24,193,Erfurt – Weimar – Weimarer Land II,16,Thüringen,erststimme,221922,168235,165925,2310,0.758081668333919,cdu,,0,,0.174536688262769,,,,0,,0,,0,,,,,0,0,,0.273045050474612,,0,,0,0,0,0,0.0222449902064186,0,,0,0,,0,,0,0.0601175229772488,,,0.0111978303450354,,,0,0,0.0706463763748682,,,,,,,,0.186518005122796,,0,,0,0,0,,0,,0,0.00928732861232485,,0,,,,0.0100527346692783,,,,,,,,0,0.182353472954648,,,,,0,0,0,0,0,0,,,,0,0.273045050474612
0,0,2017,2017-09-24,193,Erfurt – Weimar – Weimarer Land II,16,Thüringen,zweitstimme,221922,168235,166158,2077,0.758081668333919,cdu,,0,,0.181550090877358,,,,0,,0.0057234680244105,,0,,,,,0,0,,0.253782544325281,,0,,0,0,0,0,0.0223582373403628,0,,0,0.00399017802332719,,0,,0,0.0858219285258609,,,0.00961735215878862,,,0,0,0.0762286498393096,,,,,,,,0.194026167864322,,0,,0,0,0.00144440833423609,,0,,0.00679473753896893,0.00652391097629967,,0,,,,0.00687899469179937,,,,,,,,0,0.141642292276026,,,,,0,0,0,0.00361703920364954,0,0,,,,0,0.253782544325281
0,0,2017,2017-09-24,194,Gera – Greiz – Altenburger Land,16,Thüringen,erststimme,240738,176933,174113,2820,0.73496082878482,cdu,,0,,0.273144452166122,,,,0,,0,,0,,,,,0,0,,0.304285148150914,,0,,0,0,0,0,0,0,,0,0,,0,,0,0.0557798670978043,,,0.0207910954380201,,,0,0,0.020974884126975,,,,,,,,0.187079655166472,,0,,0,0,0,,0,,0,0,,0,,,,0,,,,,,,,0,0.118469040221006,,,,,0,0,0,0.00689781923233762,0,0,,,,0.0125780384003492,0.304285148150914
0,0,2017,2017-09-24,194,Gera – Greiz – Altenburger Land,16,Thüringen,zweitstimme,240738,176933,174392,2541,0.73496082878482,cdu,,0,,0.271084682783614,,,,0,,0.00299899077939355,,0,,,,,0,0,,0.273464379099959,,0,,0,0,0,0,0.0117895316298913,0,,0,0.00417450341758796,,0,,0,0.0820851873939172,,,0.0143813936419102,,,0,0,0.0270023854305243,,,,,,,,0.174331391348227,,0,,0,0,0.0011124363502913,,0,,0.011812468461856,0.00360681682645993,,0,,,,0.00420317445754392,,,,,,,,0,0.11379535758521,,,,,0,0,0,0.00415730079361439,0,0,,,,0,0.273464379099959
0,0,2017,2017-09-24,195,Saalfeld-Rudolstadt – Saale-Holzland-Kreis – Saale-Orla-Kreis,16,Thüringen,erststimme,229126,171879,169352,2527,0.750150572174262,cdu,,0,,0.265092824413057,,,,0,,0,,0,,,,,0,0,,0.308889177570976,,0,,0,0,0,0,0,0,,0,0,,0,,0,0.0609558788794936,,,0.0337580896594076,,,0,0,0.0338112334073409,,,,,,,,0.170804005857622,,0,,0,0,0,,0,,0,0,,0,,,,0,,,,,,,,0,0.116638716991828,,,,,0,0,0,0,0,0,,,,0.0100500732202749,0.308889177570976
0,0,2017,2017-09-24,195,Saalfeld-Rudolstadt – Saale-Holzland-Kreis – Saale-Orla-Kreis,16,Thüringen,zweitstimme,229126,171879,169751,2128,0.750150572174262,cdu,,0,,0.257671530653722,,,,0,,0.00385270189866334,,0,,,,,0,0,,0.281406295102827,,0,,0,0,0,0,0.0146921078520892,0,,0,0.00429452551089537,,0,,0,0.0778139745863058,,,0.0194402389382095,,,0,0,0.0301853891876926,,,,,,,,0.165465888271645,,0,,0,0,0.00141383555914251,,0,,0.0122709144570577,0.00431808943688108,,0,,,,0.00433576238137036,,,,,,,,0,0.120335079027517,,,,,0,0,0,0.00250366713598153,0,0,,,,0,0.281406295102827
0,0,2017,2017-09-24,196,Suhl – Schmalkalden-Meiningen – Hildburghausen – Sonneberg,16,Thüringen,erststimme,234446,170237,167872,2365,0.72612456599814,cdu,,0,,0.228453821959588,,,,0,,0,,0,,,,,0,0,,0.335469881814716,,0,,0,0,0,0,0,0,,0,0,,0,,0,0.0485310236370568,,,0.02277330346931,,,0,0,0.0262581014105986,,,,,,,,0.182555756767061,,0,,0,0,0.00359797941288601,,0,,0,0.0108535074342356,,0,,,,0.00700533739992375,,,,,,,,0,0.134501286694624,,,,,0,0,0,0,0,0,,,,0,0.335469881814716
0,0,2017,2017-09-24,196,Suhl – Schmalkalden-Meiningen – Hildburghausen – Sonneberg,16,Thüringen,zweitstimme,234446,170237,168098,2139,0.72612456599814,cdu,,0,,0.23018120382158,,,,0,,0.00353365298813787,,0,,,,,0,0,,0.303132696403289,,0,,0,0,0,0,0.0121417268498138,0,,0,0.00303989339551928,,0,,0,0.0672107937036729,,,0.017055527132982,,,0,0,0.0330699948839368,,,,,,,,0.169347642446668,,0,,0,0,0.00207616985329986,,0,,0.010916251234399,0.00612142916631965,,0,,,,0.00442004069054956,,,,,,,,0,0.135789836880867,,,,,0,0,0,0.00196314054896548,0,0,,,,0,0.303132696403289
0,0,2017,2017-09-24,197,Neuwied,07,Rheinland-Pfalz,erststimme,239284,181607,178205,3402,0.758960064191505,cdu,,0,,0.0951376224011672,,,,0,,0,,0,,,,,0,0,,0.431710670295446,,0,,0,0,0,0,0,0,,0,0,,0,,0,0.0611542886002076,,,0.0184338262113858,,,0,0,0.0530232036138156,,,,,,,,0.0534272326814624,,0,,0,0,0.000948346006004321,,0,,0,0,,0,,,,0,,,,,,,,0,0.286164810190511,,,,,0,0,0,0,0,0,,,,0,0.431710670295446
0,0,2017,2017-09-24,197,Neuwied,07,Rheinland-Pfalz,zweitstimme,239284,181607,179060,2547,0.758960064191505,cdu,,0,,0.107634312520943,,,,0,,0.00165866190103876,,0,,,,,0,0,,0.381754719088574,,0,,0,0,0,0,0.00834915670724897,0,,0,0,,0,,0,0.10092147883391,,,0.0110689154473361,,,0,0,0.0599687255668491,,,,,,,,0.0633195576901597,,0,,0,0,0.000480285937674523,,0,,0.0026806656986485,0.00208868535686362,,0,,,,0.00405450686920585,,,,,,,,0,0.253808779180163,,,,,0,0,0,0.00221154920138501,0,0,,,,0,0.381754719088574
0,0,2017,2017-09-24,198,Ahrweiler,07,Rheinland-Pfalz,erststimme,195618,151587,149595,1992,0.774913351532068,cdu,,0,,0.0876031952939604,,,,0,,0,,0,,,,,0,0,,0.427861893779872,,0,,0,0,0,0,0,0,,0,0,,0,,0,0.0867742905845784,,,0,,,0,0,0.0575955078712524,,,,,,,,0.0453892175540626,,0,,0,0,0,,0,,0,0,,0,,,,0.00847621912497075,,,,,,,,0,0.273698987265617,,,,,0,0,0,0,0,0,,,,0.012600688525686,0.427861893779872
0,0,2017,2017-09-24,198,Ahrweiler,07,Rheinland-Pfalz,zweitstimme,195618,151587,149989,1598,0.774913351532068,cdu,,0,,0.0962537252731867,,,,0,,0.00178013054290648,,0,,,,,0,0,,0.406276460273753,,0,,0,0,0,0,0.00864730080205882,0,,0,0,,0,,0,0.11598850582376,,,0.00756055444065898,,,0,0,0.0670649180939936,,,,,,,,0.0567974984832221,,0,,0,0,0.000246684756882171,,0,,0.00276686957043517,0.00244684610204748,,0,,,,0.00415363793344845,,,,,,,,0,0.227436678689771,,,,,0,0,0,0.00258018921387568,0,0,,,,0,0.406276460273753
0,0,2017,2017-09-24,199,Koblenz,07,Rheinland-Pfalz,erststimme,196999,151153,149009,2144,0.767278006487343,cdu,,0,,0.081558832016858,,,,0,,0,,0,,,,,0,0,,0.413357582427907,,0,,0,0,0,0,0.011563059949399,0,,0,0,,0,,0,0.0653114912522062,,,0.0176029635793811,,,0,0,0.0622311404009154,,,,,,,,0.0516277540282802,,0,,0,0,0,,0,,0,0,,0,,,,0.0071002422672456,,,,,,,,0,0.287076619533048,,,,,0,0,0,0,0,0,,,,0.00257031454475904,0.413357582427907
0,0,2017,2017-09-24,199,Koblenz,07,Rheinland-Pfalz,zweitstimme,196999,151153,149629,1524,0.767278006487343,cdu,,0,,0.0915664744133824,,,,0,,0.00161733353828469,,0,,,,,0,0,,0.378375849601347,,0,,0,0,0,0,0.0114616818932159,0,,0,0,,0,,0,0.107946988885844,,,0.0108735606065669,,,0,0,0.0792760761617066,,,,,,,,0.0690507856097414,,0,,0,0,0.000253961464689332,,0,,0.00168416550267662,0.00201832532463627,,0,,,,0.00495224856144197,,,,,,,,0,0.238449765753965,,,,,0,0,0,0.00247278268250139,0,0,,,,0,0.378375849601347
0,0,2017,2017-09-24,200,Mosel/Rhein-Hunsrück,07,Rheinland-Pfalz,erststimme,172876,135519,132828,2691,0.783908697563572,cdu,,0,,0.0815641280452917,,,,0,,0,,0,,,,,0,0,,0.441141927906767,,0,,0,0,0,0,0,0,,0,0,,0,,0,0.0869093865751197,,,0.0281642424789954,,,0,0,0.0486719667539977,,,,,,,,0.0530008733098443,,0,,0,0,0,,0,,0,0.00851477098202186,,0,,,,0,,,,,,,,0,0.252032703947963,,,,,0,0,0,0,0,0,,,,0,0.441141927906767
0,0,2017,2017-09-24,200,Mosel/Rhein-Hunsrück,07,Rheinland-Pfalz,zweitstimme,172876,135519,133704,1815,0.783908697563572,cdu,,0,,0.0897205767965057,,,,0,,0.00162298809310118,,0,,,,,0,0,,0.415888829055226,,0,,0,0,0,0,0.00884042362232992,0,,0,0,,0,,0,0.111619697241668,,,0.0127744869263448,,,0,0,0.0559968288158918,,,,,,,,0.0609031891342069,,0,,0,0,0.000239334649673907,,0,,0.00228863758750673,0.003672291030934,,0,,,,0.00347035242027164,,,,,,,,0,0.230352121103333,,,,,0,0,0,0.00261024352300604,0,0,,,,0,0.415888829055226
0,0,2017,2017-09-24,201,Kreuznach,07,Rheinland-Pfalz,erststimme,185172,139908,137794,2114,0.755556995658091,cdu,,0,,0.108234030509311,,,,0,,0,,0,,,,,0,0,,0.369936281695865,,0,,0,0,0,0,0,0,,0,0,,0,,0,0.0677968561766115,,,0.0263364152285295,,,0,0,0.0489861677576672,,,,,,,,0.055227368390496,,0,,0,0,0,,0,,0,0.00871590925584568,,0,,,,0,,,,,,,,0,0.314766970985674,,,,,0,0,0,0,0,0,,,,0,0.369936281695865
0,0,2017,2017-09-24,201,Kreuznach,07,Rheinland-Pfalz,zweitstimme,185172,139908,138211,1697,0.755556995658091,cdu,,0,,0.117197618134591,,,,0,,0.00160623973489809,,0,,,,,0,0,,0.341427238063541,,0,,0,0,0,0,0.00952167338344994,0,,0,0,,0,,0,0.0987909790103537,,,0.0138194499714205,,,0,0,0.0624335255515118,,,,,,,,0.0686848369521963,,0,,0,0,0.00022429473775604,,0,,0.0026481249683455,0.00355977454761198,,0,,,,0.00352359797700617,,,,,,,,0,0.274261817076788,,,,,0,0,0,0.0023008298905297,0,0,,,,0,0.341427238063541
0,0,2017,2017-09-24,202,Bitburg,07,Rheinland-Pfalz,erststimme,164480,126879,124382,2497,0.77139469844358,cdu,,0,,0.071071376887331,,,,0,,0,,0,,,,,0,0,,0.512284735733466,,0,,0,0,0,0,0,0,,0,0,,0,,0,0.0699699313405477,,,0.0235323439082826,,,0,0,0,,,,,,,,0.0545577334340982,,0,,0,0,0,,0,,0,0.0111752504381663,,0,,,,0,,,,,,,,0,0.257408628258108,,,,,0,0,0,0,0,0,,,,0,0.512284735733466
0,0,2017,2017-09-24,202,Bitburg,07,Rheinland-Pfalz,zweitstimme,164480,126879,125048,1831,0.77139469844358,cdu,,0,,0.0804331136843452,,,,0,,0.00145544111061352,,0,,,,,0,0,,0.44455729000064,,0,,0,0,0,0,0.00761307657859382,0,,0,0,,0,,0,0.103064423261468,,,0.0130110037745506,,,0,0,0.0616563239715949,,,,,,,,0.0594411745889578,,0,,0,0,0.000191926300300685,,0,,0.00185528756957328,0.00381453521847611,,0,,,,0.00301484230055659,,,,,,,,0,0.217956304778965,,,,,0,0,0,0.00193525686136524,0,0,,,,0,0.44455729000064
0,0,2017,2017-09-24,203,Trier,07,Rheinland-Pfalz,erststimme,192846,151551,149338,2213,0.785865405556766,cdu,,0,,0.069734427941984,,,,0,,0,,0,,,,,0,0,,0.379079671617405,,0,,0,0,0,0,0.0125152338989407,0,,0,0,,0,,0,0.0529670947782882,,,0.0108277866316678,,,0,0,0.0645850352890758,,,,,,,,0.0659041904940471,,0,,0,0,0,,0,,0.00142629471400447,0,,0,,,,0,,,,,,,,0,0.336705995794774,,,,,0,0,0,0,0,0,,,,0.00625426883981304,0.379079671617405
0,0,2017,2017-09-24,203,Trier,07,Rheinland-Pfalz,zweitstimme,192846,151551,149881,1670,0.785865405556766,cdu,,0,,0.0795697920350145,,,,0,,0.001634630139911,,0,,,,,0,0,,0.372842455014311,,0,,0,0,0,0,0.0106084160100346,0,,0,0,,0,,0,0.0923465949653392,,,0.00946083893221956,,,0,0,0.0901515202060301,,,,,,,,0.0862951274677911,,0,,0,0,0.000246862510925334,,0,,0.00161461426064678,0.0022551223971017,,0,,,,0.00403653565161695,,,,,,,,0,0.246528912937597,,,,,0,0,0,0.00240857747146069,0,0,,,,0,0.372842455014311
0,0,2017,2017-09-24,204,Montabaur,07,Rheinland-Pfalz,erststimme,210114,163520,158697,4823,0.77824419124856,cdu,,0,,0,,,,0,,0,,0,,,,,0,0,,0.433070568441747,,0,,0,0,0,0,0,0,,0,0,,0,,0,0.0916400436051091,,,0.0554011733051034,,,0,0,0.0518283269374972,,,,,,,,0.0699320087966376,,0,,0,0,0,,0,,0,0,,0,,,,0,,,,,,,,0,0.298127878913905,,,,,0,0,0,0,0,0,,,,0,0.433070568441747
0,0,2017,2017-09-24,204,Montabaur,07,Rheinland-Pfalz,zweitstimme,210114,163520,161759,1761,0.77824419124856,cdu,,0,,0.110200977998133,,,,0,,0.0019040671616417,,0,,,,,0,0,,0.374594303871809,,0,,0,0,0,0,0.00927305435864465,0,,0,0,,0,,0,0.109440587540724,,,0.0151150786045908,,,0,0,0.0621789204928319,,,,,,,,0.0591991790255875,,0,,0,0,0.000210189232129279,,0,,0.0026026372566596,0.00170005996575152,,0,,,,0.00425324093249835,,,,,,,,0,0.246700338157382,,,,,0,0,0,0.00262736540161598,0,0,,,,0,0.374594303871809
0,0,2017,2017-09-24,205,Mainz,07,Rheinland-Pfalz,erststimme,248996,202534,200319,2215,0.813402624941766,cdu,,0,,0.0725942122314908,,,,0,,0,,0,,,,,0,0,,0.357105416860108,,0,,0,0,0,0,0.014791407704711,0,,0,0,,0,,0,0.0689550167482865,,,0.0105381915844228,,,0,0,0.108252337521653,,,,,,,,0.0644172544791058,,0,,0,0,0,,0.00118311293486888,,0,0.0117562487831908,,0,,,,0.00750802470060254,,,,,,,,0,0.280472646129424,,,,,0,0,0,0,0,0,,,,0.00242613032213619,0.357105416860108
0,0,2017,2017-09-24,205,Mainz,07,Rheinland-Pfalz,zweitstimme,248996,202534,200879,1655,0.813402624941766,cdu,,0,,0.082313233339473,,,,0,,0.00239447627676362,,0,,,,,0,0,,0.327127275623634,,0,,0,0,0,0,0.0123756091975767,0,,0,0,,0,,0,0.112545363129048,,,0.00749705046321417,,,0,0,0.131497070375699,,,,,,,,0.0853648216090283,,0,,0,0,0.000308643511765789,,0,,0.00129431150095331,0.00873660263143484,,0,,,,0.00594885478322772,,,,,,,,0,0.220047889525535,,,,,0,0,0,0.00254879803264652,0,0,,,,0,0.327127275623634
0,0,2017,2017-09-24,206,Worms,07,Rheinland-Pfalz,erststimme,213627,169793,167176,2617,0.79481058105951,cdu,,0,,0.11306646887113,,,,0,,0,,0,,,,,0,0,,0.410854428865387,,0,,0,0.000657989185050486,0,0,0,0,,0,0,,0,,0,0.0601641383930708,,,0.0160728812748241,,,0,0,0.0674738000669953,,,,,,,,0.05107790591951,,0,,0,0,0,,0,,0.00305665885055271,0.00616117146001818,,0,,,,0,,,,,,,,0,0.266599272622865,,,,,0,0,0,0,0,0,,,,0.00481528449059674,0.410854428865387
0,0,2017,2017-09-24,206,Worms,07,Rheinland-Pfalz,zweitstimme,213627,169793,167665,2128,0.79481058105951,cdu,,0,,0.131082813944473,,,,0,,0.0021590671875466,,0,,,,,0,0,,0.326371037485462,,0,,0,0,0,0,0.0096800166999672,0,,0,0,,0,,0,0.104631258760027,,,0.0121969403274386,,,0,0,0.0802135210091552,,,,,,,,0.0644797662004593,,0,,0,0,0.000369784987922345,,0,,0.00384099245519339,0.00420481316911699,,0,,,,0.00465213371902305,,,,,,,,0,0.253308681000805,,,,,0,0,0,0.00280917305341007,0,0,,,,0,0.326371037485462
0,0,2017,2017-09-24,207,Ludwigshafen/Frankenthal,07,Rheinland-Pfalz,erststimme,215595,161867,159181,2686,0.750791994248475,cdu,,0,,0.145174361261708,,,,0,,0,,0,,,,,0,0,,0.321445398634259,,0,,0,0,0,0,0,0,,0,0,,0,,0,0.0748204873697238,,,0.0261526187170579,,,0,0,0.0546547640736018,,,,,,,,0.0564074858180311,,0,,0,0,0.0025882485975085,,0,,0,0,,0,,,,0,,,,,,,,0,0.31875663552811,,,,,0,0,0,0,0,0,,,,0,0.321445398634259
0,0,2017,2017-09-24,207,Ludwigshafen/Frankenthal,07,Rheinland-Pfalz,zweitstimme,215595,161867,159457,2410,0.750791994248475,cdu,,0,,0.154530688524179,,,,0,,0.00240817273622356,,0,,,,,0,0,,0.308710185190992,,0,,0,0,0,0,0.0112632245683789,0,,0,0,,0,,0,0.102353612572668,,,0.0151639626984077,,,0,0,0.0728785816865989,,,,,,,,0.0665633995371793,,0,,0,0,0.00119154380177728,,0,,0.00418294587255498,0.00201935317985413,,0,,,,0.00613331493756938,,,,,,,,0,0.249735038286184,,,,,0,0,0,0.00286597640743272,0,0,,,,0,0.308710185190992
0,0,2017,2017-09-24,208,Neustadt – Speyer,07,Rheinland-Pfalz,erststimme,220550,176425,173721,2704,0.79993198821129,cdu,,0,,0.118540648511118,,,,0,,0,,0,,,,,0,0,,0.400089799160723,,0,,0,0.00150240903517709,0,0,0,0,,0,0,,0,,0,0.0675450866619465,,,0.0341294374312835,,,0,0,0.0757306255432561,,,,,,,,0.0472424174394575,,0,,0,0,0,,0.00175568871926825,,0,0,,0,,,,0,,,,,,,,0,0.253463887497769,,,,,0,0,0,0,0,0,,,,0,0.400089799160723
0,0,2017,2017-09-24,208,Neustadt – Speyer,07,Rheinland-Pfalz,zweitstimme,220550,176425,174337,2088,0.79993198821129,cdu,,0,,0.126593895730683,,,,0,,0.00188714960106002,,0,,,,,0,0,,0.352231597423381,,0,,0,0,0,0,0.00882773020070324,0,,0,0,,0,,0,0.110424063738621,,,0.0211257507012281,,,0,0,0.0882715659900079,,,,,,,,0.060440411387141,,0,,0,0,0.000384313140641401,,0,,0.00320643351669468,0.00208217417989297,,0,,,,0.00443967717696186,,,,,,,,0,0.217360629126347,,,,,0,0,0,0.0027246080866368,0,0,,,,0,0.352231597423381
0,0,2017,2017-09-24,209,Kaiserslautern,07,Rheinland-Pfalz,erststimme,229114,172316,169379,2937,0.752097209249544,spd,,0,,0.126213993470265,,,,0,,0,,0,,,,,0,0,,0.313037625679689,,0,,0,0,0,0,0.0149133009404944,0,,0,0,,0,,0,0.0546466799308061,,,0.0284568925309513,,,0,0,0.050879979218203,,,,,,,,0.0724824210793546,,0,,0,0,0,,0,,0,0,,0,,,,0,,,,,,,,0,0.339369107150237,,,,,0,0,0,0,0,0,,,,0,0.313037625679689
0,0,2017,2017-09-24,209,Kaiserslautern,07,Rheinland-Pfalz,zweitstimme,229114,172316,169764,2552,0.752097209249544,spd,,0,,0.136695648076153,,,,0,,0.00209113828609128,,0,,,,,0,0,,0.290992200937772,,0,,0,0,0,0,0.012882589948399,0,,0,0,,0,,0,0.0914151410192974,,,0.0209585071039796,,,0,0,0.066916425154921,,,,,,,,0.0798049056337033,,0,,0,0,0.000188496972267383,,0,,0.00477722014090149,0.00202045192149101,,0,,,,0.00547819325652082,,,,,,,,0,0.282662990975707,,,,,0,0,0,0.00311609057279517,0,0,,,,0,0.290992200937772
0,0,2017,2017-09-24,210,Pirmasens,07,Rheinland-Pfalz,erststimme,177687,135065,132235,2830,0.760128765751012,cdu,,0,,0.128475819563656,,,,0,,0,,0,,,,,0,0,,0.368427420879495,,0,,0,0,0,0,0.0142851741218286,0,,0,0,,0,,0,0.0668960562634703,,,0.025938669792415,,,0,0,0.0419253601542708,,,,,,,,0.0606420387945703,,0,,0,0,0,,0,,0.00583052898249329,0,,0,,,,0,,,,,,,,0,0.287578931447801,,,,,0,0,0,0,0,0,,,,0,0.368427420879495
0,0,2017,2017-09-24,210,Pirmasens,07,Rheinland-Pfalz,zweitstimme,177687,135065,132716,2349,0.760128765751012,cdu,,0,,0.140540703457006,,,,0,,0.00168027969498779,,0,,,,,0,0,,0.357568040025317,,0,,0,0,0,0,0.0118523765032099,0,,0,0,,0,,0,0.0889342656499593,,,0.0179933090207661,,,0,0,0.0463847614454926,,,,,,,,0.0716643057355556,,0,,0,0,0.000339069893607402,,0,,0.00627656047499925,0.00198921004249676,,0,,,,0.00473190873745442,,,,,,,,0,0.247099068688026,,,,,0,0,0,0.0029461406311221,0,0,,,,0,0.357568040025317
0,0,2017,2017-09-24,211,Südpfalz,07,Rheinland-Pfalz,erststimme,217633,172369,170011,2358,0.792016835682089,cdu,,0,,0.123121445082965,,,,0,,0,,0,,,,,0,0,,0.403432719059355,,0,,0,0,0,0,0,0,,0,0,,0,,0,0.0600490556493403,,,0.0267041544370658,,,0,0,0.0794066266300416,,,,,,,,0.0471616542459017,,0,,0,0,0,,0,,0,0,,0,,,,0,,,,,,,,0,0.26012434489533,,,,,0,0,0,0,0,0,,,,0,0.403432719059355
0,0,2017,2017-09-24,211,Südpfalz,07,Rheinland-Pfalz,zweitstimme,217633,172369,170407,1962,0.792016835682089,cdu,,0,,0.136091827213671,,,,0,,0.00229450668106357,,0,,,,,0,0,,0.348043214187211,,0,,0,0,0,0,0.010011325825817,0,,0,0,,0,,0,0.103047410024236,,,0.0165134061394192,,,0,0,0.0867804726331665,,,,,,,,0.0644046312651476,,0,,0,0,0.000381439729588573,,0,,0.00315127899675483,0.00271115623184494,,0,,,,0.00467116961157699,,,,,,,,0,0.218846643623795,,,,,0,0,0,0.00305151783670859,0,0,,,,0,0.348043214187211
0,0,2017,2017-09-24,212,Altötting,09,Bayern,erststimme,168221,126786,125538,1248,0.753687113975069,csu,,0,,0.131322786725932,,,,0,,0,,0,,,,,0.00626901814590005,0,,0,,0.545133744364256,,0,0,0,0,0,0,,0,0,,0,,0,0.0563176090108174,,,0,,,0,0,0.060411986808775,,,,,,,,0.0482722362949864,,0,,0,0,0,,0,,0,0.0289713074925521,,0,,,,0,,,,,,,,0,0.123301311156781,,,,,0,0,0,0,0,0,,,,0,0.545133744364256
0,0,2017,2017-09-24,212,Altötting,09,Bayern,zweitstimme,168221,126786,125910,876,0.753687113975069,csu,,0,,0.145580176316416,,,,0,,0.00103248351997458,,0.0136446668255103,,,,,0.00108013660551187,0,,0,,0.44013184020332,,0.00100865697720594,0,0,0,0.00646493527122548,0,,7.14796283059328e-05,0.00171551107934239,,0,,0,0.0890239059645779,,,0.0251925978873799,,,0.00139782384242713,0,0.0683662933841633,,,,,,,,0.0528869827654674,,0,,0,0,0.000103248351997459,,0,,0.00234294337225002,0.0133825748550552,,0,,,,0.00335160034945596,,,,,,,,0,0.123191168294814,,,,,0.00856167103486617,0,0,0.00146930347073306,0,0,,,,0,0.44013184020332
0,0,2017,2017-09-24,213,Erding – Ebersberg,09,Bayern,erststimme,198198,163357,162248,1109,0.824211142392961,csu,,0,,0.10286105221636,,,,0,,0,,0.0239386618016863,,,,,0,0,,0,,0.482052167052907,,0,0,0,0,0,0,,0,0,,0,,0,0.0732767121936788,,,0,,,0,0,0.102355653074306,,,,,,,,0.0395567279719935,,0,,0,0,0,,0,,0,0.0272299196292096,,0,,,,0,,,,,,,,0,0.148729106059859,,,,,0,0,0,0,0,0,,,,0,0.482052167052907
0,0,2017,2017-09-24,213,Erding – Ebersberg,09,Bayern,zweitstimme,198198,163357,162602,755,0.824211142392961,csu,,0,,0.11910062606856,,,,0,,0.00112544741147095,,0.016260562600706,,,,,0.000141449674665748,0,,0,,0.390677851440942,,0.00183269578479969,0,0,0,0.00704788378986728,0,,0.000116849731245618,0.00159899632230846,,0,,0,0.119352775488616,,,0.0287142839571469,,,0.00121154721344141,0,0.109272948672218,,,,,,,,0.0513646818612317,,0,,0,0,0.000129149702955683,,0,,0.00164819620914872,0.0126320709462368,,0,,,,0.0038191412159752,,,,,,,,0,0.122649167906914,,,,,0.00954477804701049,0,0,0.0017588959545393,0,0,,,,0,0.390677851440942
0,0,2017,2017-09-24,214,Freising,09,Bayern,erststimme,235746,186647,185177,1470,0.791729234006091,csu,,0,,0.125404342871955,,,,0,,0,,0.0122153399180244,,,,,0,0,,0,,0.42956198663981,,0,0,0,0,0,0,,0,0,,0,,0,0.0723631984533716,,,0.0641440351663544,,,0,0,0.0941747625245036,,,,,,,,0.0500332114679469,,0,,0,0,0,,0,,0,0.0175507757442879,,0,,,,0,,,,,,,,0,0.134552347213747,,,,,0,0,0,0,0,0,,,,0,0.42956198663981
0,0,2017,2017-09-24,214,Freising,09,Bayern,zweitstimme,235746,186647,185632,1015,0.791729234006091,csu,,0,,0.13563394242372,,,,0,,0.00117436648853646,,0.0108655835200827,,,,,9.15790380968798e-05,0,,0,,0.396752715049129,,0.00171845371487675,0,0,0,0.00790273228753663,0,,9.69660403378728e-05,0.00196086881572143,,0,,0,0.104012239269092,,,0.038118427857266,,,0.00119052749525944,0,0.0971599724185485,,,,,,,,0.0512088433028788,,0,,0,0,0.000188545078434753,,0,,0.00261269608688157,0.00972353904499224,,0,,,,0.00413721772108257,,,,,,,,0,0.124057274607826,,,,,0.00965350801585933,0,0,0.00174000172384072,0,0,,,,0,0.396752715049129
0,0,2017,2017-09-24,215,Fürstenfeldbruck,09,Bayern,erststimme,232125,190769,189300,1469,0.821837372105547,csu,,0,,0.102229265715795,,,,0,,0,,0.016270470153196,,,,,0,0,,0,,0.43635499207607,,0,0,0,0,0,0,,0,0,,0,,0,0.0721658742736397,,,0.0310723718964606,,,0,0,0.0910935023771791,,,,,,,,0.0406708927628104,,0,,0,0,0,,0,,0,0.0159429477020602,,0,,,,0,,,,,,,,0,0.187290015847861,,,,,0,0,0,0,0,0,,,,0.00690966719492869,0.43635499207607
0,0,2017,2017-09-24,215,Fürstenfeldbruck,09,Bayern,zweitstimme,232125,190769,189847,922,0.821837372105547,csu,,0,,0.115535141456015,,,,0,,0.00146960447096873,,0.0102503595000184,,,,,0.000115882789825491,0,,0,,0.398326020426975,,0.00180671804137016,0,0,0,0.00668959741265335,0,,0.000147487187050625,0.00169610265108219,,0,,0,0.115909126823179,,,0.023940330898039,,,0.00115356049871739,0,0.110014906740691,,,,,,,,0.0507408597449525,,0,,0,0,0.000231765579650982,,0,,0.00155388286356908,0.00942864517216495,,0,,,,0.0033500661058642,,,,,,,,0,0.136578402608416,,,,,0.00933909938002707,0,0,0.0017224396487698,0,0,,,,0,0.398326020426975
0,0,2017,2017-09-24,216,Ingolstadt,09,Bayern,erststimme,238605,184059,182472,1587,0.771396240648771,csu,,0,,0.129992546801701,,,,0,,0,,0.0120566443070718,,,,,0,0,,0,,0.495325310184576,,0,0,0,0,0.0101878644394756,0,,0,0,,0,,0,0.051021526590381,,,0.0388717173045728,,,0,0,0.063105572361787,,,,,,,,0.0483197422070235,,0,,0,0,0.000657635144022097,,0,,0,0.0145556578543557,,0,,,,0,,,,,,,,0,0.135905782805033,,,,,0,0,0,0,0,0,,,,0,0.495325310184576
0,0,2017,2017-09-24,216,Ingolstadt,09,Bayern,zweitstimme,238605,184059,182845,1214,0.771396240648771,csu,,0,,0.151346769121387,,,,0,,0.000902403675244059,,0.0103803768218983,,,,,0.000125789603215839,0,,0,,0.416943312641855,,0.00110476086302606,0,0,0,0.00707703245918674,0,,0.000103913150482649,0.00147666055949028,,0,,0,0.0938171675462824,,,0.0304192075254997,,,0.00135634006945774,0,0.0722196395854412,,,,,,,,0.0537613825918127,,0,,0,0,0.000333615904181137,,0,,0.00284393885531461,0.00959829363668681,,0,,,,0.00345101041866061,,,,,,,,0,0.133577620388854,,,,,0.00698952664825399,0,0,0.00217123793376904,0,0,,,,0,0.416943312641855
0,0,2017,2017-09-24,217,München-Nord,09,Bayern,erststimme,226436,174196,173121,1075,0.76929463512869,csu,,0,,0.0763396699418326,,,,0,,0,,0.00674672627815228,,,,,0.000687380502654213,0,,0,,0.322381455744826,,0,0,0,0,0.0126385591580455,0,,0,0,,0,,0,0.0962852571322948,,,0.0158963961622218,,,0,0,0.13127234708672,,,,,,,,0.0597905511174265,,0,,0,0,0.000924209079198942,,0,,0,0.0167108554132659,,0,,,,0,,,,,,,,0,0.260326592383362,,,,,0,0,0,0,0,0,,,,0,0.322381455744826
0,0,2017,2017-09-24,217,München-Nord,09,Bayern,zweitstimme,226436,174196,173528,668,0.76929463512869,csu,,0,,0.0863376515605551,,,,0,,0.0020745931492324,,0.00503665114563644,,,,,0.000218984832418976,0,,0,,0.287867087732239,,0.00311765248259647,0,0,0,0.00916278640910977,0,,0.000230510349914711,0.00153289382693283,,0,,0,0.151220552302798,,,0.0107705960997649,,,0.00100272002212899,0,0.169044765109953,,,,,,,,0.082418975612005,,0,,0,0,0.000455257941081555,,0,,0.00077797243096215,0.00817735466322438,,0,,,,0.00432206906090083,,,,,,,,0,0.166561016089622,,,,,0.00780277534461297,0,0,0.00186713383430916,0,0,,,,0,0.287867087732239
0,0,2017,2017-09-24,218,München-Ost,09,Bayern,erststimme,239169,186913,185687,1226,0.781510145545618,csu,,0,,0.0744370903725086,,,,0,,0,,0.00748571520892685,,,,,0.00161023658091304,0,,0,,0.367580929198059,,0,0,0,0,0,0,,0,0,,0,,0,0.0885953243899681,,,0.0173571655527851,,,0,0,0.152288528545348,,,,,,,,0.0627669142158579,,0,,0,0,0,,0,,0,0.0145029000414676,,0,,,,0,,,,,,,,0,0.213375195894166,,,,,0,0,0,0,0,0,,,,0,0.367580929198059
0,0,2017,2017-09-24,218,München-Ost,09,Bayern,zweitstimme,239169,186913,186168,745,0.781510145545618,csu,,0,,0.0857236474582098,,,,0,,0.00196596622405569,,0.00505994585535645,,,,,0.000230974173864467,0,,0,,0.314140990932921,,0.00302415022989988,0,0,0,0.00846547204675347,0,,0.000300803575265352,0.00140733101284861,,0,,0,0.147495810235916,,,0.0113392204890207,,,0.000854067294056981,0,0.160424992479911,,,,,,,,0.0758669588758541,,0,,0,0,0.000424347900820764,,0,,0.000848695801641528,0.00830432727428989,,0,,,,0.00422736453096128,,,,,,,,0,0.159769670405225,,,,,0.00821838339564265,0,0,0.00190687980748571,0,0,,,,0,0.314140990932921
0,0,2017,2017-09-24,219,München-Süd,09,Bayern,erststimme,216725,170483,169397,1086,0.786632829622794,csu,,0,,0.0762764393702368,,,,0,,0,,0.0070249177966552,,,,,0.00101536626976865,0,,0,,0.329958617921215,,0,0,0,0,0.0142564508226238,0,,0,0,,0,,0,0.0905092770237962,,,0.0165469282218693,,,0,0,0.137800551367498,,,,,,,,0.0744464187677468,,0,,0,0,0.000968139931639876,,0,,0,0.0158149199808733,,0,,,,0,,,,,,,,0,0.235381972526078,,,,,0,0,0,0,0,0,,,,0,0.329958617921215
0,0,2017,2017-09-24,219,München-Süd,09,Bayern,zweitstimme,216725,170483,169824,659,0.786632829622794,csu,,0,,0.0858418127002073,,,,0,,0.00222583380440927,,0.00524071980403241,,,,,0.000294422460900697,0,,0,,0.298461937064255,,0.00368028076125872,0,0,0,0.00974538345581308,0,,0.000176653476540418,0.00141911626154136,,0,,0,0.133002402487281,,,0.0116709063501036,,,0.000924486527228189,0,0.174062558884492,,,,,,,,0.0865248728094969,,0,,0,0,0.000465187488223102,,0,,0.000847936687394008,0.00858535895986433,,0,,,,0.00423379498775203,,,,,,,,0,0.161932353495383,,,,,0.00863835500282646,0,0,0.0020256265309968,0,0,,,,0,0.298461937064255
0,0,2017,2017-09-24,220,München-West/Mitte,09,Bayern,erststimme,241282,193399,192077,1322,0.801547566747623,csu,,0,,0.0669106660349756,,,,0,,0,,0.00879855474627363,,,,,0.00117140521769915,0,,0,,0.333272593803527,,0,0,0,0,0,0,,0,0,,0,,0,0.0904272765609625,,,0.017961546671387,,,0,0,0.163398012255502,,,,,,,,0.0706435439953769,,0,,0,0,0,,0,,0,0.0157905423345846,,0,,,,0,,,,,,,,0,0.230548165579429,,,,,0,0,0,0,0,0,,,,0.00107769280028322,0.333272593803527
0,0,2017,2017-09-24,220,München-West/Mitte,09,Bayern,zweitstimme,241282,193399,192621,778,0.801547566747623,csu,,0,,0.0773280171943869,,,,0,,0.00216487298892644,,0.00557052450148219,,,,,0.000368599477730881,0,,0,,0.297589567077318,,0.0037794425322265,0,0,0,0.00946418095638586,0,,0.000301109432512551,0.00138095015600584,,0,,0,0.136828279367255,,,0.0101546560343888,,,0.000929286007237009,0,0.184844850769127,,,,,,,,0.086376874795583,,0,,0,0,0.000269960180873321,,0,,0.000882562129778166,0.00856604420078808,,0,,,,0.00413765892607763,,,,,,,,0,0.158949439573048,,,,,0.00809880542619964,0,0,0.00201431827267017,0,0,,,,0,0.297589567077318
0,0,2017,2017-09-24,221,München-Land,09,Bayern,erststimme,235172,197265,196136,1129,0.83881159321688,csu,,0,,0.0839111636823429,,,,0,,0,,0,,,,,0,0,,0,,0.435141942325733,,0,0,0,0,0,0,,0,0,,0,,0,0.0933637883917282,,,0.0318656442468491,,,0,0,0.137098747807644,,,,,,,,0.0392992617367541,,0,,0,0,0,,0,,0,0.0164579679406126,,0,,,,0,,,,,,,,0,0.162861483868336,,,,,0,0,0,0,0,0,,,,0,0.435141942325733
0,0,2017,2017-09-24,221,München-Land,09,Bayern,zweitstimme,235172,197265,196365,900,0.83881159321688,csu,,0,,0.0940595319939908,,,,0,,0.00136480533699997,,0.00649810302243272,,,,,0.000142591602373132,0,,0,,0.372719170931683,,0.00215415170727981,0,0,0,0.00659486160975734,0,,0.000152776716828355,0.00135462022254475,,0,,0,0.153051714918646,,,0.0188679245283019,,,0.00129860209304102,0,0.126483843862195,,,,,,,,0.050905202047208,,0,,0,0,0.000132406487917908,,0,,0.00093703052988058,0.00830086828100731,,0,,,,0.00377867746288799,,,,,,,,0,0.13999439818705,,,,,0.00969113640414534,0,0,0.00151758205382833,0,0,,,,0,0.372719170931683
0,0,2017,2017-09-24,222,Rosenheim,09,Bayern,erststimme,235170,186492,184948,1544,0.793009312412297,csu,,0,,0.129701321452516,,,,0,,0,,0.0243041287280749,,,,,0.00107057118757705,0,,0,,0.459485909552956,,0,0,0,0,0,0,,0,0,,0,,0,0.0743452213595173,,,0.0333985768972901,,,0,0,0.0935776542595757,,,,,,,,0.0380431256353137,,0,,0,0,0,,0,,0,0.0219142677941908,,0,,,,0.00580163072863724,,,,,,,,0,0.118357592404351,,,,,0,0,0,0,0,0,,,,0,0.459485909552956
0,0,2017,2017-09-24,222,Rosenheim,09,Bayern,zweitstimme,235170,186492,185457,1035,0.793009312412297,csu,,0,,0.138560421014036,,,,0,,0.00149360768264342,,0.0184678928269087,,,,,0.000469111438230965,0,,0,,0.405366203486522,,0.00173625153000426,0,0,0,0.00561316100228085,0,,0.000269604274845382,0.002043600403328,,0,,0,0.109518648527691,,,0.0238653704093132,,,0.00122400340779803,0,0.100136419763072,,,,,,,,0.0509498158602803,,0,,0,0,0.000194115077888675,,0,,0.00153674436661868,0.0116307284168298,,0,,,,0.0032460354691384,,,,,,,,0,0.113055856613662,,,,,0.00885919647141925,0,0,0.0017632119574888,0,0,,,,0,0.405366203486522
0,0,2017,2017-09-24,223,Bad Tölz-Wolfratshausen – Miesbach,09,Bayern,erststimme,165527,132612,131254,1358,0.801150265515596,csu,,0,,0.0992350709311716,,,,0,,0,,0.0423758514026239,,,,,0,0,,0,,0.475909305621162,,0,0,0,0,0,0,,0,0,,0,,0,0.0815365626952321,,,0,,,0,0,0.135508251177107,,,,,,,,0.0527374403827693,,0,,0,0,0,,0,,0,0,,0,,,,0,,,,,,,,0,0.112697517789934,,,,,0,0,0,0,0,0,,,,0,0.475909305621162
0,0,2017,2017-09-24,223,Bad Tölz-Wolfratshausen – Miesbach,09,Bayern,zweitstimme,165527,132612,131817,795,0.801150265515596,csu,,0,,0.116760357161823,,,,0,,0.0013807020338803,,0.020558805009976,,,,,0.000166898048051465,0,,0,,0.415621657297617,,0.00209381187555475,0,0,0,0.00477176691928962,0,,7.58627491143024e-05,0.00196484520206043,,0,,0,0.123982490877504,,,0.0262409249186372,,,0.00119863143600598,0,0.103211270170008,,,,,,,,0.0492045790755365,,0,,0,0,0.000144139223317175,,0,,0.00161587655613464,0.00806421023085035,,0,,,,0.00312554526350926,,,,,,,,0,0.109674776394547,,,,,0.00866352594885333,0,0,0.0014793236077289,0,0,,,,0,0.415621657297617
0,0,2017,2017-09-24,224,Starnberg – Landsberg am Lech,09,Bayern,erststimme,213628,177013,175679,1334,0.828603928324002,csu,,0,,0.088838165062415,,,,0,,0,,0.0128245265512668,,,,,0,0,,0,,0.420926804000478,,0,0,0,0,0,0,,0,0,,0,,0,0.0961583342345983,,,0.0242715407077681,,,0,0,0.118762060348704,,,,,,,,0.0397486324489552,,0,,0,0,0,,0,,0,0.0177539717325349,,0,,,,0.0115210127562202,,,,,,,,0,0.166826996966057,,,,,0,0,0,0,0,0,,,,0.00236795519100177,0.420926804000478
0,0,2017,2017-09-24,224,Starnberg – Landsberg am Lech,09,Bayern,zweitstimme,213628,177013,176266,747,0.828603928324002,csu,,0,,0.0990548375750287,,,,0,,0.00187217046963113,,0.0101664529744818,,,,,0.000130484608489442,0,,0,,0.383012038623444,,0.0019459226396469,0,0,0,0.00608171740437748,0,,0.000107791633099974,0.00196861561503637,,0,,0,0.141547433991808,,,0.0162424971350119,,,0.00100983740483133,0,0.1311143385565,,,,,,,,0.0544291014716395,,0,,0,0,0.000141831096184176,,0,,0.00137292501106283,0.00919065503273462,,0,,,,0.0034096195522676,,,,,,,,0,0.126694881599401,,,,,0.00868573633031895,0,0,0.00182111127500482,0,0,,,,0,0.383012038623444
0,0,2017,2017-09-24,225,Traunstein,09,Bayern,erststimme,208466,160615,159225,1390,0.770461370199457,csu,,0,,0.102220128748626,,,,0,,0,,0.0285570733239127,,,,,0,0,,0,,0.502785366619564,,0,0,0,0,0,0,,0,0,,0,,0,0.0567373214005338,,,0,,,0,0,0.0814696184644371,,,,,,,,0.0448673261108494,,0,,0,0,0,,0,,0,0.022213848327838,,0,,,,0,,,,,,,,0,0.161149317004239,,,,,0,0,0,0,0,0,,,,0,0.502785366619564
0,0,2017,2017-09-24,225,Traunstein,09,Bayern,zweitstimme,208466,160615,159569,1046,0.770461370199457,csu,,0,,0.120267721173912,,,,0,,0.00109670424706553,,0.0183243612481121,,,,,0.000137871391059667,0,,0,,0.44617688899473,,0.0014351158433029,0,0,0,0.0049445694339126,0,,0.000137871391059667,0.0022623441896609,,0,,0,0.0915842049520897,,,0.0238830850603814,,,0.00115310617977176,0,0.0919978191252687,,,,,,,,0.0533186270516203,,0,,0,0,0.000100270102588849,,0,,0.00218714161271926,0.0105910295859471,,0,,,,0.00277622846542875,,,,,,,,0,0.118544328785666,,,,,0.00759546027110529,0,0,0.00148525089459732,0,0,,,,0,0.44617688899473
0,0,2017,2017-09-24,226,Weilheim,09,Bayern,erststimme,167159,134333,133038,1295,0.803624094425068,csu,,0,,0.100595318630767,,,,0,,0,,0.0289766833536283,,,,,0,0,,0,,0.47944196395015,,0,0,0,0,0,0,,0,0,,0,,0,0.0704310046753559,,,0,,,0,0,0.0906958913994498,,,,,,,,0.046821208977886,,0,,0,0,0,,0,,0,0.0347945699724891,,0,,,,0,,,,,,,,0,0.148243359040274,,,,,0,0,0,0,0,0,,,,0,0.47944196395015
0,0,2017,2017-09-24,226,Weilheim,09,Bayern,zweitstimme,167159,134333,133567,766,0.803624094425068,csu,,0,,0.120875665396393,,,,0,,0.00139255953940719,,0.0166583063181774,,,,,0.000104816309417745,0,,0,,0.428653784243114,,0.00152732336580143,0,0,0,0.00542050057274626,0,,0.00011230318866187,0.0021861687392844,,0,,0,0.10413500340653,,,0.0215322647061026,,,0.0012128744375482,0,0.0954801710003219,,,,,,,,0.0540103468671154,,0,,0,0,0.000164711343370743,,0,,0.0016995215884163,0.0160593559786474,,0,,,,0.00263538149393188,,,,,,,,0,0.115312914118008,,,,,0.00887943878353186,0,0,0.00194658860347241,0,0,,,,0,0.428653784243114
0,0,2017,2017-09-24,227,Deggendorf,09,Bayern,erststimme,166659,119455,118391,1064,0.71676297109667,csu,,0,,0.172631365559882,,,,0,,0,,0.030466842918803,,,,,0,0,,0,,0.440633156236538,,0,0,0,0,0,0,,0,0,,0,,0,0.0397580897196578,,,0.0554349570491,,,0,0,0.0451216731001512,,,,,,,,0.0418528435438505,,0,,0,0,0,,0,,0,0,,0,,,,0,,,,,,,,0,0.174101071872017,,,,,0,0,0,0,0,0,,,,0,0.440633156236538
0,0,2017,2017-09-24,227,Deggendorf,09,Bayern,zweitstimme,166659,119455,118754,701,0.71676297109667,csu,,0,,0.191698805934958,,,,0,,0.000724186132677636,,0.0190140963672803,,,,,0.000134732303753979,0,,0,,0.405729491217138,,0.000808393822523873,0,0,0,0.00314936760024926,0,,6.73661518769894e-05,0.000993650740185594,,0,,0,0.0755174562541051,,,0.0402933795914243,,,0.00089260151237011,0,0.0465500109469997,,,,,,,,0.0496151708574027,,0,,0,0,0.000151573841723226,,0,,0.00411775603348098,0.00693871364332991,,0,,,,0.00202940532529431,,,,,,,,0,0.142437307374909,,,,,0.00780605284874615,0,0,0.00133048149957054,0,0,,,,0,0.405729491217138
0,0,2017,2017-09-24,228,Landshut,09,Bayern,erststimme,249836,192966,191235,1731,0.772370675162907,csu,,0,,0.125918372682825,,,,0,,0,,0.0180197139644939,,,,,0,0,,0,,0.395858498705781,,0,0,0,0,0,0,,0,0,,0,,0,0.0852197557978404,,,0.117018328234894,,,0,0,0.065437812115983,,,,,,,,0.0359191570580699,,0,,0,0,0,,0,,0,0.0208068606688106,,0,,,,0,,,,,,,,0,0.135801500771302,,,,,0,0,0,0,0,0,,,,0,0.395858498705781
0,0,2017,2017-09-24,228,Landshut,09,Bayern,zweitstimme,249836,192966,191700,1266,0.772370675162907,csu,,0,,0.146379760041732,,,,0,,0.00123630672926448,,0.0133385498174231,,,,,0.000114762649973918,0,,0,,0.39395409494001,,0.00135628586332812,0,0,0,0.00509128847157016,0,,0.000151278038601982,0.00116849243609807,,0,,0,0.100996348461137,,,0.0554564423578508,,,0.00124673969744392,0,0.0722796035472092,,,,,,,,0.0483568075117371,,0,,0,0,0.000156494522691706,,0,,0.00262910798122066,0.0111267605633803,,0,,,,0.0031924882629108,,,,,,,,0,0.130907668231612,,,,,0.00917057902973396,0,0,0.00169014084507042,0,0,,,,0,0.39395409494001
0,0,2017,2017-09-24,229,Passau,09,Bayern,erststimme,177387,131350,130171,1179,0.740471398693253,csu,,0,,0.140799410006837,,,,0,,0,,0,,,,,0,0,,0,,0.47502900031497,,0,0,0,0,0,0,,0,0,,0,,0,0.060689400865016,,,0,,,0,0,0.0556806047429919,,,,,,,,0.0479830376965684,,0,,0,0,0,,0,,0,0.0307518571724885,,0,,,,0,,,,,,,,0,0.189066689201128,,,,,0,0,0,0,0,0,,,,0,0.47502900031497
0,0,2017,2017-09-24,229,Passau,09,Bayern,zweitstimme,177387,131350,130571,779,0.740471398693253,csu,,0,,0.160579301682609,,,,0,,0.00109518959033782,,0.0097265089491541,,,,,0.000114880026958513,0,,0,,0.40542693247352,,0.00100328556877101,0,0,0,0.00449563838830981,0,,9.95626900307113e-05,0.00115645893804903,,0,,0,0.0912760107527705,,,0.0240941709874321,,,0.00130197363886315,0,0.06427920441752,,,,,,,,0.0563448238889187,,0,,0,0,0.000114880026958513,,0,,0.00301751537477694,0.0130044190517037,,0,,,,0.00243545657152048,,,,,,,,0,0.150944696755022,,,,,0.00807223656095151,0,0,0.00141685366582166,0,0,,,,0,0.40542693247352
0,0,2017,2017-09-24,230,Rottal-Inn,09,Bayern,erststimme,168642,124299,123060,1239,0.737058384032447,csu,,0,,0.150650089387291,,,,0,,0,,0.0225581017389891,,,,,0,0,,0,,0.449894360474565,,0,0,0,0,0,0,,0,0,,0,,0,0.0700877620672843,,,0.0490004875670405,,,0,0,0.0492523972046156,,,,,,,,0.039419795221843,,0,,0,0,0,,0,,0,0.0254428733950918,,0,,,,0,,,,,,,,0,0.14369413294328,,,,,0,0,0,0,0,0,,,,0,0.449894360474565
0,0,2017,2017-09-24,230,Rottal-Inn,09,Bayern,zweitstimme,168642,124299,123505,794,0.737058384032447,csu,,0,,0.165183595805838,,,,0,,0.000882555362131088,,0.0150520221853366,,,,,0.000153839925509089,0,,0,,0.427124407918708,,0.000801586980284199,0,0,0,0.00372454556495688,0,,8.09683818468888e-05,0.00129549410955022,,0,,0,0.0908060402412858,,,0.0379741710861908,,,0.00126310675681147,0,0.0524513177604146,,,,,,,,0.0446135783976357,,0,,0,0,8.90652200315777e-05,,0,,0.00293915226104206,0.0162260637221165,,0,,,,0.00224282417715882,,,,,,,,0,0.12764665398162,,,,,0.00828306546293672,0,0,0.0011659446985952,0,0,,,,0,0.427124407918708
0,0,2017,2017-09-24,231,Straubing,09,Bayern,erststimme,173953,129424,128050,1374,0.744017062079987,csu,,0,,0.150417805544709,,,,0,,0,,0.020507614213198,,,,,0,0,,0,,0.476188988676298,,0,0,0,0,0,0,,0,0,,0,,0,0.0442795782897306,,,0.0458805154236626,,,0,0,0.0359390862944162,,,,,,,,0.0372198360015619,,0,,0,0,0,,0,,0,0.0214681764935572,,0,,,,0,,,,,,,,0,0.168098399062866,,,,,0,0,0,0,0,0,,,,0,0.476188988676298
0,0,2017,2017-09-24,231,Straubing,09,Bayern,zweitstimme,173953,129424,128209,1215,0.744017062079987,csu,,0,,0.183887246605153,,,,0,,0.000670779742451778,,0.0132595995600933,,,,,5.45983511297959e-05,0,,0,,0.418940947983371,,0.000740977622475801,0,0,0,0.00343969612117714,0,,0.000116996466706705,0.00127916136932665,,0,,0,0.080399971920848,,,0.0421967256588851,,,0.000951571262547871,0,0.0455974229578267,,,,,,,,0.0436006832593656,,0,,0,0,0.00014819552449516,,0,,0.00454726267266729,0.0128462120443963,,0,,,,0.00219173380963895,,,,,,,,0,0.136589474997855,,,,,0.00737857716696956,0,0,0.00116216490261994,0,0,,,,0,0.418940947983371
0,0,2017,2017-09-24,232,Amberg,09,Bayern,erststimme,215876,169507,167850,1657,0.785205395690118,csu,,0,,0.111945189156985,,,,0,,0,,0.0109323801012809,,,,,0,0,,0,,0.477062853738457,,0,0,0,0,0,0,,0,0,,0,,0,0.0499731903485255,,,0.0606732201370271,,,0,0,0.0691808162049449,,,,,,,,0.0444504021447721,,0,,0,0,0,,0,,0,0.0169854036341972,,0,,,,0,,,,,,,,0,0.152397974381889,,,,,0,0,0.00639857015192136,0,0,0,,,,0,0.477062853738457
0,0,2017,2017-09-24,232,Amberg,09,Bayern,zweitstimme,215876,169507,168205,1302,0.785205395690118,csu,,0,,0.128117475699296,,,,0,,0.00111173865223983,,0.00862043339972058,,,,,0.000107012276686186,0,,0,,0.426384471329628,,0.00109390327279213,0,0,0,0.00551707737582117,0,,0.000124847656133884,0.00143872060878095,,0,,0,0.0764186558069023,,,0.0422282334056657,,,0.00131981807912963,0,0.0713236824113433,,,,,,,,0.0531969917659998,,0,,0,0,0.000285366071163164,,0,,0.0039594542373889,0.0103861359650427,,0,,,,0.00282393507921881,,,,,,,,0,0.155048898665319,,,,,0.00913171427722125,0,0,0.0013614339645076,0,0,,,,0,0.426384471329628
0,0,2017,2017-09-24,233,Regensburg,09,Bayern,erststimme,252916,198780,196889,1891,0.785952648310111,csu,,0,,0.118213815906424,,,,0,,0,,0,,,,,0,0,,0,,0.400520089999949,,0,0,0,0,0,0,,0,0,,0,,0,0.0622381138611096,,,0.0656308884701532,,,0,0,0.0931641686432457,,,,,,,,0.0597341649355728,,0,,0,0,0,,0,,0,0.0233583389625627,,0,,,,0.00841083046792863,,,,,,,,0,0.166906226350888,,,,,0,0,0,0,0.00182336240216569,0,,,,0,0.400520089999949
0,0,2017,2017-09-24,233,Regensburg,09,Bayern,zweitstimme,252916,198780,197661,1119,0.785952648310111,csu,,0,,0.1296411532877,,,,0,,0.00117372673415595,,0.00696141373361462,,,,,0.000156834175684632,0,,0,,0.378020955069538,,0.00144692174986467,0,0,0,0.00687034872837839,0,,0.000212485012217888,0.00135585674462843,,0,,0,0.089643379321161,,,0.0423654641026809,,,0.00118384506807109,0,0.102862982581288,,,,,,,,0.0670794946904043,,0,,0,0,0.000156834175684632,,0,,0.00213496845609402,0.00986031640030153,,0,,,,0.00393097272603093,,,,,,,,0,0.144601109981231,,,,,0.00862082049569718,0,0,0.00172011676557338,0,0,,,,0,0.378020955069538
0,0,2017,2017-09-24,234,Schwandorf,09,Bayern,erststimme,216418,162549,159086,3463,0.751088171963515,csu,,0,,0,,,,0,,0,,0,,,,,0,0,,0,,0.484593238877085,,0,0,0,0,0,0,,0,0,,0,,0,0.0464654337905284,,,0.0974064342556856,,,0,0,0.0387966257244509,,,,,,,,0.0498409665212527,,0,,0,0,0,,0,,0,0.0227801315012006,,0,,,,0,,,,,,,,0,0.241762317237218,,,,,0,0,0,0,0,0,,,,0.0183548520925789,0.484593238877085
0,0,2017,2017-09-24,234,Schwandorf,09,Bayern,zweitstimme,216418,162549,161281,1268,0.751088171963515,csu,,0,,0.173647236810288,,,,0,,0.000644837271594298,,0.00987097054209733,,,,,9.30053757107161e-05,0,,0,,0.414351349508002,,0.000874250531680731,0,0,0,0.00368301287814436,0,,9.92057340914305e-05,0.00100445805767573,,0,,0,0.0657734017026184,,,0.0513265666755538,,,0.00120906988423931,0,0.0452750168959766,,,,,,,,0.045504430156063,,0,,0,0,0.000192211109802147,,0,,0.00400543151394151,0.0086060974324316,,0,,,,0.0027529591210372,,,,,,,,0,0.161965761621022,,,,,0.00793645872731444,0,0,0.00118426845071645,0,0,,,,0,0.414351349508002
0,0,2017,2017-09-24,235,Weiden,09,Bayern,erststimme,168415,130514,128191,2323,0.774954724935427,csu,,0,,0,,,,0,,0,,0.0242060675086395,,,,,0,0,,0,,0.462473964630902,,0,0,0,0,0,0,,0,0,,0,,0,0.0411027295207932,,,0.0569072711812842,,,0,0,0.0355173140080037,,,,,,,,0.0442854802599246,,0,,0,0,0,,0,,0,0.0125827866230859,,0,,,,0,,,,,,,,0,0.223213798160557,,,,,0,0,0,0,0,0,,,,0.0997105881068094,0.462473964630902
0,0,2017,2017-09-24,235,Weiden,09,Bayern,zweitstimme,168415,130514,129342,1172,0.774954724935427,csu,,0,,0.134612113621252,,,,0,,0.000873652796462093,,0.00999675279491581,,,,,0.00010824016947318,0,,0,,0.430571662723632,,0.000749949745635602,0,0,0,0.0044842355924603,0,,0.000131434491503147,0.00110559601676176,,0,,0,0.0655548854973636,,,0.0391288212645544,,,0.00151536237262452,0,0.0496822377881895,,,,,,,,0.0479658579579719,,0,,0,0,0.000170091694886425,,0,,0.00381933169426791,0.00742218304958946,,0,,,,0.0027214671181828,,,,,,,,0,0.190433115306706,,,,,0.0074685716936494,0,0,0.00148443660991789,0,0,,,,0,0.430571662723632
0,0,2017,2017-09-24,236,Bamberg,09,Bayern,erststimme,182513,145222,144133,1089,0.795680307704109,csu,,0,,0.115192218298377,,,,0,,0,,0.00569612788188687,,,,,0,0,,0,,0.42096535838427,,0,0,0,0,0,0,,0,0,,0,,0,0.0649677728209362,,,0.0291605669763344,,,0,0,0.0915404522212124,,,,,,,,0.0520630251226298,,0,,0,0,0.00244218881172251,,0,,0,0.0134736666828554,,0,,,,0,,,,,,,,0,0.204498622799775,,,,,0,0,0,0,0,0,,,,0,0.42096535838427
0,0,2017,2017-09-24,236,Bamberg,09,Bayern,zweitstimme,182513,145222,144421,801,0.795680307704109,csu,,0,,0.127349900637719,,,,0,,0.00141253695792163,,0.00430685288150615,,,,,0.000173105019353141,0,,0,,0.388710783057866,,0.0016202629811454,0,0,0,0.00902223360868572,0,,0.00011078721238601,0.00197339722062581,,0,,0,0.0953877898643549,,,0.0237153876513803,,,0.00130174974553562,0,0.0988706628537401,,,,,,,,0.0647482014388489,,0,,0,0,0.000761662085153821,,0,,0.00391909763815512,0.00655721813309699,,0,,,,0.00332361637158031,,,,,,,,0,0.155995319240277,,,,,0.00903608201023397,0,0,0.00170335339043491,0,0,,,,0,0.388710783057866
0,0,2017,2017-09-24,237,Bayreuth,09,Bayern,erststimme,163934,127222,126171,1051,0.776056217746166,csu,,0,,0.0938805272209937,,,,0,,0,,0,,,,,0,0,,0,,0.464964215231709,,0,0,0,0,0.0131725990917089,0,,0,0,,0,,0,0.0663226890489891,,,0.0351427824143424,,,0,0,0.0708245159347235,,,,,,,,0.0434014155392285,,0,,0,0,0,,0,,0,0,,0,,,,0,,,,,,,,0,0.212291255518305,,,,,0,0,0,0,0,0,,,,0,0.464964215231709
0,0,2017,2017-09-24,237,Bayreuth,09,Bayern,zweitstimme,163934,127222,126529,693,0.776056217746166,csu,,0,,0.107216527436398,,,,0,,0.00109065905839768,,0.00274245429901446,,,,,9.48399181215374e-05,0,,0,,0.419374214606928,,0.00123291893557999,0,0,0,0.00943657185309297,0,,0.000118549897651922,0.00139888879229268,,0,,0,0.0898529190936465,,,0.0271953465213508,,,0.00149372871041421,0,0.0789858451422204,,,,,,,,0.0554971587541196,,0,,0,0,0.000189679836243075,,0,,0.00305068403290945,0.00420456970338816,,0,,,,0.00294794078827779,,,,,,,,0,0.183341368381952,,,,,0.00802187640778003,0,0,0.00251325783022074,0,0,,,,0,0.419374214606928
0,0,2017,2017-09-24,238,Coburg,09,Bayern,erststimme,159654,123200,121693,1507,0.771668733636489,csu,,0,,0.104878670096061,,,,0,,0,,0,,,,,0,0,,0,,0.4525979308588,,0,0,0,0,0,0,,0,0,,0,,0,0.0482936569893092,,,0,,,0,0,0.0585818411905369,,,,,,,,0.051810703984617,,0,,0,0,0.00111756633495764,,0,,0.0047907439211787,0.0136326658065789,,0,,,,0,,,,,,,,0,0.26429622081796,,,,,0,0,0,0,0,0,,,,0,0.4525979308588
0,0,2017,2017-09-24,238,Coburg,09,Bayern,zweitstimme,159654,123200,122179,1021,0.771668733636489,csu,,0,,0.116288396532956,,,,0,,0.000875764247538448,,0.00193159217214088,,,,,0.000106401263719624,0,,0,,0.396221936666694,,0.00127681516463549,0,0,0,0.00678512674027452,0,,9.82165511258072e-05,0.00107219734979006,,0,,0,0.0815770304225767,,,0.0200443611422585,,,0.00112949033794678,0,0.0667463312025798,,,,,,,,0.0564335933343701,,0,,0,0,0.000581114594161026,,0,,0.00458343905253767,0.0052136619222616,,0,,,,0.00316748377380728,,,,,,,,0,0.225513386097447,,,,,0.0092896487939826,0,0,0.00106401263719624,0,0,,,,0,0.396221936666694
0,0,2017,2017-09-24,239,Hof,09,Bayern,erststimme,167552,126918,125858,1060,0.757484243697479,csu,,0,,0.118331770725739,,,,0,,0,,0,,,,,0,0.00284447552003051,,0,,0.470228352587837,,0,0,0,0,0.00995566432010679,0,,0,0,,0,,0,0.0374708004258768,,,0.0267126444087781,,,0,0,0.0471642644885506,,,,,,,,0.0441767706462839,,0,,0,0,0,,0,,0,0,,0,,,,0.00760380746555642,,,,,,,,0,0.235511449411241,,,,,0,0,0,0,0,0,,,,0,0.470228352587837
0,0,2017,2017-09-24,239,Hof,09,Bayern,zweitstimme,167552,126918,125792,1126,0.757484243697479,csu,,0,,0.132003625031799,,,,0,,0.0014627321292292,,0.00272672348003053,,,,,0.000143093360468074,0,,0,,0.387719409819384,,0.00116859577715594,0,0,0,0.0100165352327652,0,,0.000127194098193844,0.00136733655558382,,0,,0,0.0786218519460697,,,0.0262417323836174,,,0.00139913508013228,0,0.0555599720172984,,,,,,,,0.057118099720173,,0,,0,0,0.000270287458661918,,0,,0.00449154159247011,0.00302880946324091,,0,,,,0.00395891630628339,,,,,,,,0,0.220801004833376,,,,,0.010207326380056,0,0,0.0015660773340117,0,0,,,,0,0.387719409819384
0,0,2017,2017-09-24,240,Kulmbach,09,Bayern,erststimme,170897,135072,133677,1395,0.790370808147598,csu,,0,,0.115928693791752,,,,0,,0,,0,,,,,0,0,,0,,0.554358640603844,,0,0,0,0,0,0,,0,0,,0,,0,0.0402537459697629,,,0.0314115367639908,,,0,0,0.0439866244754146,,,,,,,,0.0378299931925462,,0,,0,0,0,,0,,0,0.0154402028770843,,0,,,,0,,,,,,,,0,0.160790562325606,,,,,0,0,0,0,0,0,,,,0,0.554358640603844
0,0,2017,2017-09-24,240,Kulmbach,09,Bayern,zweitstimme,170897,135072,133912,1160,0.790370808147598,csu,,0,,0.134394229045941,,,,0,,0.00112013859848259,,0.00383834159746699,,,,,7.46759065655057e-05,0,,0,,0.433956628233467,,0.00114254137045224,0,0,0,0.00751239620048987,0,,0.00012694904116136,0.00184449489216799,,0,,0,0.0771775494354502,,,0.02658462273732,,,0.00148605054065356,0,0.0594868271700818,,,,,,,,0.0480240755122767,,0,,0,0,0.000380847123484079,,0,,0.00554095226716052,0.00695979449190513,,0,,,,0.00314385566640779,,,,,,,,0,0.176795208793835,,,,,0.00898351155983034,0,0,0.00142630981540116,0,0,,,,0,0.433956628233467
0,0,2017,2017-09-24,241,Ansbach,09,Bayern,erststimme,243760,185955,183903,2052,0.762861010830325,csu,,0,,0.105468643795914,,,,0,,0,,0,,,,,0,0,,0,,0.442793211638744,,0,0,0,0,0,0,,0,0,,0,,0,0.041657830486724,,,0.0651430373620876,,,0,0,0.0758334556804402,,,,,,,,0.0607874803564923,,0,,0,0,0,,0,,0,0.0230773831857012,,0,,,,0,,,,,,,,0,0.183547848594096,,,,,0,0,0,0,0.00169110889980044,0,,,,0,0.442793211638744
0,0,2017,2017-09-24,241,Ansbach,09,Bayern,zweitstimme,243760,185955,184418,1537,0.762861010830325,csu,,0,,0.117851836588619,,,,0,,0.000954353696493835,,0.00267869730720429,,,,,0.000113871747877105,0,,0,,0.403566896940646,,0.000965198624863083,0,0,0,0.00655575919921049,0,,0.000135561604615602,0.00158335954191023,,0,,0,0.0749655673524276,,,0.0339012460822696,,,0.0015779370777256,0,0.0880553958941101,,,,,,,,0.0661974427658905,,0,,0,0,0.000195208710646466,,0,,0.00427290177748376,0.0115552711774339,,0,,,,0.00440304091791474,,,,,,,,0,0.170612413105011,,,,,0.00859460573262914,0,0,0.00126343415501741,0,0,,,,0,0.403566896940646
0,0,2017,2017-09-24,242,Erlangen,09,Bayern,erststimme,180730,148048,147160,888,0.819166712775964,csu,,0,,0.0793014406088611,,,,0,,0,,0,,,,,0,0,,0,,0.426522152758902,,0,0,0,0,0,0,,0,0,,0,,0,0.059207665126393,,,0.0287374286490894,,,0,0,0.109941560206578,,,,,,,,0.0586640391410709,,0,,0,0,0,,0,,0,0.0180076107637945,,0,,,,0.00920086980157652,,,,,,,,0,0.210417232943735,,,,,0,0,0,0,0,0,,,,0,0.426522152758902
0,0,2017,2017-09-24,242,Erlangen,09,Bayern,zweitstimme,180730,148048,147372,676,0.819166712775964,csu,,0,,0.0946787720869636,,,,0,,0.00143853649268518,,0.00189995385826344,,,,,0.000115354341394566,0,,0,,0.355657791167929,,0.002049235947127,0,0,0,0.0085090790652227,0,,0.000108568791900768,0.00146567869066037,,0,,0,0.101600032570638,,,0.0219512526124366,,,0.000963548028119317,0,0.134774584045816,,,,,,,,0.0754213826235649,,0,,0,0,0.000461417365578265,,0,,0.00244958336726108,0.00859050565914828,,0,,,,0.00460060255679505,,,,,,,,0,0.173560784952365,,,,,0.00791873625926228,0,0,0.00178459951686888,0,0,,,,0,0.355657791167929
0,0,2017,2017-09-24,243,Fürth,09,Bayern,erststimme,255491,198742,197027,1715,0.77788258686216,csu,,0,,0.106421962472148,,,,0,,0,,0.00410603622853721,,,,,0,0,,0,,0.398722002568176,,0,0,0,0,0,0,,0,0,,0,,0,0.0538910910687368,,,0.0437452734904353,,,0,0,0.0968801230288235,,,,,,,,0.0675592685266486,,0,,0,0,0,,0,,0,0,,0,,,,0,,,,,,,,0,0.228674242616494,,,,,0,0,0,0,0,0,,,,0,0.398722002568176
0,0,2017,2017-09-24,243,Fürth,09,Bayern,zweitstimme,255491,198742,197344,1398,0.77788258686216,csu,,0,,0.116714974866223,,,,0,,0.00132763093886817,,0.00319239500567537,,,,,0.000106413166855846,0,,0,,0.352035025133777,,0.001869831360467,0,0,0,0.0088677639046538,0,,0.0002330955083509,0.00169247608237393,,0,,0,0.0889056672612291,,,0.0261928409275174,,,0.0016418031457759,0,0.104082211772337,,,,,,,,0.0782491486946651,,0,,0,0,0.000253364682990109,,0,,0.00342549051402627,0.00637465542403113,,0,,,,0.00436293984108967,,,,,,,,0,0.187940854548403,,,,,0.0106919896221826,0,0,0.00183942759850819,0,0,,,,0,0.352035025133777
0,0,2017,2017-09-24,244,Nürnberg-Nord,09,Bayern,erststimme,192214,146205,144923,1282,0.76063658214282,csu,,0,,0.0924490936566315,,,,0,,0,,0,,,,,0,0,,0,,0.312855792386302,,0,0,0,0,0,0,,0,0,,0,,0,0.0716173416227928,,,0.0211008604569323,,,0,0,0.127398687578921,,,,,,,,0.100129034038765,,0,,0,0,0.00251167861554067,,0,,0,0.0161603058175721,,0,,,,0,,,,,,,,0,0.255777205826542,,,,,0,0,0,0,0,0,,,,0,0.312855792386302
0,0,2017,2017-09-24,244,Nürnberg-Nord,09,Bayern,zweitstimme,192214,146205,145303,902,0.76063658214282,csu,,0,,0.099812116749138,,,,0,,0.00242940613751953,,0.00172742476067253,,,,,0.000123879066502412,0,,0,,0.276016324508097,,0.00308321232183781,0,0,0,0.0142873856699449,0,,0.000743274399014473,0.00174118910139502,,0,,0,0.10606800960751,,,0.0125530787389111,,,0.00139708058333276,0,0.150781470444519,,,,,,,,0.11673537366744,,0,,0,0,0.000853389124794395,,0,,0.00214035498234723,0.00863024163300138,,0,,,,0.0055676758222473,,,,,,,,0,0.182074699077101,,,,,0.010977061726186,0,0,0.0022573518784884,0,0,,,,0,0.276016324508097
0,0,2017,2017-09-24,245,Nürnberg-Süd,09,Bayern,erststimme,181809,132085,130675,1410,0.726504188461517,csu,,0,,0.132159938779415,,,,0,,0,,0,,,,,0,0,,0,,0.355928831069447,,0,0,0,0,0,0,,0,0,,0,,0,0.0584044384924431,,,0.0283604361966711,,,0,0,0.0777731012052803,,,,,,,,0.0824335182705185,,0,,0,0,0,,0,,0,0,,0,,,,0,,,,,,,,0,0.264939735986225,,,,,0,0,0,0,0,0,,,,0,0.355928831069447
0,0,2017,2017-09-24,245,Nürnberg-Süd,09,Bayern,zweitstimme,181809,132085,130978,1107,0.726504188461517,csu,,0,,0.14261173632213,,,,0,,0.00197743132434455,,0.00269510910229199,,,,,0.000129792789628793,0,,0,,0.312128754447312,,0.0020079708042572,0,0,0,0.00956649208263983,0,,0.000419917848799035,0.00215303333384232,,0,,0,0.0855029088854617,,,0.0167356349921361,,,0.00197743132434455,0,0.0928858281543465,,,,,,,,0.0888698865458321,,0,,0,0,0.000503901418558842,,0,,0.00391668829879827,0.00677976454060987,,0,,,,0.00506955366550108,,,,,,,,0,0.209706973690238,,,,,0.0124372031944296,0,0,0.0019239872344974,0,0,,,,0,0.312128754447312
0,0,2017,2017-09-24,246,Roth,09,Bayern,erststimme,227560,185895,184186,1709,0.81690543153454,csu,,0,,0.102749394633686,,,,0,,0,,0,,,,,0,0,,0,,0.44451804154496,,0,0,0,0,0,0,,0,0,,0,,0,0.0465996329797053,,,0.049900643914304,,,0,0,0.0785347420542278,,,,,,,,0.0482501384470047,,0,,0,0,0,,0,,0,0.0123299273560423,,0,,,,0.0112386392016766,,,,,,,,0,0.205878839868394,,,,,0,0,0,0,0,0,,,,0,0.44451804154496
0,0,2017,2017-09-24,246,Roth,09,Bayern,zweitstimme,227560,185895,184554,1341,0.81690543153454,csu,,0,,0.115505488908395,,,,0,,0.001229992305775,,0.00264421253400089,,,,,0.000119206302762335,0,,0,,0.377900235161525,,0.00134919860853734,0,0,0,0.00681101466237524,0,,0.000162554049221366,0.00185853462943095,,0,,0,0.0866413082349881,,,0.0329442873088635,,,0.00138712788668899,0,0.0977112389869632,,,,,,,,0.0630438787563532,,0,,0,0,0.000195064859065639,,0,,0.00301808684721003,0.00653467277869892,,0,,,,0.00461111652957942,,,,,,,,0,0.184444661183177,,,,,0.0103709483403232,0,0,0.00151717112606608,0,0,,,,0,0.377900235161525
0,0,2017,2017-09-24,247,Aschaffenburg,09,Bayern,erststimme,183362,144938,142890,2048,0.790447311874871,csu,,0,,0.10487087969767,,,,0,,0,,0,,,,,0,0,,0,,0.480845405556722,,0,0,0,0,0,0,,0,0,,0,,0,0.0796486808034152,,,0,,,0,0,0.091986843026104,,,,,,,,0.0478200013996781,,0,,0,0,0.00240744628735391,,0,,0,0.0195814962558612,,0,,,,0,,,,,,,,0,0.165581916159283,,,,,0,0,0,0,0,0,,,,0.0072573308139128,0.480845405556722
0,0,2017,2017-09-24,247,Aschaffenburg,09,Bayern,zweitstimme,183362,144938,143430,1508,0.790447311874871,csu,,0,,0.116028724813498,,,,0,,0.00140835250644914,,0.00281670501289828,,,,,0.000139440842222687,0,,0,,0.38352506449139,,0.001401380464338,0,0,0,0.00861047200725092,0,,0.000174301052778359,0.00213344488600711,,0,,0,0.108833577354807,,,0.0168932580352785,,,0.00165934602244998,0,0.0936484696367566,,,,,,,,0.0606497943247577,,0,,0,0,0.000732064421669107,,0,,0.00327685979223315,0.00764135815380325,,0,,,,0.00323502753956634,,,,,,,,0,0.175681517116363,,,,,0.00925189988147528,0,0,0.00225894164400753,0,0,,,,0,0.38352506449139
0,0,2017,2017-09-24,248,Bad Kissingen,09,Bayern,erststimme,216030,171202,169407,1795,0.792491783548581,csu,,0,,0.104794961247174,,,,0,,0,,0,,,,,0,0,,0,,0.511212641744438,,0,0,0,0,0,0,,0,0,,0,,0,0.0562786661708194,,,0,,,0,0,0.0707172667009037,,,,,,,,0.053545603192312,,0,,0,0,0,,0,,0,0.0122958319313842,,0,,,,0,,,,,,,,0,0.191155029012969,,,,,0,0,0,0,0,0,,,,0,0.511212641744438
0,0,2017,2017-09-24,248,Bad Kissingen,09,Bayern,zweitstimme,216030,171202,169902,1300,0.792491783548581,csu,,0,,0.115654906946357,,,,0,,0.00114772045061271,,0.00290755847488552,,,,,0.000153029393415028,0,,0,,0.446068910313004,,0.00110652022930866,0,0,0,0.00634483408082306,0,,9.41719344092477e-05,0.00184223846688091,,0,,0,0.0887805911643183,,,0.0239844145448553,,,0.00166566608986357,0,0.0668561876846653,,,,,,,,0.0593577474073289,,0,,0,0,0.000223658344221963,,0,,0.00545020070393521,0.00640957728572942,,0,,,,0.00359030499935257,,,,,,,,0,0.15835010770915,,,,,0.00840484514602536,0,0,0.00160680863085779,0,0,,,,0,0.446068910313004
0,0,2017,2017-09-24,249,Main-Spessart,09,Bayern,erststimme,196183,157206,155377,1829,0.801323254308477,csu,,0,,0.0905861227852256,,,,0,,0,,0,,,,,0,0,,0,,0.466002046634959,,0,0,0,0,0,0,,0,0,,0,,0,0.0496083718954543,,,0.0353205429375004,,,0,0,0.0711173468402659,,,,,,,,0.0483662318103709,,0,,0,0,0,,0,,0,0.0127882505132677,,0,,,,0,,,,,,,,0,0.226211086582956,,,,,0,0,0,0,0,0,,,,0,0.466002046634959
0,0,2017,2017-09-24,249,Main-Spessart,09,Bayern,zweitstimme,196183,157206,155968,1238,0.801323254308477,csu,,0,,0.1080734509643,,,,0,,0.00117972917521543,,0.0022055806319245,,,,,0.000134643003693065,0,,0,,0.418322989331145,,0.00108996717275339,0,0,0,0.00676420804267542,0,,0.000121819860484202,0.00219916906032007,,0,,0,0.0879667624128026,,,0.0289225995075913,,,0.00163495075913008,0,0.0765477533853098,,,,,,,,0.054895876077144,,0,,0,0,0.000333401723430447,,0,,0.00290444193680755,0.00609740459581453,,0,,,,0.00314808165777595,,,,,,,,0,0.185313654082889,,,,,0.00884155724251128,0,0,0.00330195937628231,0,0,,,,0,0.418322989331145
0,0,2017,2017-09-24,250,Schweinfurt,09,Bayern,erststimme,199041,156159,154269,1890,0.784556950578022,csu,,0,,0.11148059558304,,,,0,,0,,0.00988533017002768,,,,,0,0,,0,,0.479039858947682,,0,0,0,0,0,0,,0,0,,0,,0,0.0616196384237922,,,0,,,0,0,0.0743247185111721,,,,,,,,0.0783760833349539,,0,,0,0,0.0017048143178474,,0,,0,0.0127893484757145,,0,,,,0,,,,,,,,0,0.17077961223577,,,,,0,0,0,0,0,0,,,,0,0.479039858947682
0,0,2017,2017-09-24,250,Schweinfurt,09,Bayern,zweitstimme,199041,156159,154941,1218,0.784556950578022,csu,,0,,0.122014186045011,,,,0,,0.00105201334701596,,0.00422096152729103,,,,,0.000129081392271897,0,,0,,0.410956428576039,,0.00106492148624315,0,0,0,0.00646697775282204,0,,0.000109719183431112,0.00262680633273311,,0,,0,0.0889951659018594,,,0.0237767924564834,,,0.00152316042880839,0,0.0756223336624909,,,,,,,,0.0672643135128856,,0,,0,0,0.000806758701699357,,0,,0.00365300340129469,0.00573766788648582,,0,,,,0.00348519759134122,,,,,,,,0,0.168857823300482,,,,,0.00988763464802731,0,0,0.00174905286528421,0,0,,,,0,0.410956428576039
0,0,2017,2017-09-24,251,Würzburg,09,Bayern,erststimme,225998,182961,181297,1664,0.809569111231073,csu,,0,,0.0765153311968758,,,,0,,0,,0,,,,,0,0,,0,,0.422042284207681,,0,0,0,0,0.0211145247852971,0,,0,0,,0,,0,0.080486715169032,,,0,,,0,0,0.139875452985984,,,,,,,,0.0558751661638086,,0,,0,0,0,,0,,0,0.0169445716145331,,0,,,,0,,,,,,,,0,0.187145953876788,,,,,0,0,0,0,0,0,,,,0,0.422042284207681
0,0,2017,2017-09-24,251,Würzburg,09,Bayern,zweitstimme,225998,182961,181907,1054,0.809569111231073,csu,,0,,0.0866596667527913,,,,0,,0.00172615677241667,,0.0017756326034732,,,,,8.79570329893847e-05,0,,0,,0.371536004661723,,0.00192955741120463,0,0,0,0.0112639975372031,0,,0.000148427493169587,0.00255075395669216,,0,,0,0.103420978851831,,,0.0144744292413156,,,0.00119291725991853,0,0.130390804092201,,,,,,,,0.0710857745991083,,0,,0,0,0.000329838873710193,,0,,0.00214944999367809,0.00677818885474446,,0,,,,0.00355126520694641,,,,,,,,0,0.176606727613561,,,,,0.0100930695355319,0,0,0.00224840165579115,0,0,,,,0,0.371536004661723
0,0,2017,2017-09-24,252,Augsburg-Stadt,09,Bayern,erststimme,210528,153228,151642,1586,0.727827177382581,csu,,0,,0.133010643489271,,,,0,,0,,0,,,,,0.00217617810369159,0,,0,,0.347984067738489,,0,0,0,0,0,0,,0,0,,0,,0,0.0606098574273618,,,0.0211287110431147,,,0,0,0.13889291884834,,,,,,,,0.0847390564619301,,0,,0,0,0.00267735851545086,,0,,0,0.0156618878674773,,0,,,,0,,,,,,,,0,0.193119320504873,,,,,0,0,0,0,0,0,,,,0,0.347984067738489
0,0,2017,2017-09-24,252,Augsburg-Stadt,09,Bayern,zweitstimme,210528,153228,152054,1174,0.727827177382581,csu,,0,,0.138207478921962,,,,0,,0.00209793889013114,,0.00469570021176687,,,,,0.000532705486208847,0,,0,,0.318439501755955,,0.00233469688400174,0,0,0,0.0111605087666224,0,,0.000269641048574848,0.00220316466518474,,0,,0,0.0996290791429361,,,0.0151393583858366,,,0.00143370118510529,0,0.123521906691044,,,,,,,,0.0897641627316611,,0,,0,0,0.000953608586423244,,0,,0.00219658805424389,0.0081747273994765,,0,,,,0.00615570784063556,,,,,,,,0,0.158575243005774,,,,,0.0104699646178331,0,0,0.00404461572862273,0,0,,,,0,0.318439501755955
0,0,2017,2017-09-24,253,Augsburg-Land,09,Bayern,erststimme,248812,199077,197263,1814,0.80011012330595,csu,,0,,0.123079340778555,,,,0,,0,,0,,,,,0,0,,0,,0.477798674865535,,0,0,0,0,0,0,,0,0,,0,,0,0.0607108276767564,,,0.0663074170016678,,,0,0,0.0750723653193959,,,,,,,,0.0366566462032921,,0,,0,0,0,,0,,0,0.0193802182872612,,0,,,,0,,,,,,,,0,0.140994509867537,,,,,0,0,0,0,0,0,,,,0,0.477798674865535
0,0,2017,2017-09-24,253,Augsburg-Land,09,Bayern,zweitstimme,248812,199077,197846,1231,0.80011012330595,csu,,0,,0.136697229158032,,,,0,,0.00120801027061452,,0.00755132780041042,,,,,0.000156687524640377,0,,0,,0.413609575124086,,0.0013192078687464,0,0,0,0.00551944441636424,0,,0.000141524215804211,0.00183476036917603,,0,,0,0.103944482071915,,,0.0332531362777109,,,0.00132426230502512,0,0.0881847497548598,,,,,,,,0.0492150460459145,,0,,0,0,0.000232504068821204,,0,,0.00269401453655874,0.00981066081699908,,0,,,,0.00364930299323716,,,,,,,,0,0.127573971674939,,,,,0.00963880998352254,0,0,0.00244129272262265,0,0,,,,0,0.413609575124086
0,0,2017,2017-09-24,254,Donau-Ries,09,Bayern,erststimme,190782,147825,146456,1369,0.774837248797056,csu,,0,,0.128359370732507,,,,0,,0,,0,,,,,0,0,,0,,0.469560823728628,,0,0,0,0,0,0,,0,0,,0,,0,0.0499877096192713,,,0.0503837329983067,,,0,0,0.0644289069754739,,,,,,,,0.0423198776424319,,0,,0,0,0,,0,,0,0.0135945266837822,,0,,,,0,,,,,,,,0,0.181365051619599,,,,,0,0,0,0,0,0,,,,0,0.469560823728628
0,0,2017,2017-09-24,254,Donau-Ries,09,Bayern,zweitstimme,190782,147825,146825,1000,0.774837248797056,csu,,0,,0.147011748680402,,,,0,,0.000837731993870254,,0.00721947897156479,,,,,9.53516090584029e-05,0,,0,,0.433427549804189,,0.000885407798399455,0,0,0,0.0043589306998127,0,,0.000136216584369147,0.00130086838072535,,0,,0,0.0915375446960667,,,0.0346875532096033,,,0.00134854418525455,0,0.0688029967648561,,,,,,,,0.0455440149838243,,0,,0,0,0.000177081559679891,,0,,0.00430444406606504,0.0072331006300017,,0,,,,0.00339860378001022,,,,,,,,0,0.138184914013281,,,,,0.0079209943810659,0,0,0.00158692320790056,0,0,,,,0,0.433427549804189
0,0,2017,2017-09-24,255,Neu-Ulm,09,Bayern,erststimme,239647,182045,180376,1669,0.759638134422714,csu,,0,,0.136448307978889,,,,0,,0,,0,,,,,0,0,,0,,0.446306603982791,,0,0,0,0,0,0,,0,0,,0,,0,0.0597640484321639,,,0.0511265356810219,,,0,0,0.0915809198563002,,,,,,,,0.0435479221182419,,0,,0,0,0,,0,,0,0.0132556437663547,,0,,,,0.00713509557812569,,,,,,,,0,0.146466270457267,,,,,0,0,0.00436865214884464,0,0,0,,,,0,0.446306603982791
0,0,2017,2017-09-24,255,Neu-Ulm,09,Bayern,zweitstimme,239647,182045,180775,1270,0.759638134422714,csu,,0,,0.151165813857005,,,,0,,0.001482505877472,,0.00481814410178399,,,,,0.000182547365509611,0,,0,,0.398860461900152,,0.00120038722168441,0,0,0,0.00557046051721754,0,,0.000154888673765731,0.00208546535748859,,0,,0,0.103039690222652,,,0.0284441985894067,,,0.00157654542940119,0,0.0824118379200664,,,,,,,,0.0513013414465496,,0,,0,0,0.000215737795602268,,0,,0.00471857281150602,0.00913843175217812,,0,,,,0.0047462315032499,,,,,,,,0,0.137341999723413,,,,,0.00968054211035818,0,0,0.00186419582353755,0,0,,,,0,0.398860461900152
0,0,2017,2017-09-24,256,Oberallgäu,09,Bayern,erststimme,226604,176437,175197,1240,0.778613793225186,csu,,0,,0.0960347494534724,,,,0,,0,,0.0104910472211282,,,,,0,0,,0,,0.504329412033311,,0,0,0,0,0,0,,0,0,,0,,0,0.069989782930073,,,0.0445498495978812,,,0,0,0.0922504380782776,,,,,,,,0.0471697574730161,,0,,0,0,0,,0,,0,0.0127456520374207,,0,,,,0,,,,,,,,0,0.12243931117542,,,,,0,0,0,0,0,0,,,,0,0.504329412033311
0,0,2017,2017-09-24,256,Oberallgäu,09,Bayern,zweitstimme,226604,176437,175345,1092,0.778613793225186,csu,,0,,0.10567167583906,,,,0,,0.00318800079842596,,0.00735122187687131,,,,,0.000159685192049959,0,,0,,0.415495166671419,,0.00130599674926573,0,0,0,0.0052981265505147,0,,0.000102654766317831,0.00245801134905472,,0,,0,0.107987111123785,,,0.0294048875074852,,,0.0012033419829479,0,0.112874618609028,,,,,,,,0.0577718212666458,,0,,0,0,0.000228121702928512,,0,,0.00208161053922268,0.00916478941515298,,0,,,,0.00329065556474379,,,,,,,,0,0.123898599903048,,,,,0.00920471071316547,0,0,0.00185919187886738,0,0,,,,0,0.415495166671419
0,0,2017,2017-09-24,257,Ostallgäu,09,Bayern,erststimme,247539,191581,189889,1692,0.773942691858657,csu,,0,,0.126484419845278,,,,0,,0,,0.0140081837283887,,,,,0,0,,0,,0.492024287873442,,0,0,0,0,0,0,,0,0,,0,,0,0.0559642738652581,,,0.0339408812516786,,,0,0,0.0870877196678059,,,,,,,,0.0534680787196731,,0,,0,0,0,,0,,0,0.0200801520888519,,0,,,,0,,,,,,,,0,0.113803327206947,,,,,0,0,0.00313867575267656,0,0,0,,,,0,0.492024287873442
0,0,2017,2017-09-24,257,Ostallgäu,09,Bayern,zweitstimme,247539,191581,190169,1412,0.773942691858657,csu,,0,,0.133481271921291,,,,0,,0.00181417581204087,,0.0111637543448196,,,,,0.000126203534750669,0,,0,,0.420320872487104,,0.00115160725459986,0,0,0,0.00499029810326604,0,,0.000126203534750669,0.00222959578059516,,0,,0,0.104633247269534,,,0.0268813529018925,,,0.00119367509951675,0,0.0852610046853062,,,,,,,,0.0546198381439667,,0,,0,0,0.000184046821511393,,0,,0.00279751168697317,0.0146659024341507,,0,,,,0.00330758430659045,,,,,,,,0,0.121176427283101,,,,,0.00816642039449122,0,0,0.00170900619974864,0,0,,,,0,0.420320872487104
0,0,2017,2017-09-24,258,Stuttgart I,08,Baden-Württemberg,erststimme,194368,160834,159677,1157,0.827471600263418,cdu,,0,,0.0666720942903486,,,,0,,0,,0,,,,,0.000538587273057485,0,,0.320133770048285,,0,,0,0,0,0,0.0109909379559987,0,,0,0,,0,,0,0.0839131496708981,,,0,,,0,0,0.297037143733913,,,,,,,,0.0651878479680856,,0,,0,0,0.00134646818264371,,0,,0,0.00451536539388891,,0,,,,0.00900568021693794,,,,,,,,0,0.12845932726692,,,,,0.00986992491091391,0,0,0,0,0,,,,0.00232970308810912,0.320133770048285
0,0,2017,2017-09-24,258,Stuttgart I,08,Baden-Württemberg,zweitstimme,194368,160834,159985,849,0.827471600263418,cdu,,0,,0.0716004625433634,,,,0,,0.00252523674094446,,0,,,,,0,0,,0.289045848048255,,0,,0.00270025314873269,0,0,0,0.0100134387598837,8.75082038941151e-05,,0.00033128105759915,0.0015626464981092,,0,,0,0.163784104759821,,,0.00300028127636966,,,0,0,0.1955370816014,,,,,,,,0.0926961902678376,,0.000850079694971404,,0,0,0.000900084382910898,,0,,0.000712566803137794,0.00311279182423352,,0,,,,0.00628808950839141,,,,,,,,0,0.145951182923399,,,,,0.00664437290996031,0.00126886895646467,0,0.00138763009032097,0,0,,,,0,0.289045848048255
0,0,2017,2017-09-24,259,Stuttgart II,08,Baden-Württemberg,erststimme,182501,139180,137837,1343,0.762625958213928,cdu,,0,,0.104072201223184,,,,0,,0,,0,,,,,0.000819808904720793,0,,0.334931839781771,,0,,0,0,0,0,0.0112379114461284,0,,0,0,,0,,0,0.0863556229459434,,,0,,,0,0,0.158520571399552,,,,,,,,0.0893881903988044,,0,,0,0,0.00251746628263819,,0,,0,0.00444728193445882,,0,,,,0.00982319696453057,,,,,,,,0,0.184776221188795,,,,,0.0131096875294732,0,0,0,0,0,,,,0,0.334931839781771
0,0,2017,2017-09-24,259,Stuttgart II,08,Baden-Württemberg,zweitstimme,182501,139180,138027,1153,0.762625958213928,cdu,,0,,0.107942648902026,,,,0,,0.00291971860578003,,0,,,,,0,0,,0.290588073347968,,0,,0.00205756844675317,0,0,0,0.0100994732914575,0.000195613901627942,,0.000311533250740797,0.0022242025111029,,0,,0,0.139175668528621,,,0.00406442217826947,,,0,0,0.15265853782231,,,,,,,,0.0909459743383541,,0.00107949893861346,,0,0,0.00183297470784702,,0,,0.00131133763683917,0.00321676193788172,,0,,,,0.00717975468567744,,,,,,,,0,0.169952255718084,,,,,0.0093170176849457,0.00184021966716657,0,0.00108674389793301,0,0,,,,0,0.290588073347968
0,0,2017,2017-09-24,260,Böblingen,08,Baden-Württemberg,erststimme,245678,196557,194286,2271,0.800059427380555,cdu,,0,,0.112421893497215,,,,0,,0,,0,,,,,0,0,,0.38769134163038,,0,,0,0,0,0,0,0,,0,0,,0,,0,0.127991723541583,,,0,,,0,0,0.11944247140813,,,,,,,,0.050003602935878,,0,,0,0,0.00178087973400039,,0,,0,0,,0,,,,0,,,,,,,,0,0.195860741381263,,,,,0,0,0,0,0,0,,,,0.00480734587155019,0.38769134163038
0,0,2017,2017-09-24,260,Böblingen,08,Baden-Württemberg,zweitstimme,245678,196557,194900,1657,0.800059427380555,cdu,,0,,0.117362750128271,,,,0,,0.00125192406362237,,0,,,,,0,0,,0.353981528989225,,0,,0.00172396100564392,0,0,0,0.00647511544381734,0.000282195997947666,,0.000133401744484351,0.00194971780400205,,0,,0,0.151410979989738,,,0.00733196511031298,,,0,0,0.126967675731144,,,,,,,,0.0535351462288353,,0.00110312981015906,,0,0,0.000805541303232427,,0,,0.00249871729091842,0.00240636223704464,,0,,,,0.00527449974345818,,,,,,,,0,0.155443817342227,,,,,0.00698306824012314,0.00190354027706516,0,0.00117496151872755,0,0,,,,0,0.353981528989225
0,0,2017,2017-09-24,261,Esslingen,08,Baden-Württemberg,erststimme,168715,135479,134118,1361,0.803005067717749,cdu,,0,,0.107293577297604,,,,0,,0,,0,,,,,0,0,,0.400132718948985,,0,,0,0,0,0,0,0,,0,0,,0,,0,0.0869159993438614,,,0,,,0,0,0.15285793107562,,,,,,,,0.0585529160888173,,0,,0,0,0.00264692285897493,,0,,0,0,,0,,,,0,,,,,,,,0,0.191599934386138,,,,,0,0,0,0,0,0,,,,0,0.400132718948985
0,0,2017,2017-09-24,261,Esslingen,08,Baden-Württemberg,zweitstimme,168715,135479,134385,1094,0.803005067717749,cdu,,0,,0.109327677940246,,,,0,,0.00165941139264055,,0,,,,,0,0,,0.332983591918741,,0,,0.00150314395207799,0,0,0,0.00728503925289281,0.000200915280723295,,5.9530453547643e-05,0.00139152435167615,,0,,0,0.137753469509246,,,0.00738177623990773,,,0,0,0.145589165457454,,,,,,,,0.0622167652639804,,0.00104178293708375,,0,0,0.00127246344458087,,0,,0.00215797894110206,0.00233657030174499,,0,,,,0.0052684451389664,,,,,,,,0,0.168017263831529,,,,,0.00924954421996503,0.00197938758045913,0,0.00132455259143506,0,0,,,,0,0.332983591918741
0,0,2017,2017-09-24,262,Nürtingen,08,Baden-Württemberg,erststimme,207044,168052,166287,1765,0.811672881126717,cdu,,0,,0.119269696368327,,,,0,,0,,0,,,,,0,0,,0.394294202192595,,0,,0,0,0,0,0,0,,0,0,,0,,0,0.0985645299993385,,,0,,,0,0,0.147576178534702,,,,,,,,0.0479772922717952,,0,,0,0,0.00195445224220775,,0,,0,0,,0,,,,0,,,,,,,,0,0.190363648391035,,,,,0,0,0,0,0,0,,,,0,0.394294202192595
0,0,2017,2017-09-24,262,Nürtingen,08,Baden-Württemberg,zweitstimme,207044,168052,166609,1443,0.811672881126717,cdu,,0,,0.123306664105781,,,,0,,0.00135646933839108,,0,,,,,0,0,,0.336746514293946,,0,,0.00175860847853357,0,0,0,0.00664429892742889,0.000408141216861034,,9.00311507781693e-05,0.00155453787010306,,0,,0,0.149583755979569,,,0.00713646921834955,,,0,0,0.142087162158107,,,,,,,,0.0548109645937494,,0.000888307354344603,,0,0,0.000726251282943899,,0,,0.00223877461601714,0.00246685353132184,,0,,,,0.00486768421873968,,,,,,,,0,0.151192312540139,,,,,0.00926720645343289,0.00190265831977864,0,0.000966334351685683,0,0,,,,0,0.336746514293946
0,0,2017,2017-09-24,263,Göppingen,08,Baden-Württemberg,erststimme,178409,137585,135470,2115,0.771177463020363,cdu,,0,,0.144592898796782,,,,0,,0,,0,,,,,0,0,,0.375669890012549,,0,,0,0,0,0,0,0,,0,0,,0,,0,0.09221229792574,,,0,,,0,0,0.12120764744962,,,,,,,,0.0442459585148003,,0,,0,0,0.00261312467705027,,0,,0,0,,0,,,,0,,,,,,,,0,0.219458182623459,,,,,0,0,0,0,0,0,,,,0,0.375669890012549
0,0,2017,2017-09-24,263,Göppingen,08,Baden-Württemberg,zweitstimme,178409,137585,135948,1637,0.771177463020363,cdu,,0,,0.146791420248919,,,,0,,0.00137552593638744,,0,,,,,0,0,,0.3331420837379,,0,,0.00112543031158973,0,0,0,0.00660546679612793,0.000316297407832407,,0.000183893841763027,0.00162562156118516,,0,,0,0.126430694088916,,,0.00667166857916262,,,0,0,0.123201518227558,,,,,,,,0.0506222967605261,,0.00116220907994233,,0,0,0.00100038249919087,,0,,0.00273634036543384,0.00253037926265925,,0,,,,0.00589195869008739,,,,,,,,0,0.175979050813546,,,,,0.00916526907346927,0.00217730308647424,0,0.00126518963132963,0,0,,,,0,0.3331420837379
0,0,2017,2017-09-24,264,Waiblingen,08,Baden-Württemberg,erststimme,222891,178340,176407,1933,0.800122032742462,cdu,,0,,0.123934991241844,,,,0,,0,,0,,,,,0,0,,0.368228018162545,,0,,0,0,0,0,0,0,,0,0,,0,,0,0.13360014058399,,,0,,,0,0,0.122115335559247,,,,,,,,0.0488982863491812,,0,,0,0,0.00164959440385019,,0,,0,0.00941572613331671,,0,,,,0,,,,,,,,0,0.192157907566026,,,,,0,0,0,0,0,0,,,,0,0.368228018162545
0,0,2017,2017-09-24,264,Waiblingen,08,Baden-Württemberg,zweitstimme,222891,178340,176893,1447,0.800122032742462,cdu,,0,,0.129287196214661,,,,0,,0.00125499595800851,,0,,,,,0,0,,0.329984793066995,,0,,0.00135675238703623,0,0,0,0.00544396895298288,0.000141328373649607,,0.00011871583386567,0.00161114345960552,,0,,0,0.161775762749233,,,0.00585664780403973,,,0,0,0.121762873601556,,,,,,,,0.0558586264012708,,0.000949726670925362,,0,0,0.000808398297275754,,0,,0.00227821338323167,0.00394023505735105,,0,,,,0.00617322336101485,,,,,,,,0,0.159113136189674,,,,,0.00879062484100558,0.00243650116171923,0,0.00105713623489906,0,0,,,,0,0.329984793066995
0,0,2017,2017-09-24,265,Ludwigsburg,08,Baden-Württemberg,erststimme,218074,175304,173535,1769,0.803873914359346,cdu,,0,,0.116155242458294,,,,0,,0,,0,,,,,0,0,,0.382804621546086,,0,,0,0,0,0,0,0,,0,0,,0,,0,0.10194485262339,,,0.0209986458063215,,,0,0,0.14234592445328,,,,,,,,0.0546690869277091,,0,,0,0,0.00261042441006137,,0,,0,0,,0,,,,0,,,,,,,,0,0.178471201774858,,,,,0,0,0,0,0,0,,,,0,0.382804621546086
0,0,2017,2017-09-24,265,Ludwigsburg,08,Baden-Württemberg,zweitstimme,218074,175304,173987,1317,0.803873914359346,cdu,,0,,0.113686654750068,,,,0,,0.00158632541511722,,0,,,,,0,0,,0.333375482076247,,0,,0.00147137429807974,0,0,0,0.00706374614195314,0.000241397345778708,,0.000132193784593102,0.00152884985659848,,0,,0,0.146781081345158,,,0.00863857644536661,,,0,0,0.137941340444976,,,,,,,,0.0600677062079351,,0.00104605516504107,,0,0,0.0012817049549679,,0,,0.00191393609867404,0.00300022415467822,,0,,,,0.00506934426135286,,,,,,,,0,0.164075476903447,,,,,0.00732238615528746,0.00235649789926834,0,0.00141964629541288,0,0,,,,0,0.333375482076247
0,0,2017,2017-09-24,266,Neckar-Zaber,08,Baden-Württemberg,erststimme,229280,186362,184382,1980,0.812814026517795,cdu,,0,,0.125907084205617,,,,0,,0,,0,,,,,0,0,,0.399653979238754,,0,,0,0,0,0,0,0,,0,0,,0,,0,0.0878122593311712,,,0.0169647796422644,,,0,0,0.125239990888482,,,,,,,,0.0458450391036001,,0,,0,0,0.00155655107331518,,0,,0,0,,0,,,,0,,,,,,,,0,0.197020316516797,,,,,0,0,0,0,0,0,,,,0,0.399653979238754
0,0,2017,2017-09-24,266,Neckar-Zaber,08,Baden-Württemberg,zweitstimme,229280,186362,184837,1525,0.812814026517795,cdu,,0,,0.130991089446377,,,,0,,0.00120105822968345,,0,,,,,0,0,,0.32946866698767,,0,,0.00118482771306611,0,0,0,0.00647597613032023,0.000357071365581566,,6.49220664693757e-05,0.00140664477350314,,0,,0,0.146859124525934,,,0.00983569307011042,,,0,0,0.131369801500782,,,,,,,,0.0525814636679886,,0.00114695650762564,,0,0,0.000676271525722664,,0,,0.00310543884611847,0.00300264557420863,,0,,,,0.00417124277065739,,,,,,,,0,0.164858767454568,,,,,0.00781228866514821,0.00229932318745706,0,0.00113072599100829,0,0,,,,0,0.32946866698767
0,0,2017,2017-09-24,267,Heilbronn,08,Baden-Württemberg,erststimme,242553,185705,183110,2595,0.765626481634942,cdu,,0,,0.156053738190159,,,,0,,0,,0,,,,,0,0,,0.352744252088908,,0,,0,0,0,0,0.0118344164709737,0.00135437715034679,,0,0,,0,,0,0.0959314073507728,,,0.0103544317623287,,,0,0,0.0814810769482825,,,,,,,,0.0461362022827808,,0,,0,0,0.00164928185243843,,0,,0,0.00660804980612747,,0,,,,0,,,,,,,,0,0.231855169024084,,,,,0,0,0,0,0,0,,,,0.00399759707279777,0.352744252088908
0,0,2017,2017-09-24,267,Heilbronn,08,Baden-Württemberg,zweitstimme,242553,185705,183286,2419,0.765626481634942,cdu,,0,,0.164164202394073,,,,0,,0.00109119081653809,,0,,,,,0,0,,0.320564582128477,,0,,0.00121122180635728,0,0,0,0.00834760974651637,0.000769289525659352,,0.000130942897984571,0.00256429841886451,,0,,0,0.130244535861986,,,0.00698907717992645,,,0,0,0.103750422836441,,,,,,,,0.0573966369499034,,0.00147856355640911,,0,0,0.00098752768896697,,0,,0.00455572165904652,0.00413561319467935,,0,,,,0.00397193457219864,,,,,,,,0,0.17725849219253,,,,,0.00674355924620538,0.00241153170454917,0,0.00123304562268804,0,0,,,,0,0.320564582128477
0,0,2017,2017-09-24,268,Schwäbisch Hall – Hohenlohe,08,Baden-Württemberg,erststimme,225785,171760,169860,1900,0.760723697322674,cdu,,0,,0.13478158483457,,,,0,,0,,0,,,,,0,0,,0.404550806546568,,0,,0,0,0,0,0,0,,0,0,,0,,0,0.0839043918521135,,,0,,,0,0,0.126386435888379,,,,,,,,0.0430589897562699,,0,,0,0,0.00156010832450253,,0,,0,0.0113858471682562,,0,,,,0.00947839397150595,,,,,,,,0,0.184893441657836,,,,,0,0,0,0,0,0,,,,0,0.404550806546568
0,0,2017,2017-09-24,268,Schwäbisch Hall – Hohenlohe,08,Baden-Württemberg,zweitstimme,225785,171760,169795,1965,0.760723697322674,cdu,,0,,0.1462174975706,,,,0,,0.0011484437115345,,0,,,,,0,0,,0.34285461880503,,0,,0.00111899643687977,0,0,0,0.00576577637739627,0.000306251656409199,,0.000212020377514061,0.00213787213993345,,0,,0,0.127383020701434,,,0.00527695161812774,,,0,0,0.120804499543567,,,,,,,,0.0565034306074973,,0.00129568008480815,,0,0,0.000712624046644483,,0,,0.00461144321093083,0.00646662151417886,,0,,,,0.00512382578992314,,,,,,,,0,0.161795105862952,,,,,0.00631349568597426,0.00223799287375953,0,0.00171383138490533,0,0,,,,0,0.34285461880503
0,0,2017,2017-09-24,269,Backnang – Schwäbisch Gmünd,08,Baden-Württemberg,erststimme,176968,136717,134801,1916,0.772552099814656,cdu,,0,,0.131957478060252,,,,0,,0,,0,,,,,0,0,,0.412422756507741,,0,,0,0,0,0,0,0,,0,0,,0,,0,0.0807264041067945,,,0,,,0,0,0.112877500908747,,,,,,,,0.0562384552043383,,0,,0,0,0.00206971758369745,,0,,0.00362756952841596,0,,0,,,,0,,,,,,,,0,0.200080118100014,,,,,0,0,0,0,0,0,,,,0,0.412422756507741
0,0,2017,2017-09-24,269,Backnang – Schwäbisch Gmünd,08,Baden-Württemberg,zweitstimme,176968,136717,135311,1406,0.772552099814656,cdu,,0,,0.143654248361183,,,,0,,0.00155198025289888,,0,,,,,0,0,,0.351693506071199,,0,,0.00151502834211557,0,0,0,0.00634833827257207,0.000325176814893098,,0.000162588407446549,0.00195845127151525,,0,,0,0.123545018512907,,,0.00509936368809631,,,0,0,0.114417896549431,,,,,,,,0.0591156668711339,,0.00117507076290915,,0,0,0.00067252477625618,,0,,0.00341435655637753,0.00343652770284751,,0,,,,0.00531368477063949,,,,,,,,0,0.164790741329234,,,,,0.00878716438427031,0.00183281477485201,0,0.00118985152722247,0,0,,,,0,0.351693506071199
0,0,2017,2017-09-24,270,Aalen – Heidenheim,08,Baden-Württemberg,erststimme,221853,170191,167586,2605,0.767134093296011,cdu,,0,,0.110074827252873,,,,0,,0,,0,,,,,0,0,,0.463952836155765,,0,,0,0,0,0,0,0,,0,0,,0,,0,0.0609716802119509,,,0,,,0,0,0.0962073204205602,,,,,,,,0.0517823684555989,,0,,0,0,0.00227942668241977,,0,,0.00490494432709176,0,,0,,,,0,,,,,,,,0,0.209826596493741,,,,,0,0,0,0,0,0,,,,0,0.463952836155765
0,0,2017,2017-09-24,270,Aalen – Heidenheim,08,Baden-Württemberg,zweitstimme,221853,170191,168216,1975,0.767134093296011,cdu,,0,,0.122556712797831,,,,0,,0.00131378703571598,,0,,,,,0,0,,0.381753222047843,,0,,0.00111761069101631,0,0,0,0.00594473771817188,0.000392352689399344,,0.000469634279735578,0.00121272649450706,,0,,0,0.105263470775669,,,0.00630736671898036,,,0,0,0.109543681932753,,,,,,,,0.0548877633518809,,0.00122461596994341,,0,0,0.000743092214771484,,0,,0.00389380320540258,0.00326960574499453,,0,,,,0.00362034527036667,,,,,,,,0,0.186314024825225,,,,,0.00723474580301517,0.00190826080753317,0,0.00102843962524373,0,0,,,,0,0.381753222047843
0,0,2017,2017-09-24,271,Karlsruhe-Stadt,08,Baden-Württemberg,erststimme,208868,162139,160506,1633,0.776274967922324,cdu,,0,,0.100139558645783,,,,0,,0,,0,,,,,0,0,,0.285478424482574,,0,,0,0,0,0,0.0180616300948251,0.000940774799695961,,0,0,,0,,0,0.0861587728807646,,,0,,,0,0,0.176118026740433,,,,,,,,0.0757292562271815,,0,,0,0,0.00155757417168206,,0,,0,0,,0,,,,0,,,,,,,,0,0.236277771547481,,,,,0.0150274756083885,0,0,0,0,0,,,,0.00451073480119123,0.285478424482574
0,0,2017,2017-09-24,271,Karlsruhe-Stadt,08,Baden-Württemberg,zweitstimme,208868,162139,160911,1228,0.776274967922324,cdu,,0,,0.104038878634773,,,,0,,0.00274686006550205,,0,,,,,0,0,,0.278265625097103,,0,,0.00313838084406908,0,0,0,0.0135416472459931,0.000484740011559185,,0.000205082312582732,0.00163444388512905,,0,,0,0.119637563622127,,,0.00372876931968604,,,0,0,0.182759413588878,,,,,,,,0.0960282392129811,,0.00118699156676672,,0,0,0.000882475405659029,,0,,0.00116834772016829,0.00272200160337081,,0,,,,0.00620840091727725,,,,,,,,0,0.168068062469315,,,,,0.00991231177483205,0.00215025697435228,0,0.00149150772787442,0,0,,,,0,0.278265625097103
0,0,2017,2017-09-24,272,Karlsruhe-Land,08,Baden-Württemberg,erststimme,209741,168801,166740,2061,0.804806880867355,cdu,,0,,0.117020510975171,,,,0,,0,,0,,,,,0,0,,0.404198152812762,,0,,0,0,0,0,0.0135600335852225,0.00112150653712367,,0,0,,0,,0,0.0907880532565671,,,0.0159349886050138,,,0,0,0.114405661508936,,,,,,,,0.0457418735756267,,0,,0,0,0,,0,,0,0,,0,,,,0,,,,,,,,0,0.197229219143577,,,,,0,0,0,0,0,0,,,,0,0.404198152812762
0,0,2017,2017-09-24,272,Karlsruhe-Land,08,Baden-Württemberg,zweitstimme,209741,168801,167126,1675,0.804806880867355,cdu,,0,,0.12497756183957,,,,0,,0.00164546509818939,,0,,,,,0,0,,0.353846798224094,,0,,0.00156169596591793,0,0,0,0.00849658341610522,0.00071802113375537,,0.000203439321230688,0.00145997630530259,,0,,0,0.128292426073741,,,0.00882567643574309,,,0,0,0.122596125079282,,,,,,,,0.0545636226559602,,0.00123858645572801,,0,0,0.000400895133013415,,0,,0.00184890441942008,0.00177710230604454,,0,,,,0.00394911623565454,,,,,,,,0,0.171074518626665,,,,,0.00884961047353494,0.00256692555317545,0,0.00110694924787286,0,0,,,,0,0.353846798224094
0,0,2017,2017-09-24,273,Rastatt,08,Baden-Württemberg,erststimme,206484,157208,154890,2318,0.761356812150094,cdu,,0,,0.121692814255278,,,,0,,0,,0,,,,,0,0,,0.440693395312803,,0,,0,0,0,0,0,0.000955516818387242,,0,0,,0,,0,0.0719865711149848,,,0.0181354509652011,,,0,0,0.10945832526309,,,,,,,,0.0459874749822455,,0,,0,0,0,,0,,0,0,,0,,,,0,,,,,,,,0,0.190367357479502,,,,,0,0,0,0,0,0,,,,0.000723093808509265,0.440693395312803
0,0,2017,2017-09-24,273,Rastatt,08,Baden-Württemberg,zweitstimme,206484,157208,155248,1960,0.761356812150094,cdu,,0,,0.126900185509636,,,,0,,0.00104349170359683,,0,,,,,0,0,,0.378735957951149,,0,,0.00133979181696383,0,0,0,0.00593244357415232,0.000714985056168195,,0.000173915283932804,0.0019001855096362,,0,,0,0.114958002679584,,,0.00963619499123982,,,0,0,0.114436256827785,,,,,,,,0.053907296712357,,0.00125605482840359,,0,0,0.000386478408739565,,0,,0.00201612903225806,0.00171338761207874,,0,,,,0.004148201587138,,,,,,,,0,0.169883025868288,,,,,0.00729155931155313,0.00247990312274554,0,0.00114655261259404,0,0,,,,0,0.378735957951149
0,0,2017,2017-09-24,274,Heidelberg,08,Baden-Württemberg,erststimme,217934,179138,177570,1568,0.821982802132756,cdu,,0,,0.0889958889452047,,,,0,,0,,0,,,,,0,0,,0.326738750915132,,0,,0,0,0,0,0.0122937433124965,0,,0,0,,0,,0,0.0662780875147829,,,0.0100917947851552,,,0,0,0.16705524581855,,,,,,,,0.0605451371290195,,0,,0,0,0.00110379005462634,,0,,0,0,,0,,,,0.00661147716393535,,,,,,,,0,0.260286084361097,,,,,0,0,0,0,0,0,,,,0,0.326738750915132
0,0,2017,2017-09-24,274,Heidelberg,08,Baden-Württemberg,zweitstimme,217934,179138,177832,1306,0.821982802132756,cdu,,0,,0.0947523505330874,,,,0,,0.00167011561473751,,0,,,,,0,0,,0.298810112915561,,0,,0.00218183454046516,0,0,0,0.0100094471186288,0.000134958837554546,,0.000224931395924243,0.00111903369472311,,0,,0,0.126838814161681,,,0.00556705204912502,,,0,0,0.171459579828152,,,,,,,,0.0832920959107472,,0.000939088577983715,,0,0,0.000466732646542805,,0,,0.00170385532412614,0.00217058797066895,,0,,,,0.00412749111520986,,,,,,,,0,0.184477484367268,,,,,0.0064724009177201,0.00218745782536326,0,0.00139457465473031,0,0,,,,0,0.298810112915561
0,0,2017,2017-09-24,275,Mannheim,08,Baden-Württemberg,erststimme,197289,144078,142574,1504,0.730289068321092,cdu,,0,,0.12507890639247,,,,0,,0,,0,,,,,0,0,,0.293265251728927,,0,,0,0,0,0,0.0163914879290754,0,,0,0,,0,,0,0.0689817217725532,,,0.0101280738423556,,,0,0,0.131433501199377,,,,,,,,0.0735968689943468,,0,,0,0,0.00200597584412305,,0,,0,0,,0,,,,0,,,,,,,,0,0.279118212296772,,,,,0,0,0,0,0,0,,,,0,0.293265251728927
0,0,2017,2017-09-24,275,Mannheim,08,Baden-Württemberg,zweitstimme,197289,144078,142723,1355,0.730289068321092,cdu,,0,,0.128283458167219,,,,0,,0.00276759877524996,,0,,,,,0,0,,0.271476916824899,,0,,0.00217904612431073,0,0,0,0.0126608885743713,0.000231217112868984,,0.000322302642181008,0.00168157900268352,,0,,0,0.11245559580446,,,0.00578743440090245,,,0,0,0.131744708281076,,,,,,,,0.0910084569410677,,0.00130322372707973,,0,0,0.00112105266845568,,0,,0.00266950666676009,0.00161851979008289,,0,,,,0.00482753305353727,,,,,,,,0,0.212362408301395,,,,,0.0108742108840201,0.00290072377962907,0,0.00172361847775061,0,0,,,,0,0.271476916824899
0,0,2017,2017-09-24,276,Odenwald – Tauber,08,Baden-Württemberg,erststimme,210876,163339,161223,2116,0.77457368311235,cdu,,0,,0.135520366200852,,,,0,,0,,0,,,,,0,0,,0.468487746785508,,0,,0,0,0,0,0,0,,0,0,,0,,0,0.0708273633414587,,,0,,,0,0,0.0687867115734107,,,,,,,,0.0522382042264441,,0,,0,0,0,,0,,0,0.0127959410257842,,0,,,,0,,,,,,,,0,0.191343666846542,,,,,0,0,0,0,0,0,,,,0,0.468487746785508
0,0,2017,2017-09-24,276,Odenwald – Tauber,08,Baden-Württemberg,zweitstimme,210876,163339,161225,2114,0.77457368311235,cdu,,0,,0.138247790355094,,,,0,,0.00117847728329974,,0,,,,,0,0,,0.398250891611103,,0,,0.000868351682431385,0,0,0,0.00610327182508916,0.000260505504729415,,0.000136455264382075,0.00200341138160955,,0,,0,0.108940921073035,,,0.00806326562257715,,,0,0,0.0846146689409211,,,,,,,,0.0552457745386882,,0.00132733757171655,,0,0,0.000266708016746782,,0,,0.00405644285935804,0.00683516824313847,,0,,,,0.00349821677779501,,,,,,,,0,0.168553264071949,,,,,0.00795162040626454,0.00240037215072104,0,0.00119708481935184,0,0,,,,0,0.398250891611103
0,0,2017,2017-09-24,277,Rhein-Neckar,08,Baden-Württemberg,erststimme,198251,156402,154416,1986,0.788909009286208,cdu,,0,,0.130666511242358,,,,0,,0,,0,,,,,0,0,,0.374235830483888,,0,,0,0,0,0,0.0125440368873692,0,,0,0,,0,,0,0.0814099575173557,,,0.0146034089731634,,,0,0,0.0957931820536732,,,,,,,,0.05187286291576,,0,,0,0,0,,0,,0,0,,0,,,,0,,,,,,,,0,0.238874209926433,,,,,0,0,0,0,0,0,,,,0,0.374235830483888
0,0,2017,2017-09-24,277,Rhein-Neckar,08,Baden-Württemberg,zweitstimme,198251,156402,154654,1748,0.788909009286208,cdu,,0,,0.135411951840884,,,,0,,0.00125441307693302,,0,,,,,0,0,,0.334921825494329,,0,,0.00118328656226156,0,0,0,0.00889728038072084,0.000452623275182019,,9.69907018247184e-05,0.00167470611817347,,0,,0,0.12242166384316,,,0.00892961061466241,,,0,0,0.11436496954492,,,,,,,,0.0629663636246072,,0.00125441307693302,,0,0,0.00043969118160539,,0,,0.00345286898495998,0.00211439729977886,,0,,,,0.00397661877481345,,,,,,,,0,0.184191808811929,,,,,0.00809549057896983,0.00234070893736987,0,0.00155831727598381,0,0,,,,0,0.334921825494329
0,0,2017,2017-09-24,278,Bruchsal – Schwetzingen,08,Baden-Württemberg,erststimme,196426,154622,152358,2264,0.787176850315131,cdu,,0,,0.144134210215414,,,,0,,0,,0,,,,,0,0,,0.414589322516704,,0,,0,0,0,0,0.00983210596096037,0.00157523727011381,,0,0,,0,,0,0.0673085758542381,,,0.0185352918783392,,,0,0,0.0829690597146195,,,,,,,,0.0460494361963271,,0,,0,0,0,,0,,0,0,,0,,,,0,,,,,,,,0,0.194830596358577,,,,,0.0196313944787934,0,0,0,0,0,,,,0.00054476955591436,0.414589322516704
0,0,2017,2017-09-24,278,Bruchsal – Schwetzingen,08,Baden-Württemberg,zweitstimme,196426,154622,152690,1932,0.787176850315131,cdu,,0,,0.149282860698147,,,,0,,0.00115266225686031,,0,,,,,0,0,,0.34807125548497,,0,,0.00141463095160128,0,0,0,0.00844194118802803,0.000746610780011789,,7.85906084222935e-05,0.00140153251686424,,0,,0,0.119064771759775,,,0.0109175453533303,,,0,0,0.101512869212129,,,,,,,,0.0568079114545812,,0.0014997707773921,,0,0,0.000517388172113432,,0,,0.0030781321632065,0.00153906608160325,,0,,,,0.00355622503110878,,,,,,,,0,0.17394721330801,,,,,0.0133931495186325,0.00231842294845766,0,0.0012574497347567,0,0,,,,0,0.34807125548497
0,0,2017,2017-09-24,279,Pforzheim,08,Baden-Württemberg,erststimme,219577,167977,165973,2004,0.765002709755576,cdu,,0,,0.157688298699186,,,,0,,0,,0,,,,,0,0,,0.364372518421671,,0,,0,0,0,0,0,0.00101221282979762,,0,0,,0,,0,0.119055509028577,,,0,,,0,0,0.0964976231073729,,,,,,,,0.0465738403234261,,0,,0,0,0,,0,,0,0,,0,,,,0,,,,,,,,0,0.190458689063884,,,,,0.0234495972236448,0,0,0,0,0,,,,0.000891711302440758,0.364372518421671
0,0,2017,2017-09-24,279,Pforzheim,08,Baden-Württemberg,zweitstimme,219577,167977,166080,1897,0.765002709755576,cdu,,0,,0.163216522157996,,,,0,,0.00182442196531792,,0,,,,,0,0,,0.327336223506744,,0,,0.00121026011560694,0,0,0,0.00705081888246628,0.00066233140655106,,9.63391136801541e-05,0.00161970134874759,,0,,0,0.136337909441233,,,0.00685211946050096,,,0,0,0.107592726396917,,,,,,,,0.0539017341040462,,0.00130659922928709,,0,0,0.000698458574181118,,0,,0.0026854527938343,0.00223386319845857,,0,,,,0.00366690751445087,,,,,,,,0,0.163180394990366,,,,,0.0152697495183044,0.00211946050096339,0,0.00113800578034682,0,0,,,,0,0.327336223506744
0,0,2017,2017-09-24,280,Calw,08,Baden-Württemberg,erststimme,198021,153463,151724,1739,0.774983461350059,cdu,,0,,0.141249901136274,,,,0,,0,,0,,,,,0,0,,0.432864938968126,,0,,0,0,0,0,0,0,,0,0,,0,,0,0.0932878120798292,,,0.0105191004719095,,,0,0,0.0875537159579236,,,,,,,,0.0450291318446653,,0,,0,0,0.00114022830929846,,0,,0,0,,0,,,,0.00638659671508792,,,,,,,,0,0.168734017030925,,,,,0.0132345574859614,0,0,0,0,0,,,,0,0.432864938968126
0,0,2017,2017-09-24,280,Calw,08,Baden-Württemberg,zweitstimme,198021,153463,151605,1858,0.774983461350059,cdu,,0,,0.149830150720623,,,,0,,0.00159625342172092,,0,,,,,0,0,,0.371557666303882,,0,,0.00104877807460176,0,0,0,0.00478216417664325,0.000441937930807031,,9.23452392731111e-05,0.00213053659180106,,0,,0,0.142778932093269,,,0.00749975264668052,,,0,0,0.0988687708189044,,,,,,,,0.0511790508228621,,0.00106197025164078,,0,0,0.000593647966755714,,0,,0.00327165990567593,0.00297483592229808,,0,,,,0.00402361399689984,,,,,,,,0,0.144005804557897,,,,,0.00917515913063553,0.00189307740509878,0,0.00119389202203094,0,0,,,,0,0.371557666303882
0,0,2017,2017-09-24,281,Freiburg,08,Baden-Württemberg,erststimme,222308,180854,179374,1480,0.813528977814564,cdu,,0,,0.0723850725300211,,,,0,,0,,0,,,,,0,0.00226342725255611,,0.280174384247438,,0,,0,0,0,0,0.0141492078004616,0,,0,0,,0,,0,0.0532184151549277,,,0,,,0,0,0.25708854126016,,,,,,,,0.0734331619967219,,0,,0,0,0.0013212617213197,,0,,0,0,,0,,,,0,,,,,,,,0,0.226604747622286,,,,,0.0161115880785398,0,0,0,0,0,,,,0.00325019233556703,0.280174384247438
0,0,2017,2017-09-24,281,Freiburg,08,Baden-Württemberg,zweitstimme,222308,180854,179535,1319,0.813528977814564,cdu,,0,,0.0785529283983624,,,,0,,0.0048514217283538,,0,,,,,0,0,,0.280853315509511,,0,,0.00311916896426881,0,0,0,0.010282117692929,0.000189378115687749,,0.000250647506057315,0.00143147575681622,,0,,0,0.0931573230846353,,,0.00338652630406327,,,0,0,0.211669033893113,,,,,,,,0.112334642270309,,0.00133121675439329,,0,0,0.000763082407330047,,0,,0.00145375553513243,0.00398808031860083,,0,,,,0.0034867853064862,,,,,,,,0,0.175185896900326,,,,,0.0109059514857827,0.00153173475923915,0,0.00127551730860278,0,0,,,,0,0.280853315509511
0,0,2017,2017-09-24,282,Lörrach – Müllheim,08,Baden-Württemberg,erststimme,232208,177399,175517,1882,0.763965927099842,cdu,,0,,0.0960248864782329,,,,0,,0,,0,,,,,0,0,,0.393967535908203,,0,,0,0,0,0,0,0,,0,0,,0,,0,0.0870058171003379,,,0,,,0,0,0.149523977734351,,,,,,,,0.0504452560150869,,0,,0,0,0,,0,,0,0,,0,,,,0.011155614555855,,,,,,,,0,0.21072602653874,,,,,0,0,0,0,0,0,,,,0.00115088566919444,0.393967535908203
0,0,2017,2017-09-24,282,Lörrach – Müllheim,08,Baden-Württemberg,zweitstimme,232208,177399,175704,1695,0.763965927099842,cdu,,0,,0.105057369211856,,,,0,,0.00309611619541957,,0,,,,,0,0,,0.344403087009971,,0,,0.00157082365797022,0,0,0,0.00709716341119155,0.000318717843646132,,0.000136593361562628,0.00182693621090015,,0,,0,0.110691845376315,,,0.00675568000728498,,,0,0,0.153747211218868,,,,,,,,0.0620247689295634,,0.00155374948777489,,0,0,0.000922005190547739,,0,,0.00238469243728088,0.00266926194053636,,0,,,,0.00500273186723125,,,,,,,,0,0.177850248144607,,,,,0.00902085325319856,0.00268633611073169,0,0.00118380913354278,0,0,,,,0,0.344403087009971
0,0,2017,2017-09-24,283,Emmendingen – Lahr,08,Baden-Württemberg,erststimme,218287,168468,166356,2112,0.771772941127965,cdu,,0,,0.108363990478251,,,,0,,0,,0,,,,,0,0,,0.375556036451946,,0,,0,0,0,0,0,0,,0,0,,0,,0,0.0858099497463272,,,0,,,0,0,0.111429704970064,,,,,,,,0.0522433816634206,,0,,0,0,0,,0,,0,0.0102070258962707,,0,,,,0,,,,,,,,0,0.237274279256534,,,,,0.0191156315371853,0,0,0,0,0,,,,0,0.375556036451946
0,0,2017,2017-09-24,283,Emmendingen – Lahr,08,Baden-Württemberg,zweitstimme,218287,168468,166444,2024,0.771772941127965,cdu,,0,,0.114987623464949,,,,0,,0.00170627958953161,,0,,,,,0,0,,0.359183869649852,,0,,0.00111749297060873,0,0,0,0.00576169762803105,0.000198264881882195,,9.0120400855543e-05,0.0012496695585302,,0,,0,0.105897479031987,,,0.00759414577876042,,,0,0,0.137019057460768,,,,,,,,0.0576049602268631,,0.00090120400855543,,0,0,0.000420561870659201,,0,,0.00218091370070414,0.00576169762803105,,0,,,,0.00423565884021052,,,,,,,,0,0.178666698709476,,,,,0.0126468962533945,0.00173631972315013,0,0.0010393886232006,0,0,,,,0,0.359183869649852
0,0,2017,2017-09-24,284,Offenburg,08,Baden-Württemberg,erststimme,205551,155724,153606,2118,0.757593006115271,cdu,,0,,0.103505071416481,,,,0,,0,,0,,,,,0,0,,0.481328854341627,,0,,0,0,0,0,0,0,,0,0,,0,,0,0.0624519875525696,,,0,,,0,0,0.126186477090739,,,,,,,,0.0537999817715454,,0,,0,0,0,,0,,0,0,,0,,,,0,,,,,,,,0,0.172727627827038,,,,,0,0,0,0,0,0,,,,0,0.481328854341627
0,0,2017,2017-09-24,284,Offenburg,08,Baden-Württemberg,zweitstimme,205551,155724,153649,2075,0.757593006115271,cdu,,0,,0.115848459801235,,,,0,,0.00155549336474692,,0,,,,,0,0,,0.371190180215947,,0,,0.00113245123625927,0,0,0,0.00624149848030251,0.000318908681475311,,0.000175725191833334,0.0022258524298889,,0,,0,0.110251287024322,,,0.00846735091019141,,,0,0,0.138106984100124,,,,,,,,0.0547416514263028,,0.00151644332211729,,0,0,0.000227791915339508,,0,,0.00232998587690125,0.00247316936654323,,0,,,,0.00423692962531484,,,,,,,,0,0.165350897174729,,,,,0.00943058529505561,0.0025707944731173,0,0.0016075600882531,0,0,,,,0,0.371190180215947
0,0,2017,2017-09-24,285,Rottweil – Tuttlingen,08,Baden-Württemberg,erststimme,199227,152001,150030,1971,0.762953816500776,cdu,,0,,0.130260614543758,,,,0,,0,,0,,,,,0,0,,0.430300606545358,,0,,0,0,0,0,0,0,,0,0,,0,,0,0.108344997667133,,,0.0124575084983003,,,0,0,0.0953076051456375,,,,,,,,0.0388255682196894,,0,,0,0,0,,0,,0,0.0120909151503033,,0,,,,0,,,,,,,,0,0.159001533026728,,,,,0,0.0134106512030927,0,0,0,0,,,,0,0.430300606545358
0,0,2017,2017-09-24,285,Rottweil – Tuttlingen,08,Baden-Württemberg,zweitstimme,199227,152001,150050,1951,0.762953816500776,cdu,,0,,0.139566811062979,,,,0,,0.00141952682439187,,0,,,,,0,0,,0.380273242252583,,0,,0.00107964011996001,0,0,0,0.00525158280573142,0.000293235588137288,,0.000186604465178274,0.00224591802732423,,0,,0,0.135474841719427,,,0.00945018327224258,,,0,0,0.10215928023992,,,,,,,,0.0475908030656448,,0.00118627124291903,,0,0,0.000326557814061979,,0,,0.00351216261246251,0.007350883038987,,0,,,,0.00377874041986005,,,,,,,,0,0.14595134955015,,,,,0.00595134955014995,0.00583138953682106,0,0.00111962679106964,0,0,,,,0,0.380273242252583
0,0,2017,2017-09-24,286,Schwarzwald-Baar,08,Baden-Württemberg,erststimme,165041,125344,123690,1654,0.759471888803388,cdu,,0,,0.113744037513138,,,,0,,0,,0,,,,,0,0,,0.470118845500849,,0,,0,0,0,0,0,0,,0,0,,0,,0,0.0843883903306654,,,0.0113590427682108,,,0,0,0.0977039372625111,,,,,,,,0.0432290403427925,,0,,0,0,0.00162503031772981,,0,,0.00602312232193387,0,,0,,,,0,,,,,,,,0,0.167127496159754,,,,,0,0,0,0,0,0,,,,0.00468105748241572,0.470118845500849
0,0,2017,2017-09-24,286,Schwarzwald-Baar,08,Baden-Württemberg,zweitstimme,165041,125344,123729,1615,0.759471888803388,cdu,,0,,0.124061456893695,,,,0,,0.00121232694032927,,0,,,,,0,0,,0.378342991537958,,0,,0.000961779372661219,0,0,0,0.00556053956631024,0.00031520500448561,,0.000202054490054878,0.00190739438611805,,0,,0,0.122234884303599,,,0.00801752216537756,,,0,0,0.122145980327975,,,,,,,,0.0534070428113054,,0.00132547745476,,0,0,0.000800135780617317,,0,,0.00476848596529512,0.00246506477866951,,0,,,,0.00375013133541854,,,,,,,,0,0.156285106967647,,,,,0.00830848063105658,0.00261862619111122,0,0.00130931309555561,0,0,,,,0,0.378342991537958
0,0,2017,2017-09-24,287,Konstanz,08,Baden-Württemberg,erststimme,205135,158861,157109,1752,0.77442172228045,cdu,,0,,0.0955133060486668,,,,0,,0,,0,,,,,0,0,,0.447810119089295,,0,,0,0,0,0,0.00987849200236778,0,,0,0,,0,,0,0.0727202133550592,,,0,,,0,0,0.133996142805314,,,,,,,,0.0700341800915288,,0,,0,0,0,,0,,0,0,,0,,,,0,,,,,,,,0,0.168010744133054,,,,,0,0,0,0,0,0,,,,0.00203680247471501,0.447810119089295
0,0,2017,2017-09-24,287,Konstanz,08,Baden-Württemberg,zweitstimme,205135,158861,157383,1478,0.77442172228045,cdu,,0,,0.103028916719087,,,,0,,0.0023763684769003,,0,,,,,0,0,,0.331636834982177,,0,,0.00192523970187377,0,0,0,0.00860321635754815,0.000247803129944149,,0.000158848160220608,0.00226835172795029,,0,,0,0.131894804394376,,,0.00627767929191844,,,0,0,0.160131653355191,,,,,,,,0.0718374919781679,,0.00123266172331192,,0,0,0.000521021965523595,,0,,0.0021412731997738,0.0028973904424239,,0,,,,0.00406015897523875,,,,,,,,0,0.155855460882052,,,,,0.00935933360019824,0.00219845853745322,0,0.00134703239867076,0,0,,,,0,0.331636834982177
0,0,2017,2017-09-24,288,Waldshut,08,Baden-Württemberg,erststimme,177806,136595,135059,1536,0.768224919294062,cdu,,0,,0.0917228766687152,,,,0,,0,,0,,,,,0,0,,0.418543007130217,,0,,0,0,0,0,0,0,,0,0,,0,,0,0.0622098490289429,,,0.0104694985154636,,,0,0,0.118688869308969,,,,,,,,0.0501040286097187,,0,,0,0,0,,0,,0,0.00746340488231069,,0,,,,0,,,,,,,,0,0.240798465855663,,,,,0,0,0,0,0,0,,,,0,0.418543007130217
0,0,2017,2017-09-24,288,Waldshut,08,Baden-Württemberg,zweitstimme,177806,136595,135129,1466,0.768224919294062,cdu,,0,,0.0984170681348933,,,,0,,0.00199809071331838,,0,,,,,0,0,,0.39270622886279,,0,,0.00139126316334762,0,0,0,0.00577966239667281,0.000259011759133865,,7.40033597525328e-05,0.00162067357858047,,0,,0,0.108392721029535,,,0.00826617528435791,,,0,0,0.139437130445722,,,,,,,,0.0545330758016414,,0.00135426148347135,,0,0,0.000162807391455572,,0,,0.00225710247245225,0.00395177941078525,,0,,,,0.00319694514130942,,,,,,,,0,0.163710232444553,,,,,0.0091394149294378,0.00228670381635326,0,0.00106564838043647,0,0,,,,0,0.39270622886279
0,0,2017,2017-09-24,289,Reutlingen,08,Baden-Württemberg,erststimme,199934,157642,155803,1839,0.788470195164404,cdu,,0,,0.1200361995597,,,,0,,0,,0,,,,,0,0,,0.407527454541954,,0,,0,0,0,0,0.00987785857781943,0,,0,0,,0,,0,0.0996964114940021,,,0,,,0,0,0.143187230027663,,,,,,,,0.0623287099734922,,0,,0,0,0.00156608024235734,,0,,0,0,,0,,,,0,,,,,,,,0,0.150170407501781,,,,,0,0,0,0,0,0,,,,0.00560964808123079,0.407527454541954
0,0,2017,2017-09-24,289,Reutlingen,08,Baden-Württemberg,zweitstimme,199934,157642,156059,1583,0.788470195164404,cdu,,0,,0.129252398131476,,,,0,,0.00138409191395562,,0,,,,,0,0,,0.345209183706162,,0,,0.00133923708341076,0,0,0,0.00731133737881186,0.000288352482074087,,0.000160195823374493,0.00132001358460582,,0,,0,0.13728782063194,,,0.00548510499234264,,,0,0,0.139017935524385,,,,,,,,0.0611499496985115,,0.00105088460133667,,0,0,0.000986806271986877,,0,,0.00231963552246266,0.00294119531715569,,0,,,,0.00409460524545204,,,,,,,,0,0.149437071876662,,,,,0.00670900108292377,0.00203769087332355,0,0.00121748825764615,0,0,,,,0,0.345209183706162
0,0,2017,2017-09-24,290,Tübingen,08,Baden-Württemberg,erststimme,196488,159801,158186,1615,0.813286307560767,cdu,,0,,0.0865057590431517,,,,0,,0,,0,,,,,0,0,,0.356833095217023,,0,,0,0,0,0,0.0144955937946468,0,,0,0,,0,,0,0.0790461861353091,,,0,,,0,0,0.190895528049258,,,,,,,,0.0876310166512839,,0,,0,0,0.00180167650740268,,0,,0,0,,0,,,,0,,,,,,,,0,0.172739686192204,,,,,0,0,0,0,0,0,,,,0.0100514584097202,0.356833095217023
0,0,2017,2017-09-24,290,Tübingen,08,Baden-Württemberg,zweitstimme,196488,159801,158410,1391,0.813286307560767,cdu,,0,,0.100290385707973,,,,0,,0.00178019064453002,,0,,,,,0,0,,0.308238116280538,,0,,0.00237358752604002,0,0,0,0.00825074174610189,0.000214632914588725,,0.00032826210466511,0.00133829934978852,,0,,0,0.118161732213875,,,0.00478505144877217,,,0,0,0.180045451676031,,,,,,,,0.0952970140773941,,0.00107947730572565,,0,0,0.00089640805504703,,0,,0.00205795088693896,0.00397070891989142,,0,,,,0.00451360393914526,,,,,,,,0,0.156966100624961,,,,,0.00627485638532921,0.001773877911748,0,0.00136355028091661,0,0,,,,0,0.308238116280538
0,0,2017,2017-09-24,291,Ulm,08,Baden-Württemberg,erststimme,222673,177460,175444,2016,0.796953380068531,cdu,,0,,0.106780511160256,,,,0,,0,,0,,,,,0,0,,0.426626159914275,,0,,0,0,0,0,0,0,,0,0,,0,,0,0.0807836118647546,,,0,,,0,0,0.119639315109095,,,,,,,,0.0461970771300244,,0,,0,0,0.00170994733362212,,0,,0,0,,0,,,,0.0161704019516199,,,,,,,,0,0.202092975536353,,,,,0,0,0,0,0,0,,,,0,0.426626159914275
0,0,2017,2017-09-24,291,Ulm,08,Baden-Württemberg,zweitstimme,222673,177460,175863,1597,0.796953380068531,cdu,,0,,0.116181345706601,,,,0,,0.00175704952150253,,0,,,,,0,0,,0.369537651467335,,0,,0.00155803096728704,0,0,0,0.00715329546294559,0.000250194753870911,,0.000108038643716984,0.00210391043027811,,0,,0,0.115299977823647,,,0.00724996161785026,,,0,0,0.137379664852755,,,,,,,,0.0567259741958229,,0.00123391503613608,,0,0,0.000579996929428021,,0,,0.00283743595867238,0.00382115624093755,,0,,,,0.0059591841376526,,,,,,,,0,0.158583670243314,,,,,0.00802897710149378,0.00218920409637047,0,0.00146136481238237,0,0,,,,0,0.369537651467335
0,0,2017,2017-09-24,292,Biberach,08,Baden-Württemberg,erststimme,167025,131693,130082,1611,0.788462804969316,cdu,,0,,0.112544395073876,,,,0,,0,,0,,,,,0,0,,0.444619547669931,,0,,0,0,0,0,0,0,,0,0,,0,,0,0.0751449085961163,,,0.0121154348795375,,,0,0,0.13521471072093,,,,,,,,0.0377223597423164,,0,,0,0,0,,0,,0,0.0132531787641641,,0,,,,0,,,,,,,,0,0.169385464553128,,,,,0,0,0,0,0,0,,,,0,0.444619547669931
0,0,2017,2017-09-24,292,Biberach,08,Baden-Württemberg,zweitstimme,167025,131693,130275,1418,0.788462804969316,cdu,,0,,0.124628670120898,,,,0,,0.00171943964690079,,0,,,,,0,0,,0.431103435041259,,0,,0.000990213010938399,0,0,0,0.00475916330838611,0.000299366724237191,,0.00012281711763577,0.0018729610439455,,0,,0,0.109928996353867,,,0.00921895989253502,,,0,0,0.113060832853579,,,,,,,,0.0460333909038572,,0.00168105929763961,,0,0,0.000276338514680484,,0,,0.00294761082325849,0.00905776242563807,,0,,,,0.00467472654001151,,,,,,,,0,0.127092688543466,,,,,0.00708501247361351,0.00224908846670505,0,0.00119746689694876,0,0,,,,0,0.431103435041259
0,0,2017,2017-09-24,293,Bodensee,08,Baden-Württemberg,erststimme,172782,137146,135794,1352,0.793751663946476,cdu,,0,,0.103679102169463,,,,0,,0,,0,,,,,0,0,,0.413604430239922,,0,,0,0,0,0,0,0,,0,0,,0,,0,0.0883617832893942,,,0.00985315993342858,,,0,0,0.138526002621618,,,,,,,,0.0529110269967745,,0,,0,0,0,,0,,0,0.0103981030089695,,0,,,,0,,,,,,,,0,0.180059501892573,,,,,0,0,0,0,0,0,,,,0.00260688984785778,0.413604430239922
0,0,2017,2017-09-24,293,Bodensee,08,Baden-Württemberg,zweitstimme,172782,137146,135951,1195,0.793751663946476,cdu,,0,,0.104184595920589,,,,0,,0.00210369912689131,,0,,,,,0,0,,0.370927760737324,,0,,0.0015299630013755,0,0,0,0.00584033953409684,0.000308934836816206,,0.000117689461644269,0.00204485439606917,,0,,0,0.132062287147575,,,0.00736294694411957,,,0,0,0.147222160925628,,,,,,,,0.0611690976896088,,0.00175798633331127,,0,0,0.000426624298460475,,0,,0.0019492317084832,0.0053401593221087,,0,,,,0.00339828320497826,,,,,,,,0,0.142117380526807,,,,,0.00675978845319269,0.00191245375171937,0,0.00146376267920059,0,0,,,,0,0.370927760737324
0,0,2017,2017-09-24,294,Ravensburg,08,Baden-Württemberg,erststimme,186958,146174,144657,1517,0.781854748125247,cdu,,0,,0.0944855762251395,,,,0,,0,,0,,,,,0,0,,0.385449718990439,,0,,0,0,0,0,0,0,,0,0,,0,,0,0.101426132160905,,,0.0144134055040544,,,0,0,0.201967412569043,,,,,,,,0.0543354279433418,,0.00450721361565635,,0,0,0.000905590465722364,,0,,0,0.017164741422814,,0,,,,0,,,,,,,,0,0.124141935751467,,,,,0,0,0,0,0,0,,,,0.00120284535141749,0.385449718990439
0,0,2017,2017-09-24,294,Ravensburg,08,Baden-Württemberg,zweitstimme,186958,146174,144787,1387,0.781854748125247,cdu,,0,,0.102916698322363,,,,0,,0.0017543011458211,,0,,,,,0,0,,0.388598423891648,,0,,0.00115341846989025,0,0,0,0.00530434362201026,0.000283174594404194,,0.000131227251065358,0.00149875334111488,,0,,0,0.113553012356082,,,0.00895107986214232,,,0,0,0.150358802931202,,,,,,,,0.0613936334063141,,0.00315636072299309,,0,0,0.000386775055771582,,0,,0.00189243509431095,0.0111750364328289,,0,,,,0.0034257219225483,,,,,,,,0,0.133976116640306,,,,,0.00695504430646398,0.00199603555567834,0,0.00113960507504127,0,0,,,,0,0.388598423891648
0,0,2017,2017-09-24,295,Zollernalb – Sigmaringen,08,Baden-Württemberg,erststimme,183588,139548,137194,2354,0.760115040198706,cdu,,0,,0.135640042567459,,,,0,,0,,0,,,,,0,0,,0.449684388530111,,0,,0,0,0,0,0,0,,0,0,,0,,0,0.0925332011604006,,,0,,,0,0,0.127476420251615,,,,,,,,0.04701371780107,,0,,0,0,0.00394332113649285,,0,,0,0,,0,,,,0,,,,,,,,0,0.143708908552852,,,,,0,0,0,0,0,0,,,,0,0.449684388530111
0,0,2017,2017-09-24,295,Zollernalb – Sigmaringen,08,Baden-Württemberg,zweitstimme,183588,139548,137727,1821,0.760115040198706,cdu,,0,,0.136603570832153,,,,0,,0.00161188437996907,,0,,,,,0,0,,0.379620553704067,,0,,0.000856767373136713,0,0,0,0.00524225460512463,0.000297690358462756,,0.000101650366304356,0.00177888141032623,,0,,0,0.133554059843023,,,0.00739143377841672,,,0,0,0.114705177634015,,,,,,,,0.0512680883196468,,0.00149571253276409,,0,0,0.00125610809790382,,0,,0.00376832429371147,0.0027445598902176,,0,,,,0.00428383686568356,,,,,,,,0,0.14119235879675,,,,,0.00858219521226775,0.00236700138680143,0,0.00127789031925476,0,0,,,,0,0.379620553704067
0,0,2017,2017-09-24,296,Saarbrücken,10,Saarland,erststimme,199885,147602,145298,2304,0.73843459989494,spd,,0,,0.0891271731200705,,,,0,,0,,0,,,,,0,0,,0.314278241957907,,0,,0,0,0,0,0,0,,0,0,,0,,0,0.0528018279673499,,,0.0109567922476565,,,0,0,0.0604412999490702,,,,,,,,0.132568927308015,,0,,0,0,0.00244325455271236,,0,,0.00651763960962987,0,,0,,,,0.0095390163663643,,,,,,,,0,0.321325826921224,,,,,0,0,0,0,0,0,,,,0,0.314278241957907
0,0,2017,2017-09-24,296,Saarbrücken,10,Saarland,zweitstimme,199885,147602,145430,2172,0.73843459989494,spd,,0,,0.0965550436636182,,,,0,,0.00286048270645671,,0,,,,,0,0,,0.284631781613147,,0,,0,0,0,0,0.0160352059410025,0,,0,0.00155401223956543,,0,,0,0.0808155126177542,,,0.00720621604895826,,,0,0,0.080781131815994,,,,,,,,0.148999518668775,,0,,0,0,0.0011345664580898,,0,,0.00641545760847143,0,,0.000598225950629169,,,,0.00578972701643402,,,,,,,,0,0.263508217011621,,,,,0,0,0,0.00311490063948291,0,0,,,,0,0.284631781613147
0,0,2017,2017-09-24,297,Saarlouis,10,Saarland,erststimme,207501,160430,158015,2415,0.77315290046795,cdu,,0,,0.090016770559757,,,,0,,0,,0,,,,,0,0,,0.380356295288422,,0,,0,0,0,0,0.0110179413346834,0,,0,0,,0,,0,0.0384077461000538,,,0.00855614973262032,,,0,0,0.0350093345568459,,,,,,,,0.108483371831788,,0,,0,0,0,,0,,0,0,,0.00153150017403411,,,,0.00594247381577698,,,,,,,,0,0.320678416606018,,,,,0,0,0,0,0,0,,,,0,0.380356295288422
0,0,2017,2017-09-24,297,Saarlouis,10,Saarland,zweitstimme,207501,160430,157605,2825,0.77315290046795,cdu,,0,,0.0983852035151169,,,,0,,0.00124996034389772,,0,,,,,0,0,,0.336163192792107,,0,,0,0,0,0,0.0111100536150503,0,,0,0.00117382062751816,,0,,0,0.0765140699850893,,,0.00788680562164906,,,0,0,0.0545541067859522,,,,,,,,0.128929919736049,,0,,0,0,0.000507598109197043,,0,,0.00474604232099235,0,,0.00127534024935757,,,,0.00506963611560547,,,,,,,,0,0.26950921607817,,,,,0,0,0,0.00292503410424796,0,0,,,,0,0.336163192792107
0,0,2017,2017-09-24,298,St. Wendel,10,Saarland,erststimme,177468,141387,138769,2618,0.79669010751234,cdu,,0,,0.0839236428885414,,,,0,,0,,0,,,,,0,0,,0.417867102883209,,0,,0,0,0,0,0,0,,0,0,,0,,0,0.0469629384084342,,,0.016084283953909,,,0,0,0.0336818741938041,,,,,,,,0.0978892980420699,,0,,0,0,0,,0,,0,0,,0,,,,0,,,,,,,,0,0.303590859630033,,,,,0,0,0,0,0,0,,,,0,0.417867102883209
0,0,2017,2017-09-24,298,St. Wendel,10,Saarland,zweitstimme,177468,141387,138698,2689,0.79669010751234,cdu,,0,,0.091039524722779,,,,0,,0.00145640167846688,,0,,,,,0,0,,0.365254005104616,,0,,0,0,0,0,0.0117665719765245,0,,0,0.00160059986445371,,0,,0,0.0689916220853942,,,0.00909169562646902,,,0,0,0.0480324157522098,,,,,,,,0.113094637269463,,0,,0,0,0.000526323378851894,,0,,0.0046576014073743,0,,0.000894028753118286,,,,0.00467202122597298,,,,,,,,0,0.276629799997116,,,,,0,0,0,0.00229275115719044,0,0,,,,0,0.365254005104616
0,0,2017,2017-09-24,299,Homburg,10,Saarland,erststimme,192410,145992,143321,2671,0.758754742477002,cdu,,0,,0.11001179171231,,,,0,,0,,0,,,,,0,0,,0.335624228131258,,0,,0,0,0,0,0.0154129541379142,0,,0,0,,0,,0,0.0514160520788998,,,0.0124406053544142,,,0,0,0.0497345120394081,,,,,,,,0.109711765896135,,0,,0,0,0.00151408376999881,,0,,0,0,,0,,,,0,,,,,,,,0,0.314134006879662,,,,,0,0,0,0,0,0,,,,0,0.335624228131258
0,0,2017,2017-09-24,299,Homburg,10,Saarland,zweitstimme,192410,145992,143525,2467,0.758754742477002,cdu,,0,,0.116669569761366,,,,0,,0.00146315972827034,,0,,,,,0,0,,0.310315276084306,,0,,0,0,0,0,0.0122626720083609,0,,0,0.00176275910120188,,0,,0,0.0773105730708936,,,0.00886953492422923,,,0,0,0.0564988677930674,,,,,,,,0.123832085002613,,0,,0,0,0.000759449573245079,,0,,0.0054276258491552,0,,0.000843058700574813,,,,0.00451489287580561,,,,,,,,0,0.276808918306915,,,,,0,0,0,0.00266155721999652,0,0,,,,0,0.310315276084306
0,0,2021,2021-09-26,001,Flensburg – Schleswig,01,Schleswig-Holstein,erststimme,231536,180112,178575,1537,0.777900628843895,gruene,,,,0.0546997060058799,,,,0,,,,0,,,0,0,0,0,,0.233632927341453,,0,,0,,,0,0,,0.0187988240235195,0,,,0.00127117457650847,,0,0.0688730225395492,,,0.0130141397172057,,0,0,0,0.281287974240515,,,0,0,,0,0,0.0366456670866583,0.000879182416351673,0,,,,0,,,,0,0,,,,0,,0,,,,,,,,0,0.217986840263195,0.0729105417891642,,0,0,0,0,0,0,,0,0,,,0,0.233632927341453
0,0,2021,2021-09-26,001,Flensburg – Schleswig,01,Schleswig-Holstein,zweitstimme,231536,180112,178625,1487,0.777900628843895,gruene,,,,0.0577578726382085,,,,0,,,,0,,,0,0,0,0,,0.203896431070679,,0,,0,,,0.000878936319104269,0.0103233030090973,,0.0160447865640308,0.000223932820153954,,,0.000660601819454164,,0,0.107426172148356,,,0.00960111966410077,,0,0,0,0.186424072778167,,,0,0,,0,0,0.0418474457662701,0.000408677396780966,0,,,,6.71798460461861e-05,,,,0.000772568229531141,0.000738978306508048,,,,0,,0,,,,,,,,0,0.254768369489153,0.0918964310706788,,0.00178026592022393,0,0.0111406578026592,0,0,0.00108607417774668,,0,0.00225612316305108,,,0,0.203896431070679
0,0,2021,2021-09-26,002,Nordfriesland – Dithmarschen Nord,01,Schleswig-Holstein,erststimme,188267,145387,144050,1337,0.772238363600631,cdu,,,,0.0574383894481083,,,,0,,,,0,,,0,0,0,0,,0.303679278028462,,0,,0,,,0,0,,0.0156473446719889,0,,,0,,0,0.0968969107948629,,,0.0104824713641097,,0,0,0,0.143082263103089,,,0,0,,0,0,0.0281846581048247,0.00140229087122527,0,,,,0,,,,0,0,,,,0,,0,,,,,,,,0,0.277861853523082,0.0653245400902464,,0,0,0,0,0,0,,0,0,,,0,0.303679278028462
0,0,2021,2021-09-26,002,Nordfriesland – Dithmarschen Nord,01,Schleswig-Holstein,zweitstimme,188267,145387,144145,1242,0.772238363600631,cdu,,,,0.0610357626001596,,,,0,,,,0,,,0,0,0,0,,0.246356099760658,,0,,0,,,0.000901869645148982,0.00917132054528426,,0.0127371743730272,0.000228936140691665,,,0.000409310069721461,,0,0.127302369142183,,,0.00749939297235423,,0,0,0,0.15670331957404,,,0,0,,0,0,0.0307815047348156,0.000416247528530299,0,,,,0.000180373929029796,,,,0.0010128689860904,0.000839432515869437,,,,0,,0,,,,,,,,0,0.263110062784002,0.0660168580249055,,0.00165805265531236,0,0.0111276839293767,0,0,0.00086718235110479,,0,0.00164417773769468,,,0,0.246356099760658
0,0,2021,2021-09-26,003,Steinburg – Dithmarschen Süd,01,Schleswig-Holstein,erststimme,176899,136299,134980,1319,0.770490505881887,cdu,,,,0.0772632982664098,,,,0,,,,0,,,0,0,0,0,,0.292124759223589,,0,,0,,,0,0,,0.0151133501259446,0,,,0,,0,0.143095273373833,,,0.0190102237368499,,0,0,0,0.12361831382427,,,0,0,,0,0,0.032145503037487,0.00158542006223144,0,,,,0,,,,0,0,,,,0,,0,,,,,,,,0,0.291739516965476,0,,0,0,0,0,0,0.00430434138390873,,0,0,,,0,0.292124759223589
0,0,2021,2021-09-26,003,Steinburg – Dithmarschen Süd,01,Schleswig-Holstein,zweitstimme,176899,136299,135109,1190,0.770490505881887,cdu,,,,0.0836583795306012,,,,0,,,,0,,,0,0,0,0,,0.243077811248696,,0,,0,,,0.000873368909547106,0.00996232671398649,,0.0126712506198699,0.000214641511668357,,,0.000569910220636671,,0,0.136867270130043,,,0.0126786520513067,,0,0,0,0.142381336550489,,,0,0,,0,0,0.0334840758202636,0.00062172024069455,0,,,,0.000185035785920997,,,,0.00140627197299958,0.000777150300868188,,,,0,,0,,,,,,,,0,0.277316833075517,0.0249132182164031,,0.00209460509662569,0,0.0127230606399278,0,0,0.00185035785920997,,0,0.00167272350472581,,,0,0.243077811248696
0,0,2021,2021-09-26,004,Rendsburg-Eckernförde,01,Schleswig-Holstein,erststimme,202226,162060,160650,1410,0.801380633548604,spd,,,,0.0634920634920635,,,,0,,,,0,,,0,0,0,0,,0.296844070961718,,0,,0,,,0,0.0133831310301899,,0.0155742296918768,0,,,0,,0,0.0803174603174603,,,0.0102769996887644,,0,0,0,0.148347338935574,,,0,0,,0,0,0.0274883286647993,0,0,,,,0,,,,0,0,,,,0,,0,,,,,,,,0,0.307961406784936,0.0363149704326175,,0,0,0,0,0,0,,0,0,,,0,0.296844070961718
0,0,2021,2021-09-26,004,Rendsburg-Eckernförde,01,Schleswig-Holstein,zweitstimme,202226,162060,160955,1105,0.801380633548604,spd,,,,0.0656332515299307,,,,0,,,,0,,,0,0,0,0,,0.239302910751452,,0,,0,,,0.00084495666490634,0.010052499145724,,0.0147556770525923,0.000142897083035631,,,0.000428691249106893,,0,0.120045975583238,,,0.00729396415147091,,0,0,0,0.179105961293529,,,0,0,,0,0,0.0320772886831723,0.000304432916032431,0,,,,0.000205026249572862,,,,0.000981640831288248,0.000757975831754217,,,,0,,0,,,,,,,,0,0.268074927774844,0.0453791432387935,,0.00151595166350843,0,0.0107359199776335,0,0,0.000789040415022833,,0,0.00157186791339194,,,0,0.239302910751452
0,0,2021,2021-09-26,005,Kiel,01,Schleswig-Holstein,erststimme,202482,155986,154816,1170,0.770369711875624,spd,,,,0.0461644791236048,,,,0,,,,0,,,0,0,0,0,,0.183546920214965,,0,,0,,,0,0.0190161223646135,,0.0129766949152542,0.000710520876395205,,,0.00130477470028938,,0,0.0739264675485738,,,0.00738941711451013,,0,0,0,0.281185407193055,,,0,0,,0,0,0.046991267052501,0,0,,,,0.000490905332782141,,,,0,0,,,,0,,0,,,,,,,,0,0.295247261264986,0.0267478813559322,,0,0,0,0,0,0,,0,0.00430188094253824,,,0,0.183546920214965
0,0,2021,2021-09-26,005,Kiel,01,Schleswig-Holstein,zweitstimme,202482,155986,155068,918,0.770369711875624,spd,,,,0.0493589908943173,,,,0,,,,0,,,0,0,0,0,,0.154254907524441,,0,,0,,,0.00192818634405551,0.0140905925142518,,0.0124074599530529,0.000567492970825702,,,0.00073516134856966,,0,0.10388990636366,,,0.00615213970645136,,0,0,0,0.284320427167436,,,0,0,,0,0,0.0608120308509815,0.000322439187969149,0,,,,0.000251502566615936,,,,0.000786751618644724,0.000748058916088426,,,,0,,0,,,,,,,,0,0.260131039285991,0.0289292439445921,,0.00481724146825909,0,0.0108081615807259,0,0,0.00110274202285449,,0,0.00358552377021694,,,0,0.154254907524441
0,0,2021,2021-09-26,006,Plön – Neumünster,01,Schleswig-Holstein,erststimme,174908,133721,131962,1759,0.764521920095136,spd,,,,0.0712629393310195,,,,0,,,,0,,,0,0,0,0,,0.279398614752732,,0,,0,,,0,0.0166411542716843,,0.0190054712720329,0,,,0,,0,0.0941180036677225,,,0.0180809627013837,,0,0,0,0.157166457010351,,,0,0,,0,0,0.0281747775874873,0.00168988042012094,0,,,,0,,,,0,0,,,,0,,0,,,,,,,,0,0.314461738985466,0,,0,0,0,0,0,0,,0,0,,,0,0.279398614752732
0,0,2021,2021-09-26,006,Plön – Neumünster,01,Schleswig-Holstein,zweitstimme,174908,133721,132527,1194,0.764521920095136,spd,,,,0.073502003365352,,,,0,,,,0,,,0,0,0,0,,0.228557199664974,,0,,0,,,0.000837565175398221,0.00980932187403322,,0.0151440838470651,0.000256551495167023,,,0.000528194254755635,,0,0.119983097783848,,,0.00962068106876335,,0,0,0,0.173934368091031,,,0,0,,0,0,0.0319331155160835,0.000709289427814709,0,,,,0.00017354954084828,,,,0.00182604299501234,0.000709289427814709,,,,0,,0,,,,,,,,0,0.291789597591434,0.0241686599711757,,0.00313143736747983,0,0.0109109841768093,0,0,0.000739471956657889,,0,0.0017354954084828,,,0,0.228557199664974
0,0,2021,2021-09-26,007,Pinneberg,01,Schleswig-Holstein,erststimme,238388,191512,190069,1443,0.803362585365035,spd,,,,0.0638768026348326,,,,0,,,,0,,,0,0,0,0,,0.261536599866364,,0,,0,,,0,0.0123744534879439,,0.0152313107345227,0,,,0,,0,0.109102483834818,,,0.0125217684104194,,0,0,0,0.168933387348805,,,0,0,,0,0,0.0297733980817493,0.000873367040390595,0,,,,0,,,,0,0,,,,0,,0,,,,,,,,0,0.311981438319768,0.0137949902403864,,0,0,0,0,0,0,,0,0,,,0,0.261536599866364
0,0,2021,2021-09-26,007,Pinneberg,01,Schleswig-Holstein,zweitstimme,238388,191512,190270,1242,0.803362585365035,spd,,,,0.0687444158301361,,,,0,,,,0,,,0,0,0,0,,0.221038524202449,,0,,0,,,0.000956535449624218,0.00948651915698744,,0.0125558416986388,0.000310085667735324,,,0.000667472539023493,,0,0.134876754086298,,,0.00909759814999737,,0,0,0,0.180222841225627,,,0,0,,0,0,0.0334419509118621,0.000567614442634152,0,,,,0.000110369474956641,,,,0.000988069585326116,0.00106164923529721,,,,0,,0,,,,,,,,0,0.292705103274294,0.0132811268197824,,0.00419929573763599,0,0.012193199138067,0,0,0.00109318337099911,,0,0.00240185000262784,,,0,0.221038524202449
0,0,2021,2021-09-26,008,Segeberg – Stormarn-Mitte,01,Schleswig-Holstein,erststimme,249202,199618,197918,1700,0.801028884198361,spd,,,,0.0709384694671531,,,,0,,,,0,,,0,0,0,0,,0.279231803069958,,0,,0,,,0,0.0166685192857648,,0.0171232530644004,0,,,0,,0,0.103957194393638,,,0.0235956305136471,,0,0,0,0.136970866722582,,,0,0,,0,0,0.031336209945533,0,0,,,,0,,,,0,0,,,,0,,0,,,,,,,,0,0.320178053537324,0,,0,0,0,0,0,0,,0,0,,,0,0.279231803069958
0,0,2021,2021-09-26,008,Segeberg – Stormarn-Mitte,01,Schleswig-Holstein,zweitstimme,249202,199618,198265,1353,0.801028884198361,spd,,,,0.0732706226515018,,,,0,,,,0,,,0,0,0,0,,0.223362671172421,,0,,0,,,0.00093813835018788,0.0112273976748291,,0.0143192192267924,0.000272362746828739,,,0.000600206793937407,,0,0.139585907749729,,,0.0115855042493632,,0,0,0,0.168264696239881,,,0,0,,0,0,0.0326230045645979,0.000267318992257837,0,,,,0.000151312637127077,,,,0.00113484477845308,0.0009784883867551,,,,0,,0,,,,,,,,0,0.285769046478198,0.0156759892063652,,0.00295564017854891,0,0.0134315184223136,0,0,0.00101883842332232,,0,0.00256727107658941,,,0,0.223362671172421
0,0,2021,2021-09-26,009,Ostholstein – Stormarn-Nord,01,Schleswig-Holstein,erststimme,183138,143092,141791,1301,0.781334294357261,spd,,,,0.0680367583273974,,,,0,,,,0,,,0,0,0,0,,0.303199779957825,,0,,0,,,0,0,,0.0143309518939848,0,,,0,,0,0.093722450649195,,,0.018209900487337,,0,0,0,0.134176358160955,,,0,0,,0,0,0.0290709565487231,0,0,,,,0,,,,0,0,,,,0,,0,,,,,,,,0,0.336509369424011,0,,0,0,0,0,0,0,,0,0,,,0.00274347455057091,0.303199779957825
0,0,2021,2021-09-26,009,Ostholstein – Stormarn-Nord,01,Schleswig-Holstein,zweitstimme,183138,143092,141966,1126,0.781334294357261,spd,,,,0.0709536086105124,,,,0,,,,0,,,0,0,0,0,,0.250510685657129,,0,,0,,,0.00061986672865334,0.00777650986856008,,0.0119113027062818,0.000197230322753335,,,0.000457856106391671,,0,0.126692306608625,,,0.0112914359776284,,0,0,0,0.157178479354212,,,0,0,,0,0,0.0284293422368736,0.000204274262851669,0,,,,9.15712212783342e-05,,,,0.00139470013947001,0.000718481890030007,,,,0,,0,,,,,,,,0,0.299508332981136,0.0157854697603652,,0.00128199709789668,0,0.0121789724300185,0,0,0.000781877350915008,,0,0.00203569868841835,,,0,0.250510685657129
0,0,2021,2021-09-26,010,Herzogtum Lauenburg – Stormarn-Süd,01,Schleswig-Holstein,erststimme,246277,196903,195327,1576,0.799518428436273,spd,,,,0.0719460187275697,,,,0,,,,0,,,0,0,0,0,,0.265564924460008,,0,,0,,,0,0.0151335964817972,,0.0130243130749973,0.000639952489927148,,,0,,0,0.105208189344023,,,0.0180057032565902,,0,0,0,0.173805976644294,,,0,0,,0,0,0.026458195743548,0,0,,,,0,,,,0,0,,,,0,,0,,,,,,,,0,0.310213129777245,0,,0,0,0,0,0,0,,0,0,,,0,0.265564924460008
0,0,2021,2021-09-26,010,Herzogtum Lauenburg – Stormarn-Süd,01,Schleswig-Holstein,zweitstimme,246277,196903,195587,1316,0.799518428436273,spd,,,,0.0750663387648463,,,,0,,,,0,,,0,0,0,0,,0.231937705471223,,0,,0,,,0.000818050279415299,0.009157050315205,,0.0114373654690751,0.000419250768200341,,,0.00053684549586629,,0,0.141752774979932,,,0.0112686425989457,,0,0,0,0.166038642650074,,,0,0,,0,0,0.032338550108136,0.00024541508382459,0,,,,0.000148271613144023,,,,0.00133444451829621,0.001109480691457,,,,0,,0,,,,,,,,0,0.288475205407312,0.00892697367411945,,0.00423852301022052,0,0.011672554924407,0,0,0.000792486208183571,,0,0.00228542796811649,,,0,0.231937705471223
0,0,2021,2021-09-26,011,Lübeck,01,Schleswig-Holstein,erststimme,179394,131455,129875,1580,0.732772556495758,spd,,,,0.0657401347449471,,,,0,,,,0,,,0,0,0,0,,0.217640038498556,,0,,0,,,0,0.0168854667949952,,0.0122733397497594,0.000700673724735322,,,0.00229451395572666,,0,0.0746871992300289,,,0.01376708373436,,0,0,0,0.214121270452358,,,0,0,,0,0,0.0309528392685274,0.000685274302213667,0,,,,0.00145524542829644,,,,0,0,,,,0,,0,,,,,,,,0,0.34121270452358,0,,0,0,0,0,0,0,,0,0.00589027911453321,,,0.0016939364773821,0.217640038498556
0,0,2021,2021-09-26,011,Lübeck,01,Schleswig-Holstein,zweitstimme,179394,131455,130237,1218,0.732772556495758,spd,,,,0.0677764383393352,,,,0,,,,0,,,0,0,0,0,,0.181423097890768,,0,,0,,,0.0015049486705007,0.01020447338314,,0.0117554919109009,0.000353202238995063,,,0.000813900811597319,,0,0.104624645837972,,,0.00995108916820873,,0,0,0,0.224429309643189,,,0,0,,0,0,0.0444190207084008,0.000514446739405852,0,,,,0.000545159977579336,,,,0.00127459938419957,0.0010288934788117,,,,0,,0,,,,,,,,0,0.304859602109999,0.012792063699256,,0.00509071922725493,0,0.0114790727673395,0,0,0.000936753764291254,,0,0.00422307024885401,,,0,0.181423097890768
0,0,2021,2021-09-26,012,Schwerin – Ludwigslust-Parchim I – Nordwestmecklenburg I,13,Mecklenburg-Vorpommern,erststimme,214853,156565,153608,2957,0.728707534919224,spd,,,,0.165310400499974,,,,0,,,,0,,,0,0,0,0,,0.206721004114369,,0,,0,,,0,0.0124342482162387,,0.0157348575595021,0,,,0,,0,0.0766171032758711,,,0.023123795635644,,0,0,0,0.0785180459351075,,,0,0,,0,0,0.116569449507838,0,0,,,,0.00158194885683037,,,,0,0,,,,0,,0.00920524972657674,,,,,,,,0,0.294183896672048,0,,0,0,0,0,0,0,,0,0,,,0,0.206721004114369
0,0,2021,2021-09-26,012,Schwerin – Ludwigslust-Parchim I – Nordwestmecklenburg I,13,Mecklenburg-Vorpommern,zweitstimme,214853,156565,154163,2402,0.728707534919224,spd,,,,0.156879406861569,,,,0,,,,0,,,0,0,0,0,,0.171137043259407,,0,,0,,,0.00113516213358588,0.00812127423571155,,0.0143160161647088,0.000784883532365094,,,0,,0,0.0858960969882527,,,0.0160609225300494,,0,0,0,0.0805575916400174,,,0,0,,0,0,0.107704183234628,0,0,,,,0.000758936969311703,,,,0.00721314452884285,0.000979482755265531,,,,0,,0.00663583350090489,,,,,,,,0,0.319603277050914,0,,0.00258816966457581,0,0.0171571648190552,0,0,0,,0,0.00247141013083554,,,0,0.171137043259407
0,0,2021,2021-09-26,013,Ludwigslust-Parchim II – Nordwestmecklenburg II – Landkreis Rostock I,13,Mecklenburg-Vorpommern,erststimme,205042,146362,144046,2316,0.713814730640552,spd,,,,0.171889535287339,,,,0,,,,0,,,0,0,0,0,,0.181941879677325,,0,,0,,,0,0,,0.0194104661011066,0,,,0,,0,0.0716576649125974,,,0.0245130027907752,,0,0,0,0.0566693972758702,,,0,0,,0,0,0.103779348263749,0,0,,,,0,,,,0,0,,,,0,,0,,,,,,,,0,0.352220818349694,0,,0,0,0,0,0,0,,0,0,,,0.0179178873415437,0.181941879677325
0,0,2021,2021-09-26,013,Ludwigslust-Parchim II – Nordwestmecklenburg II – Landkreis Rostock I,13,Mecklenburg-Vorpommern,zweitstimme,205042,146362,144104,2258,0.713814730640552,spd,,,,0.17121662132904,,,,0,,,,0,,,0,0,0,0,,0.170855770832177,,0,,0,,,0.00108949092322212,0.00707128185199578,,0.0181119191694887,0.000756398156886693,,,0,,0,0.0807611169710765,,,0.0165436073946594,,0,0,0,0.0704144229167823,,,0,0,,0,0,0.103945761394548,0,0,,,,0.000451063121079221,,,,0.00616915560983734,0.00135318936323766,,,,0,,0.00433020596236052,,,,,,,,0,0.32508466107811,0,,0.00230389163382002,0,0.0177788264031533,0,0,0,,0,0.00176261588852495,,,0,0.170855770832177
0,0,2021,2021-09-26,014,Rostock – Landkreis Rostock II,13,Mecklenburg-Vorpommern,erststimme,222705,165329,163010,2319,0.742367706158371,spd,,,,0.121967977424698,,,,0,,,,0,,,0,0,0,0,,0.169756456659101,,0,,0,,,0,0,,0.0291025090485246,0,,,0,,0,0.0750996871357585,,,0.013072817618551,,0,0,0,0.101564321207288,,,0,0,,0,0,0.182289430096313,0,0,,,,0.0021839150972333,,,,0,0,,,,0,,0.00799950923256242,,,,,,,,0,0.269504938347341,0,,0,0,0.0274584381326299,0,0,0,,0,0,,,0,0.169756456659101
0,0,2021,2021-09-26,014,Rostock – Landkreis Rostock II,13,Mecklenburg-Vorpommern,zweitstimme,222705,165329,162977,2352,0.742367706158371,spd,,,,0.126754081864312,,,,0,,,,0,,,0,0,0,0,,0.141756198727428,,0,,0,,,0.00177939218417323,0.0124925602999196,,0.0214017928910214,0.000901967762322291,,,0,,0,0.0911294231701406,,,0.0114801475054762,,0,0,0,0.128490523202661,,,0,0,,0,0,0.131865232517472,0,0,,,,0.000932646937911484,,,,0.00427054124201574,0.00168121882228781,,,,0,,0.00524000319063426,,,,,,,,0,0.290102284371414,0,,0.0025034207280782,0,0.0241445111886953,0,0,0,,0,0.0030740533940372,,,0,0.141756198727428
0,0,2021,2021-09-26,015,Vorpommern-Rügen – Vorpommern-Greifswald I,13,Mecklenburg-Vorpommern,erststimme,241066,168922,166153,2769,0.700729260866319,spd,,,,0.198762586290949,,,,0,,,,0,,,0,0,0,0,,0.204046872460925,,0,,0,,,0,0.0107250546183337,,0.0168820304177475,0,,,0,,0,0.0662341335997544,,,0.0110440377242662,,0,0,0,0.0734202813069881,,,0,0,,0,0,0.137024308920092,0,0,,,,0.00136019211208946,,,,0,0,,,,0,,0.00658429279037995,,,,,,,,0,0.2433239243348,0,,0,0,0.0305922854236758,0,0,0,,0,0,,,0,0.204046872460925
0,0,2021,2021-09-26,015,Vorpommern-Rügen – Vorpommern-Greifswald I,13,Mecklenburg-Vorpommern,zweitstimme,241066,168922,165779,3143,0.700729260866319,spd,,,,0.188823674892477,,,,0,,,,0,,,0,0,0,0,,0.186453048938647,,0,,0,,,0.00177947749714982,0.00950663232375633,,0.017517297124485,0.000916883320565331,,,0,,0,0.0830985830533421,,,0.0119134510402403,,0,0,0,0.0883947906550287,,,0,0,,0,0,0.113747820894082,0,0,,,,0.00074195163440484,,,,0.00457235234860869,0.00121245754890547,,,,0,,0.00480760530585901,,,,,,,,0,0.250833941572817,0,,0.00236459382672112,0,0.0311800650263302,0,0,0,,0,0.00213537299657978,,,0,0.186453048938647
0,0,2021,2021-09-26,016,Mecklenburgische Seenplatte I – Vorpommern-Greifswald II,13,Mecklenburg-Vorpommern,erststimme,221421,154240,150668,3572,0.696591560872727,spd,,,,0.242898292935461,,,,0,,,,0,,,0,0,0,0,,0.206958345501367,,0,,0,,,0,0,,0.021617065335705,0,,,0,,0,0.0741033265192344,,,0.0163803860142831,,0,0,0,0.0405660126901532,,,0,0,,0,0,0.107534446597818,0,0,,,,0,,,,0,0,,,,0,,0,,,,,,,,0,0.248174794913319,0,,0,0,0.0316258263201211,0,0.00676321448482757,0,,0,0,,,0.00337828868771073,0.206958345501367
0,0,2021,2021-09-26,016,Mecklenburgische Seenplatte I – Vorpommern-Greifswald II,13,Mecklenburg-Vorpommern,zweitstimme,221421,154240,151038,3202,0.696591560872727,spd,,,,0.232405090109774,,,,0,,,,0,,,0,0,0,0,,0.18991247235795,,0,,0,,,0.00145658708404507,0.00683933844462983,,0.0186840397780691,0.000926919053483229,,,0,,0,0.0757292866695798,,,0.0144533163839564,,0,0,0,0.0438035461274646,,,0,0,,0,0,0.101762470371695,0,0,,,,0.000589255684000053,,,,0.0132814258663383,0.000814364596988837,,,,0,,0.00342960049788795,,,,,,,,0,0.267078483560429,0,,0.00230405593294403,0,0.0251790940028337,0,0,0,,0,0.00135065347793271,,,0,0.18991247235795
0,0,2021,2021-09-26,017,Mecklenburgische Seenplatte II – Landkreis Rostock III,13,Mecklenburg-Vorpommern,erststimme,209348,143622,140601,3021,0.686044289890517,spd,,,,0.215645692420395,,,,0,,,,0,,,0,0,0,0,,0.213014132189671,,0,,0,,,0,0,,0,0,,,0,,0,0.0698785926131393,,,0.0303269535778551,,0,0,0,0.0538616368304635,,,0,0,,0,0,0.103086037794895,0,0,,,,0.00316498460181649,,,,0,0,,,,0,,0,,,,,,,,0,0.311021969971764,0,,0,0,0,0,0,0,,0,0,,,0,0.213014132189671
0,0,2021,2021-09-26,017,Mecklenburgische Seenplatte II – Landkreis Rostock III,13,Mecklenburg-Vorpommern,zweitstimme,209348,143622,140798,2824,0.686044289890517,spd,,,,0.208958934075768,,,,0,,,,0,,,0,0,0,0,,0.187516868137331,,0,,0,,,0.000994332305856617,0.00698873563544937,,0.0163709711785679,0.000603701757127232,,,0,,0,0.0753490816630918,,,0.0174363272205571,,0,0,0,0.0509879401696047,,,0,0,,0,0,0.102515660733817,0,0,,,,0.00115768689896163,,,,0.0066691288228526,0.00174008153524908,,,,0,,0.00314635151067487,,,,,,,,0,0.298647708064035,0,,0.00189633375474083,0,0.0175286580775295,0,0,0,,0,0.00149149845878493,,,0,0.187516868137331
0,0,2021,2021-09-26,018,Hamburg-Mitte,02,Hamburg,erststimme,242078,179637,178198,1439,0.742062475730963,spd,,,,0.0486200742993749,,,,0,,,,0,,,0,0,0,0,,0.130366221843118,,0,,0,,,0,0.0238554865935645,,0.0164985016666854,0,,,0,,0,0.0809436694014523,,,0.00751972524944163,,0,0,0,0.259969247690771,,,0,0,,0,0,0.090882052548289,0,0,,,,0.0010886766405908,,,,0.000763195995465718,0.00395066162358725,,,,0,,0,,,,,,,,0,0.332377467760581,0,,0,0,0,0,0,0,,0,0,,,0.00316501868707842,0.130366221843118
0,0,2021,2021-09-26,018,Hamburg-Mitte,02,Hamburg,zweitstimme,242078,179637,178555,1082,0.742062475730963,spd,,,,0.0509646887513651,,,,0,,,,0,,,0.000431239674050013,0,0,0,,0.111909495673602,,0,,0,,,0.00154014169303576,0.0139676850270225,,0.013418834532777,0.000627257707709109,,,0.0022290050684663,,0,0.104858446977122,,,0.00545490185097029,,0,0,0,0.278855254683431,,,0,0,,0,0,0.0873288342527513,0.000280025762370138,0,,,,0.000392036067318193,,,,0.000728066982162359,0.00207219064153902,,,,0,,0.0050684662988995,,,,,,,,0,0.286578365209599,0,,0.0113074402845062,0,0.0139228809050433,0,0,0.00169695611996304,,0,0.00636778583629694,,,0,0.111909495673602
0,0,2021,2021-09-26,019,Hamburg-Altona,02,Hamburg,erststimme,187705,152720,151883,837,0.813617111957593,gruene,,,,0.0341776235655077,,,,0,,,,0,,,0,0,0,0,,0.167503933949158,,0,,0,,,0,0,,0.0172435361429521,0,,,0,,0,0.0815101097555355,,,0.00497751558765629,,0,0,0,0.296695482707084,,,0,0,,0,0,0.0968903695607803,0,0,,,,0.00137605920346583,,,,0,0.00375947275205257,,,,0,,0.00889500470757096,,,,,,,,0,0.28592403363115,0,,0,0,0,0,0,0,,0,0,,,0.00104685843708644,0.167503933949158
0,0,2021,2021-09-26,019,Hamburg-Altona,02,Hamburg,zweitstimme,187705,152720,152095,625,0.813617111957593,gruene,,,,0.0331108846444656,,,,0,,,,0,,,0.000361616095203656,0,0,0,,0.147789210690687,,0,,0,,,0.000848154114204938,0.0104737170847168,,0.0147079128176469,0.000604885104704297,,,0.00149906308557152,,0,0.108767546599165,,,0.00344521516157665,,0,0,0,0.303507676123475,,,0,0,,0,0,0.0898583122390611,0.000157796114270686,0,,,,0.000552286399947401,,,,0.000368190933298268,0.00161741017127453,,,,0,,0.00375423255202341,,,,,,,,0,0.255531082547092,0,,0.00692987935172096,0,0.00923764752292975,0,0,0.00105197409513791,,0,0.00582530655182616,,,0,0.147789210690687
0,0,2021,2021-09-26,020,Hamburg-Eimsbüttel,02,Hamburg,erststimme,193823,160970,160039,931,0.83049999226098,gruene,,,,0.0340541992889233,,,,0,,,,0,,,0,0,0,0,,0.171595673554571,,0,,0,,,0,0.0145839451633664,,0.0149963446409938,0,,,0,,0,0.0809615156305651,,,0.00623597997987991,,0,0,0,0.298264797955498,,,0,0,,0,0,0.0709264616749667,0,0,,,,0.000856041339923394,,,,0,0.00281181462018633,,,,0,,0,,,,,,,,0,0.296021594736283,0,,0,0,0,0,0,0,,0,0.00869163141484263,,,0,0.171595673554571
0,0,2021,2021-09-26,020,Hamburg-Eimsbüttel,02,Hamburg,zweitstimme,193823,160970,160365,605,0.83049999226098,gruene,,,,0.0353069560066099,,,,0,,,,0,,,0.000261902534842391,0,0,0,,0.14867957472017,,0,,0,,,0.000929130421226577,0.00846818195990397,,0.0118167929411031,0.000623577463910454,,,0.00117232563215165,,0,0.113428740685312,,,0.00474542450035856,,0,0,0,0.299211174508153,,,0,0,,0,0,0.067639447510367,0.000149658591338509,0,,,,0.000293081408037914,,,,0.000330496055872541,0.00146540704018957,,,,0,,0.00311788731955227,,,,,,,,0,0.280054874816824,0,,0.00530040844323886,0,0.0104885729429738,0,0,0.000866772674835531,,0,0.00564961182302872,,,0,0.14867957472017
0,0,2021,2021-09-26,021,Hamburg-Nord,02,Hamburg,erststimme,219909,185457,184223,1234,0.843335197740884,spd,,,,0.033975127969906,,,,0,,,,0,,,0,0,0,0,,0.238135303409455,,0,,0,,,0,0,,0.0176850881811717,0,,,0,,0,0.0856896261596,,,0.00835943394690131,,0,0,0,0.257161157944448,,,0,0,,0,0,0.0493695141214724,0.000971648491230737,0,,,,0.000944507471922615,,,,0.000504822959131053,0,,,,0,,0,,,,,,,,0,0.307203769344762,0,,0,0,0,0,0,0,,0,0,,,0,0.238135303409455
0,0,2021,2021-09-26,021,Hamburg-Nord,02,Hamburg,zweitstimme,219909,185457,184691,766,0.843335197740884,spd,,,,0.0368778121294487,,,,0,,,,0,,,0.000286965796925676,0,0,0,,0.186186657714778,,0,,0,,,0.000985429717744774,0.00781304990497642,,0.0137256282114451,0.000389840327899031,,,0.000812167349789649,,0,0.142113042866193,,,0.0050841676096832,,0,0,0,0.251939726353748,,,0,0,,0,0,0.0473276986967421,0.00034652473591025,0,,,,0.000259893551932688,,,,0.000427741470889215,0.00158101910759052,,,,0,,0.00328115609315018,,,,,,,,0,0.279250207102674,0,,0.00473764287377295,0,0.0102495519543454,0,0,0.00119117877969148,,0,0.00513289765067058,,,0,0.186186657714778
0,0,2021,2021-09-26,022,Hamburg-Wandsbek,02,Hamburg,erststimme,233483,174014,172336,1678,0.745296231417277,spd,,,,0.0666720824435986,,,,0,,,,0,,,0,0,0,0,,0.191979621205088,,0,,0,,,0,0,,0.0177211958035466,0,,,0,,0,0.0914202488162659,,,0,,0,0,0,0.154343839940581,,,0,0,,0,0,0.0616760282239346,0,0,,,,0.000678906322532727,,,,0.00121274719153282,0.00510630396434871,,,,0,,0.0119998143162195,,,,,,,,0,0.386547210101198,0,,0,0,0,0,0,0,,0,0.010642001671154,,,0,0.191979621205088
0,0,2021,2021-09-26,022,Hamburg-Wandsbek,02,Hamburg,zweitstimme,233483,174014,172821,1193,0.745296231417277,spd,,,,0.065327709016844,,,,0,,,,0,,,0.000480265708449783,0,0,0,,0.168399673650772,,0,,0,,,0.00135978845163493,0.00934492914634217,,0.0143558942489628,0.000399257034735362,,,0.0009778904184098,,0,0.111242268011411,,,0.00627238587903091,,0,0,0,0.185938051509944,,,0,0,,0,0,0.0512206271228612,0.000254598688816753,0,,,,0.000283530358000475,,,,0.0009778904184098,0.00247076454828985,,,,0,,0.00606407786090811,,,,,,,,0,0.343118023851268,0,,0.0108262306085487,0,0.0148188009559024,0,0,0.00116883943502236,,0,0.00469850307543644,,,0,0.168399673650772
0,0,2021,2021-09-26,023,Hamburg-Bergedorf – Harburg,02,Hamburg,erststimme,221794,158246,156645,1601,0.713481879581955,spd,,,,0.0815474480513263,,,,0,,,,0,,,0,0,0,0,,0.169063806696671,,0,,0,,,0,0,,0.0190749784544671,0,,,0,,0,0.0849117431134093,,,0.0134635641099301,,0,0,0,0.154687350378244,,,0,0,,0,0,0.0671646078713014,0,0,,,,0.000836285869322353,,,,0.00130869162756551,0.00677327715535127,,,,0,,0,,,,,,,,0,0.393182035813464,0,,0,0,0,0,0,0,,0,0.00798621085894858,,,0,0.169063806696671
0,0,2021,2021-09-26,023,Hamburg-Bergedorf – Harburg,02,Hamburg,zweitstimme,221794,158246,157017,1229,0.713481879581955,spd,,,,0.0804881000146481,,,,0,,,,0,,,0.000484024022876504,0,0,0,,0.161937879337906,,0,,0,,,0.00148391575434507,0.010470203863276,,0.0153932376749014,0.000554080131450735,,,0.00132469732576727,,0,0.0998235859811358,,,0.00840036429176459,,0,0,0,0.177885197144258,,,0,0,,0,0,0.0629103854996593,0.000267486960010699,0,,,,0.000318436857155595,,,,0.00102536668004101,0.0028404567658279,,,,0,,0.00475744664590458,,,,,,,,0,0.334505180967666,0,,0.0145398268977245,0,0.0146353579548711,0,0,0.00124190374290682,,0,0.0047128654859028,,,0,0.161937879337906
0,0,2021,2021-09-26,024,Aurich – Emden,03,Niedersachsen,erststimme,191846,137847,135561,2286,0.718529445492739,spd,,,,0,,,,0,,,,0,,,0,0,0,0,,0.177182227926911,,0,,0,,,0,0,,0.0159042792543578,0,,,0,,0,0.0870309307249135,,,0.0310192459483185,,0,0,0,0.093330677702289,,,0,0,,0,0,0.0358583958513142,0,0,,,,0,,,,0,0,,,,0,,0,,,,,,,,0,0.528146000693415,0,,0,0,0.0307020455735794,0,0,0,,0,0,,,0.000826196324901705,0.177182227926911
0,0,2021,2021-09-26,024,Aurich – Emden,03,Niedersachsen,zweitstimme,191846,137847,136194,1653,0.718529445492739,spd,,,,0.082037387843811,,,,0,,,,0,,,0,0,0,0,,0.176703819551522,,0,,0,,,0.000631452193195001,0.00829698811988781,,0.00754071398152635,0.000249643890332907,,,0.000631452193195001,,0,0.0889393071647797,,,0.0129888247646739,,0,0,0,0.129726713364759,,,0,0,,0,0,0.0342966650513238,0.000176219216705582,0,,,,0.000132164412529186,,,,0.00107934270232169,0.000602082323744071,,,,0,,0.00315726096597501,,,,,,,,0,0.433484588161006,0,,0.00109402763704715,0,0.0163002775452663,0,0,0.000477260378577617,,0,0.00145380853782105,,,0,0.176703819551522
0,0,2021,2021-09-26,025,Unterems,03,Niedersachsen,erststimme,238506,175826,173747,2079,0.737197387067831,cdu,,,,0.0781826448801994,,,,0,,,,0,,,0,0,0,0,,0.443996155329301,,0,,0,,,0,0,,0.0107397537799214,0,,,0,,0,0.0619463933190213,,,0,,0,0,0,0.0945858057980857,,,0,0,,0,0,0.0250824474667188,0,0,,,,0,,,,0,0,,,,0,,0,,,,,,,,0,0.284551675712386,0,,0,0,0,0,0,0,,0,0,,,0.000915123714366291,0.443996155329301
0,0,2021,2021-09-26,025,Unterems,03,Niedersachsen,zweitstimme,238506,175826,174276,1550,0.737197387067831,cdu,,,,0.0817553765291836,,,,0,,,,0,,,0,0,0,0,,0.298761734260598,,0,,0,,,0.000591016548463357,0.00946200280015607,,0.00928986205788519,0.000160664692786155,,,0.000527898276297368,,0,0.101396635222291,,,0.00491174917946246,,0,0,0,0.106589547614129,,,0,0,,0,0,0.0266818150519865,0.000177878767013243,0,,,,0.000103284445362528,,,,0.000923821983520393,0.000332805435057036,,,,0,,0.00306410521242168,,,,,,,,0,0.3398574674654,0,,0.00121072322063853,0,0.0117285225733893,0,0,0.000556588400009181,,0,0.00191650026394914,,,0,0.298761734260598
0,0,2021,2021-09-26,026,Friesland – Wilhelmshaven – Wittmund,03,Niedersachsen,erststimme,189047,134164,132976,1188,0.709685951112686,spd,,,,0.076908615088437,,,,0,,,,0,,,0,0,0,0,,0.220235230417519,,0,,0,,,0,0.0199359282878113,,0.00958819636626158,0,,,0,,0,0.0714565034291902,,,0.0196351221273012,,0,0,0,0.101552159788232,,,0,0,,0,0,0.0260197328841295,0,0,,,,0.000511370472867284,,,,0,0,,,,0,,0,,,,,,,,0,0.454157141138251,0,,0,0,0,0,0,0,,0,0,,,0,0.220235230417519
0,0,2021,2021-09-26,026,Friesland – Wilhelmshaven – Wittmund,03,Niedersachsen,zweitstimme,189047,134164,132930,1234,0.709685951112686,spd,,,,0.0823817046565862,,,,0,,,,0,,,0,0,0,0,,0.21466185210261,,0,,0,,,0.000865116978861055,0.0115775220040623,,0.00868878357030016,0.000157977883096367,,,0.000684570826750922,,0,0.104370721432333,,,0.0113744075829384,,0,0,0,0.128037312871436,,,0,0,,0,0,0.0310088016249154,0.000255773715489355,0,,,,0.000376137816896111,,,,0.000940344542240277,0.000466410892951177,,,,0,,0.00315203490558941,,,,,,,,0,0.3795080117355,0,,0.00224178138870082,0,0.0165575866997668,0,0,0.000692093583088844,,0,0.00200105318588731,,,0,0.21466185210261
0,0,2021,2021-09-26,027,Oldenburg – Ammerland,03,Niedersachsen,erststimme,228705,173725,172328,1397,0.759602982007389,spd,,,,0.0497423517942528,,,,0,,,,0,,,0,0,0,0,,0.199004224502112,,0,,0,,,0,0,,0.0110661064945917,0,,,0,,0,0.0746193305788961,,,0.00821688872382898,,0,0,0,0.203791606703496,,,0,0,,0,0,0.0590908035838633,0.000794995589805487,0,,,,0.000516456988997725,,,,0,0.00273316002042616,,,,0,,0.00884360057564644,,,,,,,,0,0.381580474444083,0,,0,0,0,0,0,0,,0,0,,,0,0.199004224502112
0,0,2021,2021-09-26,027,Oldenburg – Ammerland,03,Niedersachsen,zweitstimme,228705,173725,172550,1175,0.759602982007389,spd,,,,0.0515966386554622,,,,0,,,,0,,,0,0,0,0,,0.186033033903216,,0,,0,,,0.00101999420457838,0.00858301941466242,,0.0100202839756592,0.000295566502463054,,,0.000492610837438424,,0,0.102428281657491,,,0.00603303390321646,,0,0,0,0.237142857142857,,,0,0,,0,0,0.0483569979716024,0.000336134453781513,0,,,,0.000168067226890756,,,,0.000620110113010722,0.00143146913937989,,,,0,,0.00460736018545349,,,,,,,,0,0.320086931324254,0,,0.00248044045204289,0,0.0116430020283976,0,0,0.0007939727615184,,0,0.00583019414662417,,,0,0.186033033903216
0,0,2021,2021-09-26,028,Delmenhorst – Wesermarsch – Oldenburg-Land,03,Niedersachsen,erststimme,226827,163753,161972,1781,0.721929047247462,spd,,,,0.0740807053070901,,,,0,,,,0,,,0,0,0,0,,0.249487565752105,,0,,0,,,0,0.0160521571629664,,0.0117612920751735,0,,,0,,0,0.106672758254513,,,0.0133665077914701,,0,0,0,0.13089916775739,,,0,0,,0,0,0.030443533450226,0.000648260193119798,0,,,,0,,,,0,0,,,,0,,0,,,,,,,,0,0.366588052255946,0,,0,0,0,0,0,0,,0,0,,,0,0.249487565752105
0,0,2021,2021-09-26,028,Delmenhorst – Wesermarsch – Oldenburg-Land,03,Niedersachsen,zweitstimme,226827,163753,162158,1595,0.721929047247462,spd,,,,0.0800885556062606,,,,0,,,,0,,,0,0,0,0,,0.226007967537834,,0,,0,,,0.00082635454309994,0.00952774454544333,,0.0104712687625649,0.000160337448661182,,,0.000511846470726082,,0,0.114524106118724,,,0.0095894127949284,,0,0,0,0.147837294490559,,,0,0,,0,0,0.0311177986901664,0.0003515090220649,0,,,,0.000141836973815661,,,,0.000925023742276052,0.00053651377052011,,,,0,,0.00368776131920719,,,,,,,,0,0.343004970460909,0,,0.00363842671961914,0,0.0142453656310512,0,0,0.000666017094438757,,0,0.00213988825713193,,,0,0.226007967537834
0,0,2021,2021-09-26,029,Cuxhaven – Stade II,03,Niedersachsen,erststimme,188602,140739,139672,1067,0.74622220337006,spd,,,,0.0732215476258663,,,,0,,,,0,,,0,0,0,0,,0.301313076350306,,0,,0,,,0,0.0126439085858297,,0.0101380376882983,0,,,0,,0,0.068889970788705,,,0.0150495446474598,,0,0,0,0.110179563548886,,,0,0,,0,0,0.0192880462798557,0,0,,,,0,,,,0,0,,,,0,,0,,,,,,,,0,0.368126754109628,0,,0,0,0.0211495503751647,0,0,0,,0,0,,,0,0.301313076350306
0,0,2021,2021-09-26,029,Cuxhaven – Stade II,03,Niedersachsen,zweitstimme,188602,140739,139716,1023,0.74622220337006,spd,,,,0.0787311403132068,,,,0,,,,0,,,0,0,0,0,,0.261859772681726,,0,,0,,,0.000644163875289874,0.00819519596896562,,0.0101491597240116,0.000143147527842194,,,0.000565432734976667,,0,0.100575453061926,,,0.0109865727618884,,0,0,0,0.125633427810702,,,0,0,,0,0,0.0262818861118268,0.000221878668155401,0,,,,0.000114518022273755,,,,0.00128832775057975,0.000622691746113545,,,,0,,0.0030991439777835,,,,,,,,0,0.349695095765696,0,,0.00165335394657734,0,0.0172134902230238,0,0,0.000715737639210971,,0,0.00161040968822468,,,0,0.261859772681726
0,0,2021,2021-09-26,030,Stade I – Rotenburg II,03,Niedersachsen,erststimme,198576,151821,150633,1188,0.764548585931835,cdu,,,,0.0712659244654226,,,,0,,,,0,,,0,0,0,0,,0.345667947926417,,0,,0,,,0,0,,0.0134698240093472,0,,,0,,0,0.0797899530647335,,,0,,0,0,0,0.132261854972018,,,0,0,,0,0,0.0288117477577954,0,0,,,,0,,,,0,0,,,,0,,0.011650833482703,,,,,,,,0,0.317081914321563,0,,0,0,0,0,0,0,,0,0,,,0,0.345667947926417
0,0,2021,2021-09-26,030,Stade I – Rotenburg II,03,Niedersachsen,zweitstimme,198576,151821,150886,935,0.764548585931835,cdu,,,,0.0729159762999881,,,,0,,,,0,,,0,0,0,0,,0.264895351457392,,0,,0,,,0.000788674893628302,0.00919899791895868,,0.00984186737006747,0.000185570563206659,,,0.000530201609161884,,0,0.110812136314834,,,0.0107365825855281,,0,0,0,0.14640854684994,,,0,0,,0,0,0.0285049640125658,0.000278355844809989,0,,,,0.0001126678419469,,,,0.00115981602004162,0.000782047373513779,,,,0,,0.00457961639913577,,,,,,,,0,0.320115849051602,0,,0.00247206500271728,0,0.0124663653354188,0,0,0.00070914465225402,,0,0.0025052026032899,,,0,0.264895351457392
0,0,2021,2021-09-26,031,Mittelems,03,Niedersachsen,erststimme,233253,180543,179213,1330,0.774022199071395,cdu,,,,0.0501805114584322,,,,0,,,,0,,,0,0,0,0,,0.40467488407649,,0,,0,,,0,0,,0.00761105500159029,0,,,0,,0,0.0974594476963167,,,0,,0,0,0,0.125894884857683,,,0,0,,0,0,0.022297489579439,0,0,,,,0,,,,0,0,,,,0,,0,,,,,,,,0,0.291881727330049,0,,0,0,0,0,0,0,,0,0,,,0,0.40467488407649
0,0,2021,2021-09-26,031,Mittelems,03,Niedersachsen,zweitstimme,233253,180543,179439,1104,0.774022199071395,cdu,,,,0.0514659577906698,,,,0,,,,0,,,0,0,0,0,,0.338460423876638,,0,,0,,,0.000735626034474111,0.00847641816996305,,0.00596302921884317,0.000122604339079019,,,0.000501563205323258,,0,0.11759427995029,,,0.00402922441609684,,0,0,0,0.125474395198368,,,0,0,,0,0,0.0221189373547557,0.00012817726358261,0,,,,9.47397165610597e-05,,,,0.000596302921884317,0.0005405736768484,,,,0,,0.00235734706501931,,,,,,,,0,0.309079965893702,0,,0.0016217210305452,0,0.00887209580971807,0,0,0.000412396413265789,,0,0.0013542206543728,,,0,0.338460423876638
0,0,2021,2021-09-26,032,Cloppenburg – Vechta,03,Niedersachsen,erststimme,223948,164507,163186,1321,0.734576776751746,cdu,,,,0.0776659762479625,,,,0,,,,0,,,0,0,0,0,,0.491059282046254,,0,,0,,,0,0,,0.00764771487750175,0,,,0,,0,0.08822448004118,,,0,,0,0,0,0.10641844275857,,,0,0,,0,0,0.0217052933462429,0,0,,,,0,,,,0,0,,,,0,,0,,,,,,,,0,0.207278810682289,0,,0,0,0,0,0,0,,0,0,,,0,0.491059282046254
0,0,2021,2021-09-26,032,Cloppenburg – Vechta,03,Niedersachsen,zweitstimme,223948,164507,163352,1155,0.734576776751746,cdu,,,,0.0781869827121798,,,,0,,,,0,,,0,0,0,0,,0.384672363974729,,0,,0,,,0.000636661932513835,0.00669107204074636,,0.00666046329399089,0.000104069738968608,,,0.0005632009403007,,0,0.120886184436064,,,0.0048484254860669,,0,0,0,0.110760811009354,,,0,0,,0,0,0.0217260884470346,0.000299965718203634,0,,,,7.34609922131348e-05,,,,0.000636661932513835,0.000489739948087566,,,,0,,0.00290170919241883,,,,,,,,0,0.246167784906215,0,,0.00164062882609334,0,0.00966624222537832,0,0,0.000410157206523336,,0,0.00197732504040355,,,0,0.384672363974729
0,0,2021,2021-09-26,033,Diepholz – Nienburg I,03,Niedersachsen,erststimme,194371,146954,145494,1460,0.756048999079081,cdu,,,,0.0665525726146783,,,,0,,,,0,,,0,0,0,0,,0.33758093117242,,0,,0,,,0,0,,0.01450918938238,0,,,0,,0,0.0939626376345416,,,0,,0,0,0,0.135414518811772,,,0,0,,0,0,0.0276918635820034,0,0,,,,0,,,,0,0,,,,0,,0,,,,,,,,0,0.319291517175966,0,,0,0,0,0,0,0,,0,0,,,0.00499676962623888,0.33758093117242
0,0,2021,2021-09-26,033,Diepholz – Nienburg I,03,Niedersachsen,zweitstimme,194371,146954,145972,982,0.756048999079081,cdu,,,,0.0710547228235552,,,,0,,,,0,,,0,0,0,0,,0.252890965390623,,0,,0,,,0.000808374208752363,0.00886471378072507,,0.0117967829446743,8.22075466527827e-05,,,0.000534349053243088,,0,0.120762886032938,,,0.00905653138958156,,0,0,0,0.144815444057765,,,0,0,,0,0,0.026854465239909,0.000267174526621544,0,,,,0.00014386320664237,,,,0.000842627353191023,0.000774121064313704,,,,0,,0.00318554243279533,,,,,,,,0,0.330172909873126,0,,0.0027059984106541,0,0.0121530156468364,0,0,0.000671361630997726,,0,0.00156194338640287,,,0,0.252890965390623
0,0,2021,2021-09-26,034,Osterholz – Verden,03,Niedersachsen,erststimme,197490,151308,149381,1927,0.766155248367006,cdu,,,,0,,,,0,,,,0,,,0,0,0,0,,0.336548824817079,,0,,0,,,0,0,,0.0259939349716497,0,,,0,,0,0.092140232024153,,,0.0306464677569437,,0,0,0,0.146825901553745,,,0,0,,0,0,0.042676110080934,0,0,,,,0,,,,0,0,,,,0,,0,,,,,,,,0,0.325168528795496,0,,0,0,0,0,0,0,,0,0,,,0,0.336548824817079
0,0,2021,2021-09-26,034,Osterholz – Verden,03,Niedersachsen,zweitstimme,197490,151308,150219,1089,0.766155248367006,cdu,,,,0.0754165584912694,,,,0,,,,0,,,0,0,0,0,,0.240868332234937,,0,,0,,,0.00087206012555003,0.00754897849140255,,0.0110571898361725,0.000179737583128632,,,0.000685665594898115,,0,0.104201199581944,,,0.00994547959978431,,0,0,0,0.160984961955545,,,0,0,,0,0,0.0349689453398039,0.000332847376164134,0,,,,0.000226336215791611,,,,0.000832118440410334,0.000698979489944681,,,,0,,0.00294902775281422,,,,,,,,0,0.329052916075863,0,,0.00292905691024438,0,0.0132206977812394,0,0,0.00074557812260766,,0,0.00228333300048596,,,0,0.240868332234937
0,0,2021,2021-09-26,035,Rotenburg I – Heidekreis,03,Niedersachsen,erststimme,168927,125100,124166,934,0.740556571773606,spd,,,,0.0739493903322971,,,,0,,,,0,,,0,0,0,0,,0.263518193386273,,0,,0,,,0,0,,0,0,,,0,,0,0.0592271636357779,,,0.0220189101686452,,0,0,0,0.0808192258750383,,,0,0,,0,0,0.0242417408952531,0,0,,,,0,,,,0,0,,,,0,,0,,,,,,,,0,0.476225375706715,0,,0,0,0,0,0,0,,0,0,,,0,0.263518193386273
0,0,2021,2021-09-26,035,Rotenburg I – Heidekreis,03,Niedersachsen,zweitstimme,168927,125100,124204,896,0.740556571773606,spd,,,,0.0800698850278574,,,,0,,,,0,,,0,0,0,0,,0.250547486393353,,0,,0,,,0.000756819426105439,0.00851019290844095,,0.00959711442465621,0.000136871598338218,,,0.000595794016295772,,0,0.100850214163795,,,0.0115374706128627,,0,0,0,0.135720266658079,,,0,0,,0,0,0.0284692924543493,0.000338153360600303,0,,,,0.000112717786866768,,,,0.00149753631122991,0.000861485942481724,,,,0,,0.00357476409777463,,,,,,,,0,0.347782680106921,0,,0.00144922868828701,0,0.0141219284403079,0,0,0.000724614344143506,,0,0.00274548323725484,,,0,0.250547486393353
0,0,2021,2021-09-26,036,Harburg,03,Niedersachsen,erststimme,201740,161635,160513,1122,0.80120452067017,spd,,,,0.0685738849812788,,,,0,,,,0,,,0,0,0,0,,0.291010696952895,,0,,0,,,0,0,,0.0177555711998405,0,,,0,,0,0.0896812096216506,,,0.0218985378131366,,0,0,0,0.150268202575492,,,0,0,,0,0,0.0263530056755528,0.00218673876882246,0,,,,0,,,,0,0,,,,0,,0,,,,,,,,0,0.310087033449004,0,,0,0,0.022185118962327,0,0,0,,0,0,,,0,0.291010696952895
0,0,2021,2021-09-26,036,Harburg,03,Niedersachsen,zweitstimme,201740,161635,160742,893,0.80120452067017,spd,,,,0.0726070348757637,,,,0,,,,0,,,0,0,0,0,,0.247912804369735,,0,,0,,,0.000808749424543679,0.00742183125754314,,0.0152542583767777,0.000143086436650035,,,0.000591009194858842,,0,0.127073198044071,,,0.0149556432046385,,0,0,0,0.166583718007739,,,0,0,,0,0,0.0291274215824116,0.000939393562354581,0,,,,0.000143086436650035,,,,0.000858518619900213,0.000877182068158913,,,,0,,0.00353361287031392,,,,,,,,0,0.29093205260604,0,,0.00269375769867241,0,0.0146819126301776,0,0,0.000702989884411044,,0,0.00215873884858967,,,0,0.247912804369735
0,0,2021,2021-09-26,037,Lüchow-Dannenberg – Lüneburg,03,Niedersachsen,erststimme,182673,139183,137637,1546,0.761924312843168,spd,,,,0.0625049950231406,,,,0,,,,0,,,0,0,0,0,,0.249111794067002,,0,,0,,,0,0.0158896227031975,,0.0184688710157879,0,,,0,,0,0.0691165892892173,,,0.0113414270871931,,0,0,0,0.251429484804231,,,0,0,,0,0,0.0390737955636929,0.00076287626147039,0,,,,0,,,,0,0,,,,0,,0,,,,,,,,0,0.281784694522548,0,,0,0,0,0,0,0,,0,0,,,0.000515849662518073,0.249111794067002
0,0,2021,2021-09-26,037,Lüchow-Dannenberg – Lüneburg,03,Niedersachsen,zweitstimme,182673,139183,138106,1077,0.761924312843168,spd,,,,0.0662172534140443,,,,0,,,,0,,,0,0,0,0,,0.210215341838877,,0,,0,,,0.000861656988110582,0.0107815735739215,,0.0173707152477083,0.000470652976699057,,,0.000680636612457098,,0,0.095875631761111,,,0.00840658624534778,,0,0,0,0.221460327574472,,,0,0,,0,0,0.0458198774854098,0.000383763196385385,0,,,,0.000181020375653484,,,,0.00129610588967894,0.00106439980884248,,,,0,,0.00328008920684112,,,,,,,,0,0.298770509608562,0,,0.00136851403994034,0,0.0121718100589402,0,0,0.00065891416737868,,0,0.00266461992961928,,,0,0.210215341838877
0,0,2021,2021-09-26,038,Osnabrück-Land,03,Niedersachsen,erststimme,199960,151837,150586,1251,0.759336867373475,cdu,,,,0.0625423346127794,,,,0,,,,0,,,0,0,0,0,,0.362151860066673,,0,,0,,,0,0,,0.0136068426015699,0,,,0,,0,0.0863692507935665,,,0.00838059314942956,,0,0,0,0.146168966570598,,,0,0,,0,0,0.023880041969373,0,0,,,,0,,,,0,0,,,,0,,0,,,,,,,,0,0.296900110236011,0,,0,0,0,0,0,0,,0,0,,,0,0.362151860066673
0,0,2021,2021-09-26,038,Osnabrück-Land,03,Niedersachsen,zweitstimme,199960,151837,150458,1379,0.759336867373475,cdu,,,,0.0669223304842547,,,,0,,,,0,,,0,0,0,0,,0.284890135453083,,0,,0,,,0.000591527203604993,0.00724454665089261,,0.0116976166106156,0.000206037565300615,,,0.000432014249823871,,0,0.110682050804876,,,0.00547661141315184,,0,0,0,0.147283627324569,,,0,0,,0,0,0.0257214637972059,0.000106341969187414,0,,,,7.97564768905608e-05,,,,0.000817503888128248,0.000584880830530779,,,,0,,0.002678488348908,,,,,,,,0,0.321365430884366,0,,0.00199391192226402,0,0.00928498318467612,0,0,0.000564941711308139,,0,0.00137579922636217,,,0,0.284890135453083
0,0,2021,2021-09-26,039,Stadt Osnabrück,03,Niedersachsen,erststimme,195467,149541,148206,1335,0.765044739009654,spd,,,,0.04517360970541,,,,0,,,,0,,,0,0,0,0,,0.292268869006653,,0,,0,,,0,0,,0.0129414463651944,0.00130898883985804,,,0,,0,0.0680809144029257,,,0,,0,0,0,0.230355046354399,,,0,0,,0,0,0.0470763666788119,0,0,,,,0,,,,0,0,,,,0,,0,,,,,,,,0,0.302794758646748,0,,0,0,0,0,0,0,,0,0,,,0,0.292268869006653
0,0,2021,2021-09-26,039,Stadt Osnabrück,03,Niedersachsen,zweitstimme,195467,149541,148510,1031,0.765044739009654,spd,,,,0.0464817184028012,,,,0,,,,0,,,0,0,0,0,,0.232051713689314,,0,,0,,,0.00103023365429937,0.00902969497003569,,0.00997912598478217,0.000350144771395866,,,0.000531950710389873,,0,0.0984916840616794,,,0.00365631943976837,,0,0,0,0.232617332166184,,,0,0,,0,0,0.0419096357147667,0.000168338832401858,0,,,,7.40690862568177e-05,,,,0.000538684263685947,0.000841694162009292,,,,0,,0.00294256279038449,,,,,,,,0,0.302464480506363,0,,0.00402666487105245,0,0.00864588243215945,0,0,0.00051175005050165,,0,0.00365631943976837,,,0,0.232051713689314
0,0,2021,2021-09-26,040,Nienburg II – Schaumburg,03,Niedersachsen,erststimme,193863,142895,141647,1248,0.737092689167092,spd,,,,0.0825644030583069,,,,0,,,,0,,,0,0,0,0,,0.309339414177498,,0,,0,,,0,0,,0.00975664857003678,0,,,0,,0,0.0621545108615078,,,0.0123264170790769,,0,0,0,0.1277400862708,,,0,0,,0,0,0.0216735970405303,0,0,,,,0,,,,0,0,,,,0,,0,,,,,,,,0,0.353110196474334,0,,0,0,0.0197674500695391,0,0,0,,0,0,,,0.0015672763983706,0.309339414177498
0,0,2021,2021-09-26,040,Nienburg II – Schaumburg,03,Niedersachsen,zweitstimme,193863,142895,141792,1103,0.737092689167092,spd,,,,0.087691830286617,,,,0,,,,0,,,0,0,0,0,,0.239562175581133,,0,,0,,,0.000761679079214624,0.00854067930489732,,0.0102756149853306,0.000148104265402844,,,0.000557154141277364,,0,0.100238377341458,,,0.00941519972918077,,0,0,0,0.140825998645904,,,0,0,,0,0,0.0270960279846536,0.000225682690137666,0,,,,0.000112841345068833,,,,0.00108609794628752,0.00050778605280975,,,,0,,0.00389302640487475,,,,,,,,0,0.349476698262243,0,,0.00248250959151433,0,0.0146552696908147,0,0,0.000684100654479801,,0,0.00176314601670052,,,0,0.239562175581133
0,0,2021,2021-09-26,041,Stadt Hannover I,03,Niedersachsen,erststimme,176770,128894,127677,1217,0.729162188154099,spd,,,,0.0591257626667293,,,,0,,,,0,,,0,0,0,0,,0.213844310251651,,0,,0,,,0,0.0124219710676159,,0.00990781425002154,0,,,0,,0,0.0747981233894907,,,0.00663392780218833,,0,0,0,0.218136391049288,,,0,0,,0,0,0.0365140158368383,0,0,,,,0.000892878122136328,,,,0,0.00108085246363871,,,,0,,0.00584286911503247,,,,,,,,0,0.348833384243051,0,,0,0,0.0119676997423185,0,0,0,,0,0,,,0,0.213844310251651
0,0,2021,2021-09-26,041,Stadt Hannover I,03,Niedersachsen,zweitstimme,176770,128894,127586,1308,0.729162188154099,spd,,,,0.0601711786559654,,,,0,,,,0,,,0,0,0,0,,0.183484081325537,,0,,0,,,0.00141081309861584,0.00909974448607214,,0.00934271785305598,0.000493784584515542,,,0.000564325239446334,,0,0.104102330976753,,,0.00541595472857524,,0,0,0,0.237957142633204,,,0,0,,0,0,0.0452087219600897,0.000195946263696644,0,,,,0.000431081780132616,,,,0.000681892997664321,0.000807298606430173,,,,0,,0.00533757622309658,,,,,,,,0,0.309681312996724,0,,0.00841001363785995,0,0.0109729907670121,0,0,0.000948379916291756,,0,0.00528271126926152,,,0,0.183484081325537
0,0,2021,2021-09-26,042,Stadt Hannover II,03,Niedersachsen,erststimme,190336,143712,142528,1184,0.755043712172159,spd,,,,0.0454366861248316,,,,0,,,,0,,,0,0,0,0,,0.183795464750786,,0,,0,,,0.00201363942523574,0.0170352492141895,,0.011001347103727,0,,,0,,0,0.066920184104176,,,0.00613914458913336,,0,0,0,0.265063706780422,,,0,0,,0,0,0.0518494611585092,0,0,,,,0.00102436012572968,,,,0,0,,,,0,,0.00686882577458464,,,,,,,,0,0.329261618769645,0,,0,0,0.0135903120790301,0,0,0,,0,0,,,0,0.183795464750786
0,0,2021,2021-09-26,042,Stadt Hannover II,03,Niedersachsen,zweitstimme,190336,143712,142450,1262,0.755043712172159,spd,,,,0.0474061074061074,,,,0,,,,0,,,0,0,0,0,,0.158209898209898,,0,,0,,,0.0013969813969814,0.011969111969112,,0.0101088101088101,0.000624780624780625,,,0.000765180765180765,,0,0.0932818532818533,,,0.0048999648999649,,0,0,0,0.294671814671815,,,0,0,,0,0,0.061993681993682,0.00014040014040014,0,,,,0.000491400491400491,,,,0.000414180414180414,0.000856440856440857,,,,0,,0.0053983853983854,,,,,,,,0,0.281614601614602,0,,0.00751140751140751,0,0.0103825903825904,0,0,0.00132678132678133,,0,0.00653562653562654,,,0,0.158209898209898
0,0,2021,2021-09-26,043,Hannover-Land I,03,Niedersachsen,erststimme,231250,174581,173117,1464,0.754944864864865,spd,,,,0.0747586892101873,,,,0,,,,0,,,0,0,0,0,,0.318772853041585,,0,,0,,,0,0.0096004436306082,,0.00997591224432032,0,,,0,,0,0.0725347597289694,,,0,,0,0,0,0.129912140344391,,,0,0,,0,0,0.0229960084798142,0.000820254509955695,0,,,,0,,,,0,0,,,,0,,0.00570712292842413,,,,,,,,0,0.336749134978078,0,,0,0,0.0177914358497432,0,0,0,,0,0,,,0.000381245053923069,0.318772853041585
0,0,2021,2021-09-26,043,Hannover-Land I,03,Niedersachsen,zweitstimme,231250,174581,172702,1879,0.754944864864865,spd,,,,0.0769823163599727,,,,0,,,,0,,,0,0,0,0,,0.257837199337587,,0,,0,,,0.00081643524684138,0.00784588481893667,,0.00905606188694978,0.00019108058968628,,,0.000416903104770066,,0,0.113200773586872,,,0.00623617560885224,,0,0,0,0.1518164236662,,,0,0,,0,0,0.0260796053317275,0.000382161179372561,0,,,,0.000208451552385033,,,,0.000752741716945953,0.000654306261653021,,,,0,,0.0040069020625123,,,,,,,,0,0.321154358374541,0,,0.00464383736146657,0,0.0152690762122037,0,0,0.000550080485460504,,0,0.00189922525506364,,,0,0.257837199337587
0,0,2021,2021-09-26,044,Celle – Uelzen,03,Niedersachsen,erststimme,214482,158022,156634,1388,0.736761126807844,cdu,,,,0.092559725219301,,,,0,,,,0,,,0,0,0,0,,0.328817498116629,,0,,0,,,0,0,,0,0,,,0,,0,0.0856263646462454,,,0.0217002694178786,,0,0,0,0.119852650127048,,,0,0,,0,0,0.0278164383211819,0,0,,,,0,,,,0,0,,,,0,,0,,,,,,,,0,0.3232695327962,0,,0,0,0,0,0,0,,0,0,,,0.000357521355516682,0.328817498116629
0,0,2021,2021-09-26,044,Celle – Uelzen,03,Niedersachsen,zweitstimme,214482,158022,156830,1192,0.736761126807844,cdu,,,,0.0919658228655232,,,,0,,,,0,,,0,0,0,0,,0.261384939106038,,0,,0,,,0.00063125677485175,0.00927118535994389,,0.0101511190461009,0.000216795256009692,,,0.000478224829433144,,0,0.114710195753364,,,0.0100618504112734,,0,0,0,0.139526876235414,,,0,0,,0,0,0.0298412293566282,0.000178537269655041,0,,,,0.000102021296945737,,,,0.00112223426640311,0.000816170375565899,,,,0,,0.00360900337945546,,,,,,,,0,0.308180832748836,0,,0.00143467448829943,0,0.0138302620672065,0,0,0.000790665051329465,,0,0.00169610406172288,,,0,0.261384939106038
0,0,2021,2021-09-26,045,Gifhorn – Peine,03,Niedersachsen,erststimme,219966,166592,165024,1568,0.757353409163234,spd,,,,0.092992534419236,,,,0,,,,0,,,0,0,0,0,,0.244079649020749,,0,,0,,,0,0,,0.012216404886562,0,,,0,,0,0.0650693232499515,,,0.0126284661624976,,0,0,0,0.0955133798720186,,,0,0,,0,0,0.0219301434942796,0.00072716695753345,0,,,,0,,,,0,0,,,,0,,0,,,,,,,,0,0.436984923405081,0,,0,0,0.0170884235020361,0,0,0,,0,0,,,0.000769585030056234,0.244079649020749
0,0,2021,2021-09-26,045,Gifhorn – Peine,03,Niedersachsen,zweitstimme,219966,166592,164830,1762,0.757353409163234,spd,,,,0.0973609173087423,,,,0,,,,0,,,0,0,0,0,,0.229563792998847,,0,,0,,,0.000806891949281078,0.00866953831220045,,0.011781835830856,0.00019413941636838,,,0.000734089668142935,,0,0.0985136200934296,,,0.0098707759509798,,0,0,0,0.1332281744828,,,0,0,,0,0,0.0251592549899897,0.000448947400351878,0,,,,0.000169871989322332,,,,0.00105563307650306,0.00111630164411818,,,,0,,0.00389492204089061,,,,,,,,0,0.357010252987927,0,,0.0035309106351999,0,0.0136868288539708,0,0,0.00068555481405084,,0,0.00251774555602742,,,0,0.229563792998847
0,0,2021,2021-09-26,046,Hameln-Pyrmont – Holzminden,03,Niedersachsen,erststimme,184471,132893,131548,1345,0.720400496555014,spd,,,,0.0852008392373886,,,,0,,,,0,,,0,0,0,0,,0.25523003010308,,0,,0,,,0,0,,0.0141089184176118,0,,,0,,0,0.0691914738346459,,,0.0150439383342962,,0,0,0,0.100792106303403,,,0,0,,0,0,0.0279441724693648,0,0,,,,0,,,,0,0,,,,0,,0,,,,,,,,0,0.43248852130021,0,,0,0,0,0,0,0,,0,0,,,0,0.25523003010308
0,0,2021,2021-09-26,046,Hameln-Pyrmont – Holzminden,03,Niedersachsen,zweitstimme,184471,132893,131609,1284,0.720400496555014,spd,,,,0.08806388620839,,,,0,,,,0,,,0,0,0,0,,0.226496668160992,,0,,0,,,0.000858603894870412,0.00731712876778944,,0.0117469170041563,0.000174760084796632,,,0.000600262899953651,,0,0.103518756316057,,,0.00852525283225311,,0,0,0,0.131252421946827,,,0,0,,0,0,0.0283719198535055,0.00022794793669126,0,,,,7.59826455637532e-05,,,,0.00115493621256905,0.000547075048059023,,,,0,,0.00351799648960178,,,,,,,,0,0.368044738581708,0,,0.00316087805545213,0,0.0140187981065125,0,0,0.000721835132855656,,0,0.00160323382139519,,,0,0.226496668160992
0,0,2021,2021-09-26,047,Hannover-Land II,03,Niedersachsen,erststimme,238323,181202,179548,1654,0.760321076857878,spd,,,,0.0745037538708312,,,,0,,,,0,,,0,0,0,0,,0.254644997438011,,0,,0,,,0,0.00947378973867712,,0.0091062000133669,0,,,0,,0,0.066182859179718,,,0.0110165526767215,,0,0,0,0.124106088622541,,,0,0,,0,0,0.0228072715931116,0,0,,,,0,,,,0,0,,,,0,,0.00623231670639606,,,,,,,,0,0.407066633992024,0,,0,0,0.0145810591039722,0,0,0,,0,0,,,0.000278477064628957,0.254644997438011
0,0,2021,2021-09-26,047,Hannover-Land II,03,Niedersachsen,zweitstimme,238323,181202,179092,2110,0.760321076857878,spd,,,,0.0773345543072834,,,,0,,,,0,,,0,0,0,0,,0.226766131373819,,0,,0,,,0.000882228128559623,0.00799589038036317,,0.00921314184888214,0.00020101400397561,,,0.000480200120608402,,0,0.102293793134255,,,0.00933598374020057,,0,0,0,0.163050275835883,,,0,0,,0,0,0.0278851093292833,0.000223348893306234,0,,,,0.000195430281642954,,,,0.000943649074218837,0.00063096062359011,,,,0,,0.00484108726241262,,,,,,,,0,0.346324793960646,0,,0.00419895919415719,0,0.0141547361132826,0,0,0.00069796529158198,,0,0.00235074710204811,,,0,0.226766131373819
0,0,2021,2021-09-26,048,Hildesheim,03,Niedersachsen,erststimme,215131,161685,160009,1676,0.751565325313414,spd,,,,0.0711647469829822,,,,0,,,,0,,,0,0,0,0,,0.257673005893419,,0,,0,,,0,0,,0.0134554931285115,0,,,0,,0,0.0719147047978551,,,0.00887450080932948,,0,0,0,0.143573174008962,,,0,0,,0,0,0.0342543231943203,0,0,,,,0,,,,0,0.00164990719272041,,,,0,,0.00941197057665506,,,,,,,,0,0.386584504621615,0,,0,0,0,0,0,0,,0,0,,,0.00144366879363036,0.257673005893419
0,0,2021,2021-09-26,048,Hildesheim,03,Niedersachsen,zweitstimme,215131,161685,159778,1907,0.751565325313414,spd,,,,0.0761118551990887,,,,0,,,,0,,,0,0,0,0,,0.228466997959669,,0,,0,,,0.000619609708470503,0.00896243537908849,,0.0101891374281816,0.000231571305185946,,,0.000719748651253614,,0,0.096364956376973,,,0.00659665285583747,,0,0,0,0.166261938439585,,,0,0,,0,0,0.0332210942682973,0.000194019201642279,0,,,,0.000200277885566223,,,,0.00100138942783112,0.00089499180112406,,,,0,,0.00496313635168797,,,,,,,,0,0.346975178059558,0,,0.0026036125123609,0,0.0127051283656073,0,0,0.000782335490493059,,0,0.00193393333249884,,,0,0.228466997959669
0,0,2021,2021-09-26,049,Salzgitter – Wolfenbüttel,03,Niedersachsen,erststimme,200922,147218,145424,1794,0.732712196772877,spd,,,,0.0985463197271427,,,,0,,,,0,,,0,0,0,0,,0.271901474309605,,0,,0,,,0,0,,0.0109954340411486,0,,,0,,0,0.0656287820442293,,,0.0113530091319177,,0,0,0,0.105574045549565,,,0,0,,0,0,0.0390238200022005,0,0,,,,0,,,,0,0,,,,0,,0.00838926174496644,,,,,,,,0,0.386160468698427,0,,0,0,0,0,0,0,,0,0,,,0.00242738475079767,0.271901474309605
0,0,2021,2021-09-26,049,Salzgitter – Wolfenbüttel,03,Niedersachsen,zweitstimme,200922,147218,145722,1496,0.732712196772877,spd,,,,0.0989212335817516,,,,0,,,,0,,,0,0,0,0,,0.229567258203977,,0,,0,,,0.000645063888774516,0.00874267440743333,,0.00934656400543501,0.000130385254113998,,,0.000590164834410727,,0,0.0923882461124607,,,0.0090377568246387,,0,0,0,0.124243422407049,,,0,0,,0,0,0.0307297456801307,0.000267632890023469,0,,,,0.000157834781295892,,,,0.00164697163091366,0.000590164834410727,,,,0,,0.0041037043136932,,,,,,,,0,0.366526674078039,0,,0.00509874967403687,0,0.014795295151041,0,0,0.000686238179547357,,0,0.00178421926682313,,,0,0.229567258203977
0,0,2021,2021-09-26,050,Braunschweig,03,Niedersachsen,erststimme,187721,140807,139553,1254,0.750086564635816,spd,,,,0.0576483486560662,,,,0,,,,0,,,0,0,0,0,,0.224115568995292,,0,,0,,,0,0,,0.0117518075569855,0,,,0,,0,0.0703388676703475,,,0.00855588916039068,,0,0,0,0.202174084398042,,,0,0,,0,0,0.0383510207591381,0.000573258905218806,0,,,,0.000723739367838742,,,,0,0.00252233918296275,,,,0,,0,,,,,,,,0,0.36702901406634,0,,0,0,0,0,0,0.0045144138785981,,0,0,,,0.0117016474027789,0.224115568995292
0,0,2021,2021-09-26,050,Braunschweig,03,Niedersachsen,zweitstimme,187721,140807,139294,1513,0.750086564635816,spd,,,,0.0591410972475484,,,,0,,,,0,,,0,0,0,0,,0.186145849785346,,0,,0,,,0.00135684236219794,0.0118598073140264,,0.010366562809597,0.000236908983875831,,,0.000581503869513403,,0,0.100837078409695,,,0.00605912673912731,,0,0,0,0.239787786982928,,,0,0,,0,0,0.0456229270463911,0.000380490186224819,0,,,,0.00037331112610737,,,,0.000725085071862392,0.0012922308211409,,,,0,,0.0056355621921978,,,,,,,,0,0.304227030597154,0,,0.00484586557927836,0,0.0112495872040432,0,0,0.00201013683288584,,0,0.00726520883885882,,,0,0.186145849785346
0,0,2021,2021-09-26,051,Helmstedt – Wolfsburg,03,Niedersachsen,erststimme,180147,130671,129048,1623,0.725357624606571,spd,,,,0.0956155848986424,,,,0,,,,0,,,0,0,0,0,,0.266311759965284,,0,,0,,,0,0,,0,0,,,0,,0,0.0756772673733804,,,0.0163737524022069,,0,0,0,0.087603062426384,,,0,0,,0,0,0.0277028702498295,0,0,,,,0,,,,0,0.00376604054305375,,,,0,,0,,,,,,,,0,0.421153369288947,0,,0,0,0,0,0,0,,0,0,,,0.00579629285227202,0.266311759965284
0,0,2021,2021-09-26,051,Helmstedt – Wolfsburg,03,Niedersachsen,zweitstimme,180147,130671,129204,1467,0.725357624606571,spd,,,,0.0947416488653602,,,,0,,,,0,,,0,0,0,0,,0.246331382929321,,0,,0,,,0.000913284418439058,0.00922572056592675,,0.0117643416612489,0.000247670350763134,,,0.000820408036902882,,0,0.101181077985202,,,0.00873037986440048,,0,0,0,0.119818271880128,,,0,0,,0,0,0.0270579858208724,0.000309587938453918,0,,,,0.000201232159995047,,,,0.00154793969226959,0.00157889848611498,,,,0,,0.00409430048605306,,,,,,,,0,0.351490665923656,0,,0.00294882511377357,0,0.0135367326088976,0,0,0.000657874369214575,,0,0.00280177084300796,,,0,0.246331382929321
0,0,2021,2021-09-26,052,Goslar – Northeim – Osterode,03,Niedersachsen,erststimme,197519,143611,142067,1544,0.727074357403592,spd,,,,0.0791175994425166,,,,0,,,,0,,,0,0,0,0,,0.332209450470553,,0,,0,,,0,0,,0.012648961405534,0,,,0,,0,0.0621326557187806,,,0.014296071571864,,0,0,0,0.105260194133754,,,0,0,,0,0,0.0269943055037412,0,0,,,,0,,,,0,0,,,,0,,0,,,,,,,,0,0.366932503677842,0,,0,0,0,0,0,0,,0,0,,,0.000408258075415121,0.332209450470553
0,0,2021,2021-09-26,052,Goslar – Northeim – Osterode,03,Niedersachsen,zweitstimme,197519,143611,142315,1296,0.727074357403592,spd,,,,0.0830481677967888,,,,0,,,,0,,,0,0,0,0,,0.236194357587043,,0,,0,,,0.000829146611390226,0.00831957277869515,,0.0105751326283245,0.000147559990162667,,,0.000470786635280891,,0,0.100052699996487,,,0.00862874609141693,,0,0,0,0.120282471981169,,,0,0,,0,0,0.0298703580086428,0.000175666654955556,0,,,,0.000161613322559112,,,,0.0013561465762569,0.000590239960650669,,,,0,,0.00308470646101957,,,,,,,,0,0.378568668095422,0,,0.00228366651442223,0,0.0129290658047289,0,0,0.000681586621227559,,0,0.00174963988335734,,,0,0.236194357587043
0,0,2021,2021-09-26,053,Göttingen,03,Niedersachsen,erststimme,214542,161876,159477,2399,0.754518928694615,spd,,,,0,,,,0,,,,0,,,0,0,0,0,,0.269367996639014,,0,,0,,,0,0,,0.0214952626397537,0.00206299340970798,,,0,,0,0.0956940499256946,,,0,,0,0,0,0.232384607184735,,,0,0,,0,0,0.0505213917994444,0.0048094709581946,0,,,,0.00145475523116186,,,,0,0,,,,0,,0,,,,,,,,0,0.322209472212294,0,,0,0,0,0,0,0,,0,0,,,0,0.269367996639014
0,0,2021,2021-09-26,053,Göttingen,03,Niedersachsen,zweitstimme,214542,161876,160305,1571,0.754518928694615,spd,,,,0.061039892704532,,,,0,,,,0,,,0,0,0,0,,0.215763700446025,,0,,0,,,0.00102304981129721,0.0101369264838901,,0.00979383051058919,0.00045538192819937,,,0.000692430055207261,,0,0.0975515423723527,,,0.00785377873428777,,0,0,0,0.202414148030317,,,0,0,,0,0,0.0507282991796887,0.000486572471226724,0,,,,0.000286952995851658,,,,0.00108543089735192,0.000848382770344032,,,,0,,0.0035494837965129,,,,,,,,0,0.319266398427997,0,,0.00236424316147344,0,0.0106858800411715,0,0,0.000779763575683853,,0,0.00319391160600106,,,0,0.215763700446025
0,0,2021,2021-09-26,054,Bremen I,04,Bremen,erststimme,245384,186308,184971,1337,0.759250806898575,spd,,,,0.0491914948829817,,,,0,,,,0,,,0,0,0,0,,0.213222613274513,,0,,0,,,0.00284368901070979,0.0153267268923237,,0.0120937876748247,0,,,0,,0,0.0753036962550886,,,0.0100177865719491,,0,0,0,0.214741770331566,,,0,0,,0,0,0.0827481064599316,0,0,,,,0.00079471917219456,,,,0,0.00174081342480713,,,,0,,0,,,,,,,,0,0.302393348146466,0,,0,0,0.0131912570078553,0,0,0,,0,0.00639019089478891,,,0,0.213222613274513
0,0,2021,2021-09-26,054,Bremen I,04,Bremen,zweitstimme,245384,186308,185237,1071,0.759250806898575,spd,,,,0.0530941442584365,,,,0,,,,0,,,0,0,0,0,,0.174776097647878,,0,,0,,,0.00175450908835708,0.0106728137467137,,0.0108401669212954,0,,,0,,0,0.0993106128905132,,,0.00795197503738454,,0,0,0,0.239768512770127,,,0,0,,0,0,0.0849668262820063,0,0.000977126599977326,,,,0.000453473118221522,,,,0.000561442908274265,0.00114447977455908,,,,0,,0,,,,,,,,0,0.28841430167839,0,,0.00785480222633707,0,0.0115797599831567,0,0,0.00132802841764874,,0,0.00455092665072313,,,0,0.174776097647878
0,0,2021,2021-09-26,055,Bremen II – Bremerhaven,04,Bremen,erststimme,214365,144123,142086,2037,0.672325239661325,spd,,,,0.0877355967512633,,,,0,,,,0,,,0,0,0,0,,0.200948721197022,,0,,0,,,0.00344861562715538,0.01850287853835,,0.0124572442042144,0,,,0,,0,0.0596047464211815,,,0.0126613459454133,,0,0,0,0.146172036653858,,,0,0,,0,0,0.0747223512520586,0,0,,,,0.000837520938023451,,,,0,0.00275185451064848,,,,0,,0.0063904958968512,,,,,,,,0,0.369480455498782,0,,0,0,0,0,0,0.00428613656517884,,0,0,,,0,0.200948721197022
0,0,2021,2021-09-26,055,Bremen II – Bremerhaven,04,Bremen,zweitstimme,214365,144123,142803,1320,0.672325239661325,spd,,,,0.0892138120347612,,,,0,,,,0,,,0,0,0,0,,0.168932025237565,,0,,0,,,0.00184870065754921,0.0135291275393374,,0.0101748562705265,0,,,0,,0,0.0846270736609175,,,0.0100698164604385,,0,0,0,0.168154730642914,,,0,0,,0,0,0.0673165129584112,0,0.00143554407120299,,,,0.000532201704445985,,,,0.00130949629909736,0.0013655175311443,,,,0,,0,,,,,,,,0,0.348725166838232,0,,0.0109171375951486,0,0.0166102953019194,0,0,0.00188371392757855,,0,0.00335427126881088,,,0,0.168932025237565
0,0,2021,2021-09-26,056,Prignitz – Ostprignitz-Ruppin – Havelland I,12,Brandenburg,erststimme,172726,122512,120837,1675,0.709285226312194,spd,,,,0.196951264927133,,,,0,,,,0,,,0,0,0,0,,0.193922391320539,,0,,0,,,0,0.0180408318644124,,0.0146561069870983,0,,,0,,0,0.0608671185150244,,,0.0376457541978037,,0,0,0,0.0465337603548582,,,0,0,,0,0,0.0897490007199782,0,0,,,,0,,,,0,0,,,,0,,0.00526328856227811,,,,,,,,0,0.329807923069921,0,,0,0,0,0,0,0,,0,0,,,0.00656255948095368,0.193922391320539
0,0,2021,2021-09-26,056,Prignitz – Ostprignitz-Ruppin – Havelland I,12,Brandenburg,zweitstimme,172726,122512,121008,1504,0.709285226312194,spd,,,,0.191896403543567,,,,0,,,,0,,,0,0,0,0,,0.160435673674468,,0,,0,,,0.000925558640751025,0.0113463572656353,,0.0130569879677377,0.000611529816210499,,,0,,0,0.0749537220679625,,,0.0252875842919476,,0,0,0,0.0634420864736216,,,0,0,,0,0,0.0806062409096919,0,0,,,,0.000710696813433823,,,,0.00390883247388602,0.000917294724315748,,,,0,,0.00395841597249769,,,,,,,,0,0.340167592225307,0,,0.00124785138172683,0,0.0211308343250033,0,0.00379313764379215,0,,0,0.00160319978844374,,,0,0.160435673674468
0,0,2021,2021-09-26,057,Uckermark – Barnim I,12,Brandenburg,erststimme,182836,130965,129150,1815,0.716297665667593,spd,,,,0.202578397212544,,,,0,,,,0,,,0,0,0,0,,0.178017808749516,,0,,0,,,0,0.0160356174990321,,0.016182733255904,0,,,0,,0,0.0848935346496322,,,0.0295083236546651,,0,0,0,0.0582888114595432,,,0,0,,0,0,0.0953619821912505,0,0,,,,0,,,,0,0.00319008904374758,,,,0,,0.00608594657375145,,,,,,,,0,0.296144018583043,0,,0,0,0,0,0,0,,0,0,,,0.0137127371273713,0.178017808749516
0,0,2021,2021-09-26,057,Uckermark – Barnim I,12,Brandenburg,zweitstimme,182836,130965,129246,1719,0.716297665667593,spd,,,,0.199216997044396,,,,0,,,,0,,,0,0,0,0,,0.153335499744673,,0,,0,,,0.00101357101960602,0.0117373071507049,,0.0147857573928787,0.00138495582068304,,,0,,0,0.0806369249338471,,,0.0242251210869195,,0,0,0,0.0703696826207387,,,0,0,,0,0,0.0898828590439936,0,0,,,,0.00046423100134627,,,,0.0037293223774817,0.00180276372189468,,,,0,,0.00399238661157792,,,,,,,,0,0.31368862479303,0,,0.00186466118874085,0,0.0218962288968324,0,0.00445661761292419,0,,0,0.00151648793773115,,,0,0.153335499744673
0,0,2021,2021-09-26,058,Oberhavel – Havelland II,12,Brandenburg,erststimme,249331,195208,192738,2470,0.782927112954266,spd,,,,0.160129294690201,,,,0,,,,0,,,0,0,0,0,,0.207514864738661,,0,,0,,,0,0.0224657306810281,,0.018169743382208,0,,,0,,0,0.0898732995050276,,,0.0429702497691166,,0,0,0,0.0987143168446285,,,0,0,,0,0,0.0804252404818977,0,0,,,,0,,,,0,0.00493934771555168,,,,0,,0.0117620811671803,,,,,,,,0,0.2630358310245,0,,0,0,0,0,0,0,,0,0,,,0,0.207514864738661
0,0,2021,2021-09-26,058,Oberhavel – Havelland II,12,Brandenburg,zweitstimme,249331,195208,193088,2120,0.782927112954266,spd,,,,0.15947650812065,,,,0,,,,0,,,0,0,0,0,,0.172859007292012,,0,,0,,,0.00126367252237322,0.0122224063639377,,0.0141489890619821,0.000750952933377527,,,0,,0,0.102554275770633,,,0.0266303447132914,,0,0,0,0.107013382499171,,,0,0,,0,0,0.0655918544912164,0,0,,,,0.000398781902552204,,,,0.00287433708982433,0.00193176168379185,,,,0,,0.005572588664236,,,,,,,,0,0.285843760357972,0,,0.00244448127278754,0,0.0318714782896917,0,0.00394120815379516,0,,0,0.00261020881670534,,,0,0.172859007292012
0,0,2021,2021-09-26,059,Märkisch-Oderland – Barnim II,12,Brandenburg,erststimme,230391,177065,174209,2856,0.768541305866983,spd,,,,0.183279853509291,,,,0,,,,0,,,0,0,0,0,,0.234224408612643,,0,,0,,,0,0.0254005246571647,,0.0215258683535294,0.00343265847344282,,,0,,0,0.0704326412527481,,,0,,0,0,0,0.0674017989885712,,,0,0,,0,0,0.124563024872423,0,0,,,,0,,,,0,0.00423055066041364,,,,0,,0,,,,,,,,0,0.2475015642131,0,,0,0,0,0,0,0,,0,0,,,0.0180071064066724,0.234224408612643
0,0,2021,2021-09-26,059,Märkisch-Oderland – Barnim II,12,Brandenburg,zweitstimme,230391,177065,174498,2567,0.768541305866983,spd,,,,0.182351660190948,,,,0,,,,0,,,0,0,0,0,,0.150454446469301,,0,,0,,,0.00132952813212759,0.0137136242249195,,0.0164185262868342,0.00212609886646265,,,0,,0,0.0856112964045433,,,0.0349631514401311,,0,0,0,0.0799665325677085,,,0,0,,0,0,0.103175967632867,0,0,,,,0.000446996527180827,,,,0.00272782496074454,0.00197710002406904,,,,0,,0.00398285367167532,,,,,,,,0,0.279155061949134,0,,0.00216621393941478,0,0.0307166844319133,0,0.00585106992630288,0,,0,0.00286536235372325,,,0,0.150454446469301
0,0,2021,2021-09-26,060,Brandenburg an der Havel – Potsdam-Mittelmark I – Havelland III – Teltow-Fläming I,12,Brandenburg,erststimme,202955,147618,145379,2239,0.727343499790594,spd,,,,0.164611119900398,,,,0,,,,0,,,0,0,0,0,,0.201101947323891,,0,,0,,,0,0.0173683957105222,,0.0158551097476252,0,,,0,,0,0.0637368533281973,,,0.0379765990961556,,0,0,0,0.0651675964203909,,,0,0,,0,0,0.087165271462866,0,0,,,,0,,,,0,0.00275830759600768,,,,0,,0.00577800094924301,,,,,,,,0,0.320830381279277,0,,0,0,0,0,0.00779342270891945,0,,0,0,,,0.00985699447650623,0.201101947323891
0,0,2021,2021-09-26,060,Brandenburg an der Havel – Potsdam-Mittelmark I – Havelland III – Teltow-Fläming I,12,Brandenburg,zweitstimme,202955,147618,145579,2039,0.727343499790594,spd,,,,0.163794228563186,,,,0,,,,0,,,0,0,0,0,,0.153002836947637,,0,,0,,,0.00126391855968237,0.0117874143935595,,0.0149266034249445,0.00114714347536389,,,0,,0,0.081976109191573,,,0.0264667294046531,,0,0,0,0.0838788561537035,,,0,0,,0,0,0.0825599846131654,0,0,,,,0.000563268053771492,,,,0.00315292727659896,0.00185466310388174,,,,0,,0.00430007075196285,,,,,,,,0,0.33262352399728,0,,0.00199204555602113,0,0.0247219722624829,0,0.00710954189821334,0,,0,0.00287816237232018,,,0,0.153002836947637
0,0,2021,2021-09-26,061,Potsdam – Potsdam-Mittelmark II – Teltow-Fläming II,12,Brandenburg,erststimme,232797,190547,188845,1702,0.818511406933938,spd,,,,0.0916201117318436,,,,0,,,,0,,,0,0,0,0,,0.13794381635733,,0,,0,,,0.00242526940083137,0.0178294368397363,,0.0159866557229474,0.00195398342556065,,,0,,0,0.0893431120760412,,,0.0182107018983823,,0,0,0,0.187730678598851,,,0,0,,0,0,0.0778469114882576,0,0,,,,0,,,,0,0.00425745982154677,,,,0,,0,,,,,,,,0,0.340337313669941,0,,0,0,0,0,0,0,,0,0.00531652942889672,,,0.00919801953983426,0.13794381635733
0,0,2021,2021-09-26,061,Potsdam – Potsdam-Mittelmark II – Teltow-Fläming II,12,Brandenburg,zweitstimme,232797,190547,188885,1662,0.818511406933938,spd,,,,0.0987796807581333,,,,0,,,,0,,,0,0,0,0,,0.139169335839267,,0,,0,,,0.00194827540567012,0.0147973634751304,,0.0157609127246737,0.00143473542102337,,,0,,0,0.106996320512481,,,0.0164915160018,,0,0,0,0.189877438653149,,,0,0,,0,0,0.101172671202054,0,0,,,,0.000418243905021574,,,,0.00126532016835641,0.00304418032135956,,,,0,,0.00373242978531911,,,,,,,,0,0.269820261005374,0,,0.00248299229690023,0,0.0241522619583344,0,0.00324536093390158,0,,0,0.00541069963205125,,,0,0.139169335839267
0,0,2021,2021-09-26,062,Dahme-Spreewald – Teltow-Fläming III – Oberspreewald-Lausitz I,12,Brandenburg,erststimme,252744,194461,191513,2948,0.769399075744627,spd,,,,0.176066376695055,,,,0,,,,0,,,0,0,0,0,,0.198837676815673,,0,,0,,,0,0,,0.0152261204200237,0.00205730159310334,,,0,,0.00948760658545373,0.0787048398803214,,,0.0421120237268488,,0,0,0,0.0706113945267423,,,0,0,,0,0,0.0909442178859921,0,0,,,,0,,,,0,0.00230793732018192,,,,0,,0.00688726091701347,,,,,,,,0,0.26471310041616,0,,0,0,0.0351673254557132,0,0,0,,0,0,,,0.00687681776171853,0.198837676815673
0,0,2021,2021-09-26,062,Dahme-Spreewald – Teltow-Fläming III – Oberspreewald-Lausitz I,12,Brandenburg,zweitstimme,252744,194461,191730,2731,0.769399075744627,spd,,,,0.179476346946226,,,,0,,,,0,,,0,0,0,0,,0.163245188546393,,0,,0,,,0.00129348563083503,0.0108485891618422,,0.0143065769571794,0.00151775934908465,,,0,,0,0.0985396129974443,,,0.030683774057268,,0,0,0,0.0842643300474626,,,0,0,,0,0,0.078000312940072,0,0,,,,0.000521566786627028,,,,0.00286861732644865,0.00172117039586919,,,,0,,0.00479319876910238,,,,,,,,0,0.285036248891671,0,,0.00320242006988995,0,0.0316747509518594,0,0.00516872685547384,0,,0,0.00283732331925103,,,0,0.163245188546393
0,0,2021,2021-09-26,063,Frankfurt (Oder) – Oder-Spree,12,Brandenburg,erststimme,191387,142414,140441,1973,0.74411532653733,spd,,,,0.214908751717803,,,,0,,,,0,,,0,0,0,0,,0.162886906245327,,0,,0,,,0,0.0238035901196944,,0.0207560470233052,0,,,0,,0,0.0710262672581369,,,0.0364209881729694,,0,0,0,0.0631225924053517,,,0,0,,0,0,0.111719512108287,0,0,,,,0.00216461004977179,,,,0,0.00534744127427176,,,,0,,0,,,,,,,,0,0.280188833745131,0,,0,0,0,0,0,0,,0,0,,,0.00765445987994959,0.162886906245327
0,0,2021,2021-09-26,063,Frankfurt (Oder) – Oder-Spree,12,Brandenburg,zweitstimme,191387,142414,140590,1824,0.74411532653733,spd,,,,0.201564833914219,,,,0,,,,0,,,0,0,0,0,,0.141475211608223,,0,,0,,,0.00112383526566612,0.0141475211608223,,0.0172131730564052,0.00120918984280532,,,0,,0,0.0884771320862081,,,0.0266661924745715,,0,0,0,0.0710719112312398,,,0,0,,0,0,0.0955686748701899,0,0,,,,0.00110960950280959,,,,0.00408279393982502,0.00246816985560851,,,,0,,0.00352087630699196,,,,,,,,0,0.294572871470233,0,,0.00217654171704958,0,0.0256632761931859,0,0.00523508073120421,0,,0,0.00265310477274344,,,0,0.141475211608223
0,0,2021,2021-09-26,064,Cottbus – Spree-Neiße,12,Brandenburg,erststimme,171267,128323,126363,1960,0.749257008063433,spd,,,,0.257432951101193,,,,0,,,,0,,,0,0,0,0,,0.166757674319223,,0,,0,,,0,0.0232900453455521,,0.0219921970830069,0.00335541258121444,,,0,,0,0.0902162816647278,,,0.0267087675981102,,0,0,0,0.0368937109755229,,,0,0,,0,0,0.0882853366887459,0,0,,,,0,,,,0,0,,,,0,,0,,,,,,,,0,0.276045994476231,0,,0,0,0,0,0.00902162816647278,0,,0,0,,,0,0.166757674319223
0,0,2021,2021-09-26,064,Cottbus – Spree-Neiße,12,Brandenburg,zweitstimme,171267,128323,126555,1768,0.749257008063433,spd,,,,0.242811425862273,,,,0,,,,0,,,0,0,0,0,,0.138295602702382,,0,,0,,,0.0010114179605705,0.0125874125874126,,0.017478566631109,0.00172257121409664,,,0,,0,0.107486863419067,,,0.022266998538185,,0,0,0,0.054829915846865,,,0,0,,0,0,0.0764094662399747,0,0,,,,0.000545217494370037,,,,0.00334242029157283,0.000971909446485718,,,,0,,0.00309746750424717,,,,,,,,0,0.285235668286516,0,,0.00218086997748015,0,0.0198806842874639,0,0.00710363083244439,0,,0,0.0027418908774841,,,0,0.138295602702382
0,0,2021,2021-09-26,065,Elbe-Elster – Oberspreewald-Lausitz II,12,Brandenburg,erststimme,162410,120351,118283,2068,0.741031956160335,spd,,,,0.249909116271992,,,,0,,,,0,,,0,0,0,0,,0.161730764353288,,0,,0,,,0,0.0189799041282348,,0.0145329421810404,0,,,0,,0,0.0895902200654363,,,0.0411893509633675,,0,0,0,0.0347471741501315,,,0,0,,0,0,0.0898692119746709,0,0,,,,0,,,,0,0,,,,0,,0,,,,,,,,0,0.253612099794561,0,,0,0,0,0,0.042829485217656,0,,0,0,,,0.00300973089962209,0.161730764353288
0,0,2021,2021-09-26,065,Elbe-Elster – Oberspreewald-Lausitz II,12,Brandenburg,zweitstimme,162410,120351,118464,1887,0.741031956160335,spd,,,,0.251966842247434,,,,0,,,,0,,,0,0,0,0,,0.150054024851432,,0,,0,,,0.000734400324149109,0.01167443273906,,0.0122315640194489,0.000776607239330092,,,0,,0,0.0938175310642896,,,0.0308701377633712,,0,0,0,0.0415316045380875,,,0,0,,0,0,0.0720218800648298,0,0,,,,0.000464276066990816,,,,0.00537716099405727,0.00108049702863317,,,,0,,0.00368888438681794,,,,,,,,0,0.282043490005403,0,,0.00131685575364668,0,0.0216437061048082,0,0.0170684764991896,0,,0,0.00163762830902215,,,0,0.150054024851432
0,0,2021,2021-09-26,066,Altmark,15,Sachsen-Anhalt,erststimme,159998,108881,107580,1301,0.680514756434456,spd,,,,0.194041643428147,,,,0,,,,0,,,0,0,0,0,,0.21781929726715,,0,,0,,,0,0,,0.0198178100018591,0,,,0,,0,0.0847369399516639,,,0.0519055586540249,,0,0,0,0.043446737311768,,,0,0,,0,0,0.104275887711471,0,0,,,,0,,,,0,0,,,,0,,0,,,,,,,,0,0.275134783416992,0,,0,0,0,0,0,0,,0,0,,,0.00882134225692508,0.21781929726715
0,0,2021,2021-09-26,066,Altmark,15,Sachsen-Anhalt,zweitstimme,159998,108881,107744,1137,0.680514756434456,spd,,,,0.191463097713098,,,,0,,,,0,,,0,0,0,0,,0.209450178200178,,0,,0,,,0.000918844668844669,0.00672891297891298,,0.0184232996732997,0,,,0.000844594594594595,,0,0.0872067122067122,,,0.030498217998218,,0.00473344223344223,0,0,0.0541468666468666,,,0,0,,0,0,0.0963487525987526,0,0,,,,0.000696094446094446,,,,0.00190265815265815,0.000538313038313038,,,,0,,0.00285862785862786,,,,,,,,0,0.274140555390555,0,,0,0,0.0102093852093852,0.00759207009207009,0,0,,0,0.0012993762993763,,,0,0.209450178200178
0,0,2021,2021-09-26,067,Börde – Jerichower Land,15,Sachsen-Anhalt,erststimme,215532,148520,146746,1774,0.68908561141733,spd,,,,0.203364998023796,,,,0,,,,0,,,0,0,0,0,,0.249764899895057,,0,,0,,,0,0,,0.0153871315061399,0,,,0,,0,0.0805268968149047,,,0.0252408924263694,,0,0,0,0.0421408419991005,,,0,0,,0,0,0.0871233287449062,0,0,,,,0,,,,0,0,,,,0,,0,,,,,,,,0,0.262494378040969,0,,0,0,0.013417742221253,0.0205388903275047,0,0,,0,0,,,0,0.249764899895057
0,0,2021,2021-09-26,067,Börde – Jerichower Land,15,Sachsen-Anhalt,zweitstimme,215532,148520,146963,1557,0.68908561141733,spd,,,,0.201438457298776,,,,0,,,,0,,,0,0,0,0,,0.222641072923117,,0,,0,,,0.000925402992589972,0.00768901015901962,,0.0148472744840538,0,,,0.00119758034335173,,0,0.0924654504875377,,,0.0186237352258732,,0.00565448446207549,0,0,0.0494478201996421,,,0,0,,0,0,0.0845518940141396,0,0,,,,0.000802923184747181,,,,0.00253124936208433,0.000503528098909249,,,,0,,0.00308921293114594,,,,,,,,0,0.265665507644781,0,,0,0,0.0133775167899403,0.0129896640651048,0,0,,0,0.00155821533311106,,,0,0.222641072923117
0,0,2021,2021-09-26,068,Harz,15,Sachsen-Anhalt,erststimme,207942,138572,136844,1728,0.666397360802531,cdu,,,,0.182302475811873,,,,0,,,,0,,,0,0,0,0,,0.276840782204554,,0,,0,,,0,0,,0.0230919879570898,0,,,0,,0,0.0735435970886557,,,0.0363333430767882,,0,0,0,0.0461839759141797,,,0,0,,0,0,0.105324310894157,0,0,,,,0,,,,0,0,,,,0,,0,,,,,,,,0,0.254391862266522,0,,0,0,0,0,0,0,,0,0,,,0.00198766478617988,0.276840782204554
0,0,2021,2021-09-26,068,Harz,15,Sachsen-Anhalt,zweitstimme,207942,138572,137050,1522,0.666397360802531,cdu,,,,0.180882889456403,,,,0,,,,0,,,0,0,0,0,,0.222604888726742,,0,,0,,,0.000941262313024444,0.00681503101058008,,0.0191244071506749,0,,,0.000868296242247355,,0,0.0914410798978475,,,0.0207223641006932,,0.00553082816490332,0,0,0.054688070047428,,,0,0,,0,0,0.0926669098869026,0,0,,,,0.000663991244071507,,,,0.00215979569500182,0.000569135352061292,,,,0,,0.00317402407880336,,,,,,,,0,0.272382342210872,0,,0,0,0.0126669098869026,0.0107989784750091,0,0,,0,0.00129879605983218,,,0,0.222604888726742
0,0,2021,2021-09-26,069,Magdeburg,15,Sachsen-Anhalt,erststimme,229198,156789,155292,1497,0.684076649883507,spd,,,,0.150670993998403,,,,0,,,,0,,,0,0,0,0,,0.220082167787136,,0,,0,,,0,0.0134005615228086,,0.0144695154933931,0,,,0,,0,0.0781688689694253,,,0.0156479406537362,,0.0134907142673158,0,0,0.0926061870540659,,,0,0,,0,0,0.0974744352574505,0,0,,,,0.00142312546686243,,,,0,0.00194472348865363,,,,0,,0,,,,,,,,0,0.252640187517709,0,,0,0,0,0.0280568219869665,0,0,,0,0,,,0.019923756536074,0.220082167787136
0,0,2021,2021-09-26,069,Magdeburg,15,Sachsen-Anhalt,zweitstimme,229198,156789,155384,1405,0.684076649883507,spd,,,,0.150890696596818,,,,0,,,,0,,,0,0,0,0,,0.184703701796839,,0,,0,,,0.00181485867270761,0.0111787571435926,,0.0130064871544046,0,,,0.00134505483190032,,0,0.0944305720022654,,,0.0132574782474386,,0.0122148998609896,0,0,0.105236060340833,,,0,0,,0,0,0.105860320238892,0,0,,,,0.00111337074602276,,,,0.00218169180868043,0.0012356484580137,,,,0,,0.00420892756010915,,,,,,,,0,0.264004015857489,0,,0,0,0.00942181949235443,0.0201758224785049,0,0,,0,0.00371981671214539,,,0,0.184703701796839
0,0,2021,2021-09-26,070,Dessau – Wittenberg,15,Sachsen-Anhalt,erststimme,169749,115204,113819,1385,0.678672628410182,cdu,,,,0.1933069171228,,,,0,,,,0,,,0,0,0,0,,0.343018300986654,,0,,0,,,0,0,,0.0182219137402367,0,,,0,,0,0.0666936100299599,,,0.0310141540516083,,0,0,0,0.0670538310826839,,,0,0,,0,0,0.0790992716506032,0,0,,,,0,,,,0,0,,,,0,,0,,,,,,,,0,0.194853231885713,0,,0,0,0,0,0,0,,0,0,,,0.00673876944974038,0.343018300986654
0,0,2021,2021-09-26,070,Dessau – Wittenberg,15,Sachsen-Anhalt,zweitstimme,169749,115204,113969,1235,0.678672628410182,cdu,,,,0.189788451245514,,,,0,,,,0,,,0,0,0,0,,0.234625205099632,,0,,0,,,0.00089498021391782,0.00768630066070598,,0.014512718370785,0,,,0.000877431582272372,,0,0.0912704331879722,,,0.0223130851371864,,0.00515052338793883,0,0,0.0573050566382086,,,0,0,,0,0,0.0845405329519431,0,0,,,,0.000745816844931516,,,,0.00298326737972607,0.000465038738604357,,,,0,,0.00371153559301214,,,,,,,,0,0.261851907097544,0,,0,0,0.0111872526739727,0.00878309013854645,0,0,,0,0.00130737305758583,,,0,0.234625205099632
0,0,2021,2021-09-26,071,Anhalt,15,Sachsen-Anhalt,erststimme,214563,139289,137196,2093,0.649175300494493,afd,,,,0.242171783433919,,,,0,,,,0,,,0,0,0,0,,0.235393160150442,,0,,0,,,0,0,,0.0143517303711478,0,,,0,,0,0.0775314149100557,,,0.0353144406542465,,0,0,0,0.0334339193562495,,,0,0,,0,0,0.147569899997084,0,0,,,,0,,,,0,0,,,,0,,0,,,,,,,,0,0.206901075833115,0,,0,0,0,0,0,0,,0,0,,,0.00733257529374034,0.235393160150442
0,0,2021,2021-09-26,071,Anhalt,15,Sachsen-Anhalt,zweitstimme,214563,139289,137446,1843,0.649175300494493,afd,,,,0.225564949143664,,,,0,,,,0,,,0,0,0,0,,0.216979759323662,,0,,0,,,0.00100403067386465,0.00658440405686597,,0.0130451231756472,0,,,0.000967652750898535,,0,0.0924363022568863,,,0.0211137464895304,,0.00631520742691675,0,0,0.0397974477249247,,,0,0,,0,0,0.103669804868821,0,0,,,,0.000683904951762874,,,,0.00272106863786505,0.000407432737220436,,,,0,,0.00269196629949216,,,,,,,,0,0.240494448728955,0,,0,0,0.0139836735881728,0.0104550150604601,0,0,,0,0.00108406210439009,,,0,0.216979759323662
0,0,2021,2021-09-26,072,Halle,15,Sachsen-Anhalt,erststimme,209765,148576,147071,1505,0.708297380401878,spd,,,,0.153102923077969,,,,0,,,,0,,,0,0,0,0,,0.207376029264777,,0,,0,,,0,0.015876685410448,,0.0151083490287004,0,,,0,,0,0.0806889189575103,,,0.021275438393701,,0,0,0,0.0851357507598371,,,0,0,,0,0,0.130868764066335,0,0,,,,0.00271297536563973,,,,0,0,,,,0,,0,,,,,,,,0,0.287854165675082,0,,0,0,0,0,0,0,,0,0,,,0,0.207376029264777
0,0,2021,2021-09-26,072,Halle,15,Sachsen-Anhalt,zweitstimme,209765,148576,147224,1352,0.708297380401878,spd,,,,0.148848013910775,,,,0,,,,0,,,0,0,0,0,,0.178517089604956,,0,,0,,,0.00192224093897734,0.0109425093734717,,0.0135032331685051,0,,,0.00125658859968483,,0,0.102904417757974,,,0.0159552790305928,,0.00473428245394773,0,0,0.13527006466337,,,0,0,,0,0,0.116692930500462,0,0,,,,0.00135168179101234,,,,0.00172526218551323,0.00133809704939412,,,,0,,0.00460522740857469,,,,,,,,0,0.235600173884693,0,,0,0,0.0124300385806662,0.00988289952725099,0,0,,0,0.00251996957017878,,,0,0.178517089604956
0,0,2021,2021-09-26,073,Burgenland – Saalekreis,15,Sachsen-Anhalt,erststimme,184352,125866,124293,1573,0.682748220795001,cdu,,,,0.260095097873573,,,,0,,,,0,,,0,0,0,0,,0.262677705100046,,0,,0,,,0,0,,0.0302591457282389,0,,,0,,0,0.0946473252717369,,,0,,0,0,0,0.0338474411270144,,,0,0,,0,0,0.0999171312946023,0,0,,,,0,,,,0,0,,,,0,,0,,,,,,,,0,0.218556153604789,0,,0,0,0,0,0,0,,0,0,,,0,0.262677705100046
0,0,2021,2021-09-26,073,Burgenland – Saalekreis,15,Sachsen-Anhalt,zweitstimme,184352,125866,124579,1287,0.682748220795001,cdu,,,,0.248838086675925,,,,0,,,,0,,,0,0,0,0,,0.212997375159537,,0,,0,,,0.000971271241541512,0.00807519726438645,,0.0212475617881023,0,,,0.00125221746843368,,0,0.102625643166184,,,0.0130760401030671,,0.00610857367614124,0,0,0.0401512293404185,,,0,0,,0,0,0.0853273826246799,0,0,,,,0.000794676470352146,,,,0.00330713844227358,0.000666243909487153,,,,0,,0.00324292216184108,,,,,,,,0,0.228449417638607,0,,0,0,0.0120967418264716,0.0095040095040095,0,0,,0,0.00126827153854181,,,0,0.212997375159537
0,0,2021,2021-09-26,074,Mansfeld,15,Sachsen-Anhalt,erststimme,198676,133064,131337,1727,0.669753769957116,afd,,,,0.250729040559781,,,,0,,,,0,,,0,0,0,0,,0.24922146843616,,0,,0,,,0,0,,0.0207938357050945,0,,,0,,0,0.0844316529233955,,,0.0301362144711696,,0,0,0,0.0290854823850096,,,0,0,,0,0,0.0998043201839543,0,0,,,,0,,,,0,0,,,,0,,0,,,,,,,,0,0.235797985335435,0,,0,0,0,0,0,0,,0,0,,,0,0.24922146843616
0,0,2021,2021-09-26,074,Mansfeld,15,Sachsen-Anhalt,zweitstimme,198676,133064,131581,1483,0.669753769957116,afd,,,,0.239213868263655,,,,0,,,,0,,,0,0,0,0,,0.215920231644386,,0,,0,,,0.000949985180231188,0.00637630052971174,,0.0176469247079746,0,,,0.00101078423176598,,0,0.0972176834041389,,,0.0164385435587205,,0.0053275168907365,0,0,0.0367454267713424,,,0,0,,0,0,0.0887666152408023,0,0,,,,0.000820787195719747,,,,0.0031159513911583,0.000417993479301723,,,,0,,0.00259155957167068,,,,,,,,0,0.244024593216346,0,,0,0,0.0127906004666327,0.00952265144663743,0,0,,0,0.00110198280906818,,,0,0.215920231644386
0,0,2021,2021-09-26,075,Berlin-Mitte,11,Berlin,erststimme,207010,140655,138594,2061,0.679459929472006,gruene,,,,0.0550673189315555,,,,0,,,,0,,,0,0,0,0,,0.138649580789933,,0,,0,,,0.00285726654833543,0.0200946649927125,,0.013052513095805,0,,,0,,0,0.0609550196978224,,,0,,0,0,0,0.306239808361112,,,0,0,,0,0,0.142603575912377,0.000584440884886792,0,,,,0.0013925566763352,,,,0,0.00143584859373422,,,,0,,0.00583719352930141,,,,,,,,0,0.220868147250242,0,,0,0,0.0194813628295597,0,0,0,,0,0.00930776224078964,,,0.00157293966549779,0.138649580789933
0,0,2021,2021-09-26,075,Berlin-Mitte,11,Berlin,zweitstimme,207010,140655,138799,1856,0.679459929472006,gruene,,,,0.0562684169194303,,,,0,,,,0,,,0,0,0.000259367862880857,0,,0.119064258388029,,0,,0,,,0.00239915273164792,0.0163617893500674,,0,0.00141211392012911,,,0.00176514240016138,,0,0.0795394779501293,,,0.00537467849191997,,0,0.00150577453728053,0.00584298157767707,0.306097306176557,,,0,0,,0,0,0.141283438641489,0.000453893760041499,0,,,,0.000634010331486538,,,,0.000561963702908522,0.00146254656013372,,,,0,,0.00417149979466711,,,,,,,,0.000302595840027666,0.208077867996167,0,,0.0197840042075231,0,0.0178171312473433,0,0,0.000799717577215974,,0,0.00876087003508671,,,0,0.119064258388029
0,0,2021,2021-09-26,076,Berlin-Pankow,11,Berlin,erststimme,233069,135593,134134,1459,0.581771921619778,gruene,,,,0.141820865701463,,,,0,,,,0,,,0,0,0,0,,0.174743167280481,,0,,0,,,0,0.0254297940865105,,0,0,,,0,,0,0.0303353363054856,,,0.00843932187215769,,0,0.00303427915368214,0,0.267784454351619,,,0,0,,0,0,0.142007246484858,0.00183398690861377,0,,,,0,,,,0,0.00240058449013673,,,,0,,0.00635185709812575,,,,,,,,0,0.159445032579361,0,,0,0,0.0307528292602919,0,0,0,,0,0.00562124442721458,,,0,0.174743167280481
0,0,2021,2021-09-26,076,Berlin-Pankow,11,Berlin,zweitstimme,233069,135593,134342,1251,0.581771921619778,gruene,,,,0.144601092733471,,,,0,,,,0,,,0,0,0.000327522293847047,0,,0.167148025189442,,0,,0,,,0.00193535900909619,0.0219365499992556,,0,0.00245641720385285,,,0.00195769007458576,,0,0.0367122716648554,,,0.00809128939572137,,0,0.0021586696639919,0.0100861979127897,0.259308332464903,,,0,0,,0,0,0.142598740527906,0.00145151925682214,0,,,,0.00037218442482619,,,,0.000640157210701047,0.00179392892766224,,,,0,,0.0046299742448378,,,,,,,,0.000342409670840095,0.150697473612124,0,,0.00396748596864718,0,0.028777299727561,0,0,0.000692263030176713,,0,0.00731714579208289,,,0,0.167148025189442
0,0,2021,2021-09-26,077,Berlin-Reinickendorf,11,Berlin,erststimme,175195,114070,111709,2361,0.651103056594081,cdu,,,,0.112640879427799,,,,0,,,,0,,,0,0,0,0,,0.295159745409949,,0,,0,,,0,0.0139200959636198,,0.00794922521909604,0,,,0,,0,0.0745956010706389,,,0.0192822422544289,,0,0,0.0175634908557054,0.138959260220752,,,0,0,,0,0,0.0464958060675505,0,0,,,,0,,,,0,0.00241699415445488,,,,0,,0,,,,,,,,0,0.240813184255521,0,,0,0,0.0302034751004843,0,0,0,,0,0,,,0,0.295159745409949
0,0,2021,2021-09-26,077,Berlin-Reinickendorf,11,Berlin,zweitstimme,175195,114070,111952,2118,0.651103056594081,cdu,,,,0.113718379305417,,,,0,,,,0,,,0,0,0.000187580391596398,0,,0.264220380162927,,0,,0,,,0.0015988995283693,0.0118711590681721,,0,0.000518079176790053,,,0.000937901957981992,,0,0.0922806202658282,,,0.0140149349721309,,0,0.00207231670716021,0.0162301700728884,0.156111547806203,,,0,0,,0,0,0.045260468772331,0.000598470773188509,0,,,,0.000196512791196227,,,,0.000857510361583536,0.00130413034157496,,,,0,,0.00310847506074032,,,,,,,,0.000196512791196227,0.229919965699586,0,,0.0108617979133915,0,0.0292625410890382,0,0,0.000696727168786623,,0,0.00397491782192368,,,0,0.264220380162927
0,0,2021,2021-09-26,078,Berlin-Spandau – Charlottenburg Nord,11,Berlin,erststimme,179896,122863,119815,3048,0.682966825276827,spd,,,,0.103826732879856,,,,0,,,,0,,,0.00166924007845428,0,0,0,,0.239093602637399,,0,,0,,,0,0.0199641113383132,,0.0131786504193966,0,,,0,,0,0.0830780787046697,,,0,,0,0,0,0.116880190293369,,,0,0,,0,0,0.0541167633434879,0.00110169845177983,0,,,,0.000809581438050328,,,,0,0.00234528231022827,,,,0,,0,,,,,,,,0,0.326019279722906,0,,0,0,0.0363727413095188,0,0,0,,0,0,,,0.00154404707257021,0.239093602637399
0,0,2021,2021-09-26,078,Berlin-Spandau – Charlottenburg Nord,11,Berlin,zweitstimme,179896,122863,119955,2908,0.682966825276827,spd,,,,0.106539952482181,,,,0,,,,0,,,0,0,0.000433495894293693,0,,0.218065107748739,,0,,0,,,0.00180901171272561,0.0156892167896294,,0,0.000491851110833229,,,0.00140052519694886,,0,0.0983535492476345,,,0.00897836688758284,,0,0.0030428077195615,0.0130799049643616,0.143328748280605,,,0,0,,0,0,0.0506356550373057,0.000758617815013964,0,,,,0.000400150056271102,,,,0.000958692843149514,0.00193405860531032,,,,0,,0.00400150056271102,,,,,,,,0.000250093785169439,0.273877704139052,0,,0.0154141136259431,0,0.0352465507898795,0,0,0.000741944896002668,,0,0.00456837980909508,,,0,0.218065107748739
0,0,2021,2021-09-26,079,Berlin-Steglitz-Zehlendorf,11,Berlin,erststimme,217506,171803,169542,2261,0.789877060862689,cdu,,,,0.0547180049781175,,,,0,,,,0,,,0,0,0,0,,0.286241757204704,,0,,0,,,0,0.0117669957886541,,0.0103160278868953,0,,,0,,0,0.0880548772575527,,,0.00824574441731252,,0,0.00234750091422774,0,0.222664590484954,,,0,0,,0,0,0.0424437602481981,0.000790364629413361,0,,,,0,,,,0,0.00212926590461361,,,,0,,0.00392823017305446,,,,,,,,0,0.244016231966121,0,,0,0,0.0223366481461821,0,0,0,,0,0,,,0,0.286241757204704
0,0,2021,2021-09-26,079,Berlin-Steglitz-Zehlendorf,11,Berlin,zweitstimme,217506,171803,169580,2223,0.789877060862689,cdu,,,,0.0591815072532138,,,,0,,,,0,,,0,0,0.000283052246727208,0,,0.235316664701026,,0,,0,,,0.00154499351338601,0.00984196249557731,,0,0.000324330699374926,,,0.000967095176317962,,0,0.122732633565279,,,0.00787239061210048,,0,0.00193419035263592,0.00694067696662342,0.226795612690176,,,0,0,,0,0,0.0476235405118528,0.0005602075716476,0,,,,7.66599834886189e-05,,,,0.000324330699374926,0.00169831348036325,,,,0,,0.00327868852459016,,,,,,,,0.000165113810590872,0.239869088335889,0,,0.00595589102488501,0,0.0196131619294728,0,0,0.000678146007783937,,0,0.00642174784762354,,,0,0.235316664701026
0,0,2021,2021-09-26,080,Berlin-Charlottenburg-Wilmersdorf,11,Berlin,erststimme,195586,133235,131816,1419,0.681209289008416,spd,,,,0.0535746798567701,,,,0,,,,0,,,0,0,0,0,,0.250523456939977,,0,,0,,,0.00191934211324877,0.0126540025490077,,0.00834496570977727,0,,,0,,0,0.0775474904412211,,,0.00841324270194817,,0,0,0,0.251251744856467,,,0,0,,0,0,0.0562678278812891,0.000773805911270256,0,,,,0,,,,0,0.00128967651878376,,,,0,,0.00382351156157067,,,,,,,,0,0.255833889664381,0,,0,0,0.0168568307337501,0,0,0,,0,0,,,0.000925532560538933,0.250523456939977
0,0,2021,2021-09-26,080,Berlin-Charlottenburg-Wilmersdorf,11,Berlin,zweitstimme,195586,133235,131799,1436,0.681209289008416,spd,,,,0.0603191222998657,,,,0,,,,0,,,0,0,0.000265555884339031,0,,0.220297574336679,,0,,0,,,0.00184371656841099,0.011198871008126,,0,0.000599397567508099,,,0.000933239250677168,,0,0.105721591210859,,,0.00597880105311876,,0,0.000796667653017094,0.00472689474123476,0.267080933846236,,,0,0,,0,0,0.065539192254873,0.000538699079659178,0,,,,0.000151746219622304,,,,0.000265555884339031,0.00119120782403508,,,,0,,0.00301974977048384,,,,,,,,0.000128984286678958,0.219227763488342,0,,0.00677546870613586,0,0.015940940371323,0,0,0.000470413280829141,,0,0.00698791341360708,,,0,0.220297574336679
0,0,2021,2021-09-26,081,Berlin-Tempelhof-Schöneberg,11,Berlin,erststimme,231477,172069,169456,2613,0.743352471303845,spd,,,,0.0590890850722311,,,,0,,,,0,,,0,0,0,0,,0.223668680955528,,0,,0,,,0,0.0136495609479747,,0.0106694363138514,0,,,0,,0,0.0710567935039184,,,0.00924723822113115,,0,0,0,0.251864790860164,,,0,0,,0,0,0.0600568879237088,0.000696345954111982,0.00177627230667548,,,,0,,,,0,0.00239590218109716,,,,0,,0.00501015012746672,,,,,,,,0,0.26685393258427,0,,0,0,0.0239649230478708,0,0,0,,0,0,,,0,0.223668680955528
0,0,2021,2021-09-26,081,Berlin-Tempelhof-Schöneberg,11,Berlin,zweitstimme,231477,172069,169338,2731,0.743352471303845,spd,,,,0.0644923171408662,,,,0,,,,0,,,0,0,0.000389753038302094,0,,0.187500738168633,,0,,0,,,0.0013759463321877,0.0118638462719531,,0,0.000690925840626439,,,0.00133460888873141,,0,0.0923183219360096,,,0.00855685079545052,,0,0.00191923844618455,0.00813166566275733,0.252695791848256,,,0,0,,0,0,0.0750333652222183,0.000578724208387958,0,,,,0.000242119311672513,,,,0.000496049321475392,0.00183065821020681,,,,0,,0.00380304479797801,,,,,,,,0.000212592566346597,0.243388961721527,0,,0.0138775703031806,0,0.0220623841075246,0,0,0.000744073982213089,,0,0.00646045187731047,,,0,0.187500738168633
0,0,2021,2021-09-26,082,Berlin-Neukölln,11,Berlin,erststimme,196593,134004,131078,2926,0.681631594207322,spd,,,,0.0766490181418697,,,,0,,,,0,,,0,0,0,0,,0.192045957368895,,0,,0,,,0,0.0198355177833046,,0.00942949999237096,0,,,0,,0,0.062863333282473,,,0,,0,0,0,0.196753078319779,,,0,0,,0,0,0.129258914539435,0.00103755016097286,0,,,,0.00130456674651734,,,,0,0,,,,0,,0,,,,,,,,0,0.258472054807061,0,,0.0177451593707563,0,0.0293031630021819,0,0,0,,0,0,,,0.00530218648438335,0.192045957368895
0,0,2021,2021-09-26,082,Berlin-Neukölln,11,Berlin,zweitstimme,196593,134004,131524,2480,0.681631594207322,spd,,,,0.0767084334418053,,,,0,,,,0,,,0,0,0.000463793680240869,0,,0.170311121924516,,0,,0,,,0.00149782549192543,0.015001064444512,,0,0.000912381010309906,,,0.00200723822268179,,0,0.0708996076761656,,,0.00730665125756516,,0,0.00209087314862687,0.00862960372251452,0.224095982482285,,,0,0,,0,0,0.118731182141662,0.000874365134880326,0,,,,0.000661476232474682,,,,0.000745111158419756,0.00128493658951978,,,,0,,0.00342903196374806,,,,,,,,0.00025850795292114,0.239484808856178,0,,0.024588668227852,0,0.0245278428271646,0,0,0.000585444481615523,,0,0.00490404793041574,,,0,0.170311121924516
0,0,2021,2021-09-26,083,Berlin-Friedrichshain-Kreuzberg – Prenzlauer Berg Ost,11,Berlin,erststimme,218824,151276,149632,1644,0.691313567067598,gruene,,,,0.046774754063302,,,,0.00128314798973482,,,,0,,,0,0,0,0,,0.0849149914456801,,0,,0,,,0.0029940119760479,0.0525221877673225,,0.0109602224123182,0,,,0.00247273310521814,,0,0.0453378956372968,,,0,,0,0,0,0.378274700598802,,,0,0,,0,0,0.180603079555175,0,0,,,,0.00113612061591104,,,,0,0.00150368905047049,,,,0,,0.00568728614200171,,,,,,,,0,0.163173652694611,0,,0,0,0.019394247219846,0,0,0,,0,0,,,0.00296727972626176,0.0849149914456801
0,0,2021,2021-09-26,083,Berlin-Friedrichshain-Kreuzberg – Prenzlauer Berg Ost,11,Berlin,zweitstimme,218824,151276,149769,1507,0.691313567067598,gruene,,,,0.0492692079135202,,,,0,,,,0,,,0,0,0.000240370170061895,0,,0.0800566205289479,,0,,0,,,0.00225013186974608,0.0245177573463133,,0,0.00174936068211713,,,0.00232357831059832,,0,0.0523072197851358,,,0.00434001695945089,,0,0.00132203593534042,0.00493426543543724,0.368213715788982,,,0,0,,0,0,0.18603315772957,0.000313816610914141,0,,,,0.000661017967670212,,,,0.000287108814240597,0.00134206678284558,,,,0,,0.00447355594281861,,,,,,,,0.000280431865072211,0.175777363806929,0,,0.0120251854522632,0,0.018388318009735,0,0,0.000787880001869546,,0,0.00810581629042058,,,0,0.0800566205289479
0,0,2021,2021-09-26,084,Berlin-Treptow-Köpenick,11,Berlin,erststimme,206999,156625,154175,2450,0.756646167372789,linke_pds,,,,0.116607750932382,,,,0,,,,0,,,0,0,0,0,,0.136312631749635,,0,,0,,,0,0.0163320901572888,,0.011577752553916,0,,,0,,0,0.0580509161666937,,,0.0151191827468785,,0,0,0,0.102519863791146,,,0,0,,0,0,0.353805740230258,0.00255553753851143,0,,,,0.000992378790335657,,,,0,0.00289930274039241,,,,0,,0,,,,,,,,0,0.153617642289606,0,,0,0,0.0296092103129561,0,0,0,,0,0,,,0,0.136312631749635
0,0,2021,2021-09-26,084,Berlin-Treptow-Köpenick,11,Berlin,zweitstimme,206999,156625,153871,2754,0.756646167372789,linke_pds,,,,0.125572720005719,,,,0,,,,0,,,0,0,0.000584905537755653,0,,0.133631418525908,,0,,0,,,0.00228113159724704,0.0192173963904829,,0,0.00171572291074991,,,0.00141677119145258,,0,0.0792222056137934,,,0.013862261244809,,0,0.00356792378030948,0.013888257046487,0.160433090055956,,,0,0,,0,0,0.159932670873654,0.00174821766284745,0,,,,0.000597903438594667,,,,0.00245660325857374,0.00204067043172528,,,,0,,0.00387337445002632,,,,,,,,0.000220964314263246,0.231947540472214,0,,0.00471823800456226,0,0.0311884630632153,0,0,0.000799370901599392,,0,0.00508217922805467,,,0,0.133631418525908
0,0,2021,2021-09-26,085,Berlin-Marzahn-Hellersdorf,11,Berlin,erststimme,198002,133719,131061,2658,0.675341663215523,cdu,,,,0.160078131557061,,,,0,,,,0,,,0,0,0,0,,0.296915176902358,,0,,0,,,0,0.0203340429265762,,0.0107430890959172,0,,,0,,0,0.0447043742989905,,,0,,0,0,0,0.0615286011857074,,,0,0,,0,0,0.218005356284478,0.00137340627646668,0,,,,0.00109109498630409,,,,0,0,,,,0,,0,,,,,,,,0,0.144215289063871,0,,0,0,0.041011437422269,0,0,0,,0,0,,,0,0.296915176902358
0,0,2021,2021-09-26,085,Berlin-Marzahn-Hellersdorf,11,Berlin,zweitstimme,198002,133719,130849,2870,0.675341663215523,cdu,,,,0.173214927129745,,,,0,,,,0,,,0,0,0.000741312505254148,0,,0.167269142293789,,0,,0,,,0.00217044073703276,0.0161101727945953,,0,0.00227743429449212,,,0.00136034665912617,,0,0.0716245443220812,,,0.00994275844675924,,0,0.00541845944562053,0.0186015942040061,0.0856483427462189,,,0,0,,0,0,0.158617948933504,0.00125335310166681,0,,,,0.000641961344756169,,,,0.00308752837239872,0.00106993557459362,,,,0,,0.00405811278649436,,,,,,,,0.000366835054146382,0.229203127268837,0,,0.00388998005334393,0,0.038135560837301,0,0,0.000664888535640318,,0,0.00463129255859808,,,0,0.167269142293789
0,0,2021,2021-09-26,086,Berlin-Lichtenberg,11,Berlin,erststimme,200461,143826,141107,2719,0.71747621731908,linke_pds,,,,0.123416981439617,,,,0,,,,0,,,0,0,0,0,,0.12540837803936,,0,,0,,,0,0.0270574812022083,,0.0125294988909126,0,,,0,,0,0.0599757630734124,,,0.0173131028226807,,0,0,0,0.135918133047971,,,0,0,,0,0,0.258024052669251,0.00143862458985026,0,,,,0.001381930024733,,,,0,0.00201265706166243,,,,0,,0,,,,,,,,0,0.194271014194902,0,,0,0,0.0412523829434401,0,0,0,,0,0,,,0,0.12540837803936
0,0,2021,2021-09-26,086,Berlin-Lichtenberg,11,Berlin,zweitstimme,200461,143826,141167,2659,0.71747621731908,linke_pds,,,,0.12691351378155,,,,0,,,,0,,,0,0,0.000559620874567002,0,,0.119652610029256,,0,,0,,,0.00240141109466093,0.0205855476138191,,0,0.00247224918004916,,,0.00148759979315279,,0,0.0693929884463083,,,0.013154632456594,,0,0.00504367167964184,0.0150885121876926,0.154264098549944,,,0,0,,0,0,0.183045612643181,0.000892559875891674,0,,,,0.000750883705115218,,,,0.00208263971041391,0.00150176741023044,,,,0,,0.00499408501987008,,,,,,,,0.000347106618402318,0.229536648083476,0,,0.00439196129407014,0,0.0341652085827424,0,0,0.000701297045343458,,0,0.00657377432402757,,,0,0.119652610029256
0,0,2021,2021-09-26,087,Aachen I,05,Nordrhein-Westfalen,erststimme,176306,140020,138913,1107,0.794187378761925,gruene,,,,0.0382541590779841,,,,0,,,,0,,,0,0,0,0,,0.256001958060081,,0,,0,,,0,0.0220137784080684,,0.0108125229460166,0,,,0,,0,0.0785095707385198,,,0.00611173900210923,,0,0,0,0.301929984954612,,,0,0,,0,0,0.0443515005794994,0,0,,,,0,,,,0,0,,,,0,,0,,,,,,,,0,0.238185051075133,0,,0,0,0,0,0,0,,0,0,,,0.00382973515797658,0.256001958060081
0,0,2021,2021-09-26,087,Aachen I,05,Nordrhein-Westfalen,zweitstimme,176306,140020,139293,727,0.794187378761925,gruene,,,,0.038961038961039,,,,0,,,,0,,,0,0,0,0.000380492917806351,,0.228094735557422,,0,,0,,,0.00192400192400192,0.0117163102237729,,0.00963436784332307,0.000301522689582391,,,0.000502537815970652,,0,0.107916406423869,,,0.00381210828972023,,0,0.000516896039284099,0,0.290186872276425,,,0,0,,0.000481000481000481,0.000631761825791677,0.053505919177561,0.00017947779141809,0,,,,0.000215373349701708,,,,0.000315880912895838,0.00160812101110609,,,,0.000236910684671879,,0.00389107851794419,,,,,,,,0.000157940456447919,0.219594667355861,0,,0.00625300625300625,0,0.00826315751688886,0,0,0.000746627612299254,,0,0.00997178609118908,,,0,0.228094735557422
0,0,2021,2021-09-26,088,Aachen II,05,Nordrhein-Westfalen,erststimme,226420,170670,168787,1883,0.753776168183023,spd,,,,0.0748398869581188,,,,0,,,,0,,,0,0,0,0,,0.324716950950014,,0,,0,,,0,0.0171399456119251,,0.0100955642318425,0,,,0,,0,0.0714213772387684,,,0.0120506911077275,,0,0,0,0.118350346886905,,,0,0,,0,0,0.0266371225272089,0,0,,,,0,,,,0,0,,,,0,,0,,,,,,,,0,0.34474811448749,0,,0,0,0,0,0,0,,0,0,,,0,0.324716950950014
0,0,2021,2021-09-26,088,Aachen II,05,Nordrhein-Westfalen,zweitstimme,226420,170670,169087,1583,0.753776168183023,spd,,,,0.0733882557499985,,,,0,,,,0,,,0,0,0,0.000254306954408086,,0.29474767427419,,0,,0,,,0.000668295019723574,0.00936795850656762,,0.009385700852224,0.000124196419594647,,,0.000443558641409452,,0,0.105815349494639,,,0.00668886431245454,,0,0.00111185366113303,0,0.117797346927913,,,0,0,,0.000969914895882002,0.00156132641776127,0.0311023319356308,0.000106454073938268,0,,,,0.000136024650032232,,,,0.00111776777635182,0.00110593954591423,,,,0.00030753399137722,,0.00362535262911992,,,,,,,,0.000100539958719476,0.31586106560528,0,,0.00598508460141821,0,0.0149331409274516,0,0,0.000508613908816172,,0,0.00278554826805136,,,0,0.29474767427419
0,0,2021,2021-09-26,089,Heinsberg,05,Nordrhein-Westfalen,erststimme,192346,145368,143719,1649,0.755763052000042,cdu,,,,0.0762947139904953,,,,0,,,,0,,,0,0,0,0,,0.397268280463961,,0,,0,,,0,0.034101267055852,,0.0108127665792275,0,,,0,,0,0.0743882158935144,,,0.0159199549120158,,0,0,0,0.106930885964973,,,0,0,,0,0,0.0251045442843326,0,0,,,,0,,,,0,0,,,,0,,0,,,,,,,,0,0.259179370855628,0,,0,0,0,0,0,0,,0,0,,,0,0.397268280463961
0,0,2021,2021-09-26,089,Heinsberg,05,Nordrhein-Westfalen,zweitstimme,192346,145368,143971,1397,0.755763052000042,cdu,,,,0.0788978335914872,,,,0,,,,0,,,0,0,0,0.000368129692785353,,0.322745552923853,,0,,0,,,0.000520938244507574,0.0133985316487348,,0.0111272409026818,6.94584326010099e-05,,,0.00048620902820707,,0,0.111293246556598,,,0.00955053448263886,,0,0.00145862708462121,0,0.117093025678783,,,0,0,,0.00107660570531565,0.00163227316612373,0.0314577241249974,0.00020837529780303,0,,,,0.000125025178681818,,,,0.00145168124136111,0.000604288363628786,,,,0.000326454633224747,,0.00369518861437373,,,,,,,,9.72418056414139e-05,0.269651527043641,0,,0.00304227934792424,0,0.0162115981690757,0,0,0.000757096915351008,,0,0.00265331212535858,,,0,0.322745552923853
0,0,2021,2021-09-26,090,Düren,05,Nordrhein-Westfalen,erststimme,199656,153645,151938,1707,0.769548623632648,cdu,,,,0.0852123892640419,,,,0,,,,0,,,0,0,0,0,,0.366721952375311,,0,,0,,,0,0.0151245902934092,,0.0103002540509945,0,,,0,,0,0.0739577985757348,,,0.0144532638312996,,0,0,0,0.0932880517053008,,,0,0,,0,0,0.0227000487040767,0,0,,,,0,,,,0,0,,,,0,,0.00754255025076018,,,,,,,,0,0.307585989021838,0,,0,0,0,0,0.00311311192723348,0,,0,0,,,0,0.366721952375311
0,0,2021,2021-09-26,090,Düren,05,Nordrhein-Westfalen,zweitstimme,199656,153645,152129,1516,0.769548623632648,cdu,,,,0.0865778385449191,,,,0,,,,0,,,0,0,0,0.00106488572198595,,0.303801379092744,,0,,0,,,0.000571883072918379,0.00911726232342289,,0.0101558545707919,0.000210347796935496,,,0.000591603178881081,,0,0.112430897462022,,,0.00851908577588757,,0,0.00145928784124,0,0.111425172057925,,,0,0,,0.00109117919660288,0.0017090758501009,0.0300402947498505,0.000223494534243964,0,,,,7.88804238508108e-05,,,,0.00117663298910793,0.000578456441572613,,,,0.000354961907328649,,0.00479855911759099,,,,,,,,6.57336865423424e-05,0.289609476168252,0,,0.00421352930736415,0,0.0162033537326874,0,0,0.000552162966955676,,0,0.0033787114882764,,,0,0.303801379092744
0,0,2021,2021-09-26,091,Rhein-Erft-Kreis I,05,Nordrhein-Westfalen,erststimme,249035,194862,192953,1909,0.782468327745096,cdu,,,,0.070156981233772,,,,0,,,,0,,,0,0,0,0,,0.329795338761253,,0,,0,,,0,0,,0.0114950272864376,0,,,0,,0,0.0909133312257389,,,0.0110493228921033,,0,0,0,0.131684918088861,,,0,0,,0,0.00452441786341752,0.0305203857934316,0,0,,,,0,,,,0,0,,,,0,,0.0148222624162361,,,,,,,,0,0.305038014438749,0,,0,0,0,0,0,0,,0,0,,,0,0.329795338761253
0,0,2021,2021-09-26,091,Rhein-Erft-Kreis I,05,Nordrhein-Westfalen,zweitstimme,249035,194862,193401,1461,0.782468327745096,cdu,,,,0.0693739949638316,,,,0,,,,0,,,0,0,0,0.000336089265308866,,0.284734825569671,,0,,0,,,0.000760078800006205,0.00747669350210185,,0.00911060439191111,0.000165459330613596,,,0.000480866179595762,,0,0.125268225086737,,,0.00744049927353013,,0,0.0011116798775601,0,0.142532872115449,,,0,0,,0.0009462205469465,0.00243535452246886,0.0293793723920766,0.000268871412247093,0,,,,0.000139606310205221,,,,0.000863490881639702,0.000517060408167486,,,,0.00036194228571724,,0.0063960372490318,,,,,,,,0.000103412081633497,0.282904431724758,0,,0.008412572840885,0,0.0143070614939943,0,0,0.000511889804085811,,0,0.0036607876898258,,,0,0.284734825569671
0,0,2021,2021-09-26,092,Euskirchen – Rhein-Erft-Kreis II,05,Nordrhein-Westfalen,erststimme,249198,192814,190783,2031,0.773738151991589,cdu,,,,0.0786181158698626,,,,0,,,,0,,,0,0,0,0,,0.345843183092833,,0,,0,,,0,0.0140997887652464,,0.0131301006903131,0,,,0,,0,0.103809039589481,,,0.0142780017087476,,0,0,0,0.13106513683085,,,0,0,,0,0,0.0261710949088755,0,0,,,,0,,,,0,0,,,,0,,0.00623221146538214,,,,,,,,0,0.266753327078408,0,,0,0,0,0,0,0,,0,0,,,0,0.345843183092833
0,0,2021,2021-09-26,092,Euskirchen – Rhein-Erft-Kreis II,05,Nordrhein-Westfalen,zweitstimme,249198,192814,191274,1540,0.773738151991589,cdu,,,,0.0778673525936615,,,,0,,,,0,,,0,0,0,0.000496669698965881,,0.303653397743551,,0,,0,,,0.000721478089024123,0.00852703451593003,,0.011433859280404,0.000120246348170687,,,0.00045484488221086,,0,0.121887972228322,,,0.00851135020964689,,0,0.00141681566757636,0,0.136772378891015,,,0,0,,0.00124428829846189,0.00151614960736953,0.0299570250007842,0.00027186130890764,0,,,,0.000115018246076309,,,,0.000784215314156655,0.000695337578552234,,,,0.000376423350795194,,0.0043131842278616,,,,,,,,9.93339397931763e-05,0.266366573606449,0,,0.0038687955498395,0,0.0147850727229001,0,0,0.000690109476457856,,0,0.00305321162311658,,,0,0.303653397743551
0,0,2021,2021-09-26,093,Köln I,05,Nordrhein-Westfalen,erststimme,190630,140901,139804,1097,0.739133399779678,spd,,,,0.0628665846470773,,,,0,,,,0,,,0,0,0,0,,0.226288232096363,,0,,0,,,0,0.0197991473777574,,0.0115518869274127,0,,,0,,0,0.0821864896569483,,,0.00792538124803296,,0,0,0,0.238941661182799,,,0,0,,0,0,0.0515936596950016,0,0,,,,0.00129466968040972,,,,0,0,,,,0,,0,,,,,,,,0,0.278854682269463,0,,0,0,0,0,0,0,,0,0.0168307058453263,,,0.00186689937340849,0.226288232096363
0,0,2021,2021-09-26,093,Köln I,05,Nordrhein-Westfalen,zweitstimme,190630,140901,140080,821,0.739133399779678,spd,,,,0.0597015990862364,,,,0,,,,0,,,0,0,0,0.000513992004568818,,0.197708452312964,,0,,0,,,0.0010850942318675,0.0114720159908624,,0.00947315819531696,0.000306967447173044,,,0.000828098229583095,,0,0.107367218732153,,,0.00537549971444889,,0,0.000906624785836665,0,0.239156196459166,,,0,0,,0.000749571673329526,0.00123500856653341,0.059016276413478,0.000192747001713307,0,,,,0.000456881781838949,,,,0.000542547115933752,0.000628212450028555,,,,0.00047829811536265,,0.003912050256996,,,,,,,,0.000107081667618504,0.26365648201028,0,,0.012621359223301,0,0.012164477441462,0,0,0.00077812678469446,,0,0.009565962307253,,,0,0.197708452312964
0,0,2021,2021-09-26,094,Köln II,05,Nordrhein-Westfalen,erststimme,242483,204955,203983,972,0.845234511285327,gruene,,,,0.0273895373634077,,,,0,,,,0,,,0,0,0,0,,0.249618840785752,,0,,0,,,0,0.016236647171578,,0.00982925047675542,0.000401994283837379,,,0,,0,0.0830951598907752,,,0.00671134359235819,,0,0,0,0.346391611065628,,,0,0,,0,0,0.0429986812626542,0,0,,,,0.000573577209865528,,,,0,0,,,,0,,0,,,,,,,,0,0.196599716643054,0,,0,0,0,0,0,0,,0,0.0201536402543349,,,0,0.249618840785752
0,0,2021,2021-09-26,094,Köln II,05,Nordrhein-Westfalen,zweitstimme,242483,204955,204333,622,0.845234511285327,gruene,,,,0.0288303896091185,,,,0,,,,0,,,0,0,0,0.000406199683849403,,0.204734428604288,,0,,0,,,0.000890702921211943,0.00928875903549598,,0.00867701252367459,0.00017618299540456,,,0.000508973097835396,,0,0.129543441343297,,,0.00387602589890032,,0,0.000621534456010532,0,0.31928273944982,,,0,0,,0.000499185153646254,0.000538336930402823,0.050892415811445,0.000190864911688274,0,,,,0.000151713134931705,,,,0.000259380521012269,0.000778141563036808,,,,0.000313214214052552,,0.00273083642877068,,,,,,,,5.87276651348534e-05,0.21138533668081,0,,0.0051337767272051,0,0.00805547806766406,0,0,0.000807505395604234,,0,0.0113686971756887,,,0,0.204734428604288
0,0,2021,2021-09-26,095,Köln III,05,Nordrhein-Westfalen,erststimme,204539,155242,154135,1107,0.758984839077144,spd,,,,0.0519998702436176,,,,0,,,,0,,,0,0,0,0,,0.186031725435495,,0,,0,,,0,0.0203912154929121,,0.011879196807993,0,,,0,,0,0.0694715671327083,,,0.00713660103156324,,0,0,0,0.282868913614688,,,0,0,,0,0,0.0547247542738509,0,0,,,,0.000733123560515133,,,,0,0,,,,0,,0,,,,,,,,0,0.299406364550556,0,,0,0,0,0,0,0,,0,0.013676322704123,,,0.00168034515197716,0.186031725435495
0,0,2021,2021-09-26,095,Köln III,05,Nordrhein-Westfalen,zweitstimme,204539,155242,154402,840,0.758984839077144,spd,,,,0.051009701946866,,,,0,,,,0,,,0,0,0,0.000336783202290126,,0.178009352210464,,0,,0,,,0.000874341005945519,0.0115542544785689,,0.0103949430706856,0.000278493801893758,,,0.000906724006165723,,0,0.089668527609746,,,0.00442999443012396,,0,0.000900247406121682,0,0.287606378155723,,,0,0,,0.000705949404800456,0.000919677206253805,0.0641377702361368,0.000226681001541431,0,,,,0.000466315203170943,,,,0.000472791803214984,0.000783668605328947,,,,0.000310876802113962,,0.00301809562052305,,,,,,,,7.12426004844497e-05,0.258422818357275,0,,0.0125451742853072,0,0.0119558036812995,0,0,0.000770715405240865,,0,0.00922267846271421,,,0,0.178009352210464
0,0,2021,2021-09-26,096,Bonn,05,Nordrhein-Westfalen,erststimme,230215,185557,184110,1447,0.806016115370415,gruene,,,,0.0404540763673891,,,,0,,,,0,,,0,0,0,0,,0.24372386073543,,0,,0,,,0,0.014665145836728,,0.0114116560751725,0,,,0,,0,0.126000760414969,,,0.00642550649068492,,0,0,0,0.25238715985009,,,0,0,,0,0,0.0362554994296888,0.000858182608223345,0,,,,0.000749551898321656,,,,0,0,,,,0,,0,,,,,,,,0,0.251213948183151,0,,0,0,0,0,0,0,,0,0.0158546521101515,,,0,0.24372386073543
0,0,2021,2021-09-26,096,Bonn,05,Nordrhein-Westfalen,zweitstimme,230215,185557,184444,1113,0.806016115370415,gruene,,,,0.0420181735377676,,,,0,,,,0,,,0,0,0,0.000574700180000434,,0.225277048860359,,0,,0,,,0.00106265316301967,0.00900544338661057,,0.00988375875604519,0.000254819891132268,,,0.00036867558717009,,0,0.118746069267637,,,0.00486326473075839,,0,0.000612652078679708,0,0.272028366333413,,,0,0,,0.000417470885472013,0.000639760577736332,0.0543579623083429,0.000406627485849364,0,,,,0.000309036889245516,,,,0.000276506690377567,0.000878315369434625,,,,0.000287350090000217,,0.00331265858471948,,,,,,,,6.50603977358982e-05,0.225765001843378,0,,0.00985122855717725,0,0.00743315044132636,0,0,0.00070482097547223,,0,0.0105994231311401,,,0,0.225277048860359
0,0,2021,2021-09-26,097,Rhein-Sieg-Kreis I,05,Nordrhein-Westfalen,erststimme,238627,188217,186466,1751,0.788749806182871,cdu,,,,0.0699591346411678,,,,0,,,,0,,,0,0,0,0,,0.325936095588472,,0,,0,,,0,0.0205292117597846,,0.0158259414584965,0,,,0,,0,0.089045724153465,,,0.0103450494996407,,0,0,0,0.140883592719316,,,0,0,,0,0,0.0334752716312893,0,0,,,,0,,,,0,0,,,,0,,0,,,,,,,,0,0.285376422511343,0,,0,0,0,0,0,0,,0.00322847060590134,0.00539508543112417,,,0,0.325936095588472
0,0,2021,2021-09-26,097,Rhein-Sieg-Kreis I,05,Nordrhein-Westfalen,zweitstimme,238627,188217,186824,1393,0.788749806182871,cdu,,,,0.0728171969340128,,,,0,,,,0,,,0,0,0,0.00117757889778615,,0.275521346293838,,0,,0,,,0.000818952597096733,0.0110638890078363,,0.0138258467862801,0.000101699995717895,,,0.000465678927760887,,0,0.123763542157325,,,0.0074508628441742,,0,0.00119363679184687,0,0.156858861816469,,,0,0,,0.000824305228450306,0.00148803151629341,0.0340052669892519,0.000246221042264377,0,,,,0.000101699995717895,,,,0.00087783154198604,0.000835010491157453,,,,0.000278336830385818,,0.00430351560827303,,,,,,,,0.000123110521132189,0.265110478311138,0,,0.00492977347664112,0,0.0161702993191453,0,0,0.000717252601378838,,0,0.00492977347664112,,,0,0.275521346293838
0,0,2021,2021-09-26,098,Rhein-Sieg-Kreis II,05,Nordrhein-Westfalen,erststimme,216063,176637,175320,1317,0.817525443967732,cdu,,,,0.0592345425507643,,,,0,,,,0,,,0,0,0,0,,0.400091261692904,,0,,0,,,0,0.0144706821811545,,0.0130333105179101,0,,,0,,0,0.0793634496919918,,,0.00967944330367328,,0,0,0,0.153753137120694,,,0,0,,0,0,0.0262776637006616,0.00095254391968971,0,,,,0,,,,0,0,,,,0,,0,,,,,,,,0,0.23388090349076,0,,0,0,0,0,0,0,,0.0027606662103582,0.00650239561943874,,,0,0.400091261692904
0,0,2021,2021-09-26,098,Rhein-Sieg-Kreis II,05,Nordrhein-Westfalen,zweitstimme,216063,176637,175421,1216,0.817525443967732,cdu,,,,0.0601467327172916,,,,0,,,,0,,,0,0,0,0.000963396628681857,,0.295261114689803,,0,,0,,,0.000769577188592016,0.00872187480404285,,0.0120339070008722,6.27062894408309e-05,,,0.000336333734273548,,0,0.133592899367807,,,0.00742784501285479,,0,0.00111731206640026,0,0.176871640225515,,,0,0,,0.000969097200449205,0.00127122750411866,0.0324191516409096,0.000444644597853165,0,,,,0.000114011435346965,,,,0.000638464037943006,0.000946294913379812,,,,0.000347734877808244,,0.00341464248864161,,,,,,,,5.70057176734827e-05,0.238015973002092,0,,0.00487398886108277,0,0.0126267664646764,0,0,0.000729673186220578,,0,0.00582598434622993,,,0,0.295261114689803
0,0,2021,2021-09-26,099,Oberbergischer Kreis,05,Nordrhein-Westfalen,erststimme,206640,160146,158507,1639,0.775,cdu,,,,0.0950809743418272,,,,0,,,,0,,,0,0,0,0,,0.33914590522816,,0,,0,,,0,0.0182137066501795,,0.0179613518645864,0,,,0,,0,0.0986454856883292,,,0.0141697212110506,,0,0,0,0.119963156201303,,,0,0,,0,0,0.0289387850378848,0,0,,,,0,,,,0,0,,,,0,,0,,,,,,,,0,0.267880913776679,0,,0,0,0,0,0,0,,0,0,,,0,0.33914590522816
0,0,2021,2021-09-26,099,Oberbergischer Kreis,05,Nordrhein-Westfalen,zweitstimme,206640,160146,158674,1472,0.775,cdu,,,,0.0958632164059644,,,,0,,,,0,,,0,0,0,0.00440525858048578,,0.277411548205755,,0,,0,,,0.00065543189180332,0.0102222166202402,,0.0177029633084185,9.45334459331712e-05,,,0.00049157391885249,,0,0.12475893971287,,,0.00903739743121116,,0,0.00139279277008206,0,0.125786203158678,,,0,0,,0.0011217968917403,0.00148732621601523,0.0324753897929087,0.000214275810781855,0,,,,0.000157555743221952,,,,0.000964241148518346,0.00115330804038469,,,,0.000693245270176588,,0.00410905378322851,,,,,,,,0.000113440135119805,0.267296469490906,0,,0.00400191587783758,0,0.0152892093222582,0,0,0.000560898445870149,,0,0.00253979858073787,,,0,0.277411548205755
0,0,2021,2021-09-26,100,Rheinisch-Bergischer Kreis,05,Nordrhein-Westfalen,erststimme,217193,176933,175584,1349,0.81463490996487,cdu,,,,0.0542076726808821,,,,0,,,,0,,,0,0,0,0,,0.300220976854383,,0,,0,,,0,0,,0.0139819117915072,0,,,0,,0,0.168443593949335,,,0.0206852560597777,,0,0,0,0.180118917441225,,,0,0,,0,0,0.0275936303991252,0,0,,,,0,,,,0,0,,,,0,,0,,,,,,,,0,0.226825906688537,0,,0,0,0,0,0,0,,0,0.00792213413522872,,,0,0.300220976854383
0,0,2021,2021-09-26,100,Rheinisch-Bergischer Kreis,05,Nordrhein-Westfalen,zweitstimme,217193,176933,175896,1037,0.81463490996487,cdu,,,,0.0571417201073362,,,,0,,,,0,,,0,0,0,0.000750443443853186,,0.274162004821031,,0,,0,,,0.000722017555828444,0.00806726702142175,,0.012774594078319,0.000125073907308864,,,0.000432073497976077,,0,0.138564833765407,,,0.0096477463955974,,0,0.00118251694182926,0,0.183545958975758,,,0,0,,0.000892572883976895,0.00126779460590349,0.0296879974530404,0.000193296038568245,0,,,,0.000153499795333606,,,,0.000568517760494838,0.000653795424569064,,,,0.000233092281802884,,0.0031495883931414,,,,,,,,5.11665984445354e-05,0.252586755810252,0,,0.00376358757447583,0,0.0125017055532815,0,0,0.000676536134988857,,0,0.00650384318006095,,,0,0.274162004821031
0,0,2021,2021-09-26,101,Leverkusen – Köln IV,05,Nordrhein-Westfalen,erststimme,209102,154163,152760,1403,0.737262197396486,spd,,,,0.0706794972505892,,,,0,,,,0,,,0,0,0,0,,0.204222309505106,,0,,0,,,0,0.0182115737103954,,0.0145456925896832,0,,,0,,0,0.0723356899711966,,,0.00968185388845247,,0,0,0,0.11318407960199,,,0,0,,0,0,0.0370319455354805,0,0,,,,0.00138779785284106,,,,0,0,,,,0,,0,,,,,,,,0,0.456022518984027,0,,0,0,0,0,0,0,,0,0,,,0.00269704111023828,0.204222309505106
0,0,2021,2021-09-26,101,Leverkusen – Köln IV,05,Nordrhein-Westfalen,zweitstimme,209102,154163,153000,1163,0.737262197396486,spd,,,,0.0716732026143791,,,,0,,,,0,,,0,0,0,0.00065359477124183,,0.217294117647059,,0,,0,,,0.000810457516339869,0.0135686274509804,,0.0112091503267974,0.000235294117647059,,,0.000640522875816994,,0,0.104124183006536,,,0.006,,0,0.00141176470588235,0,0.191692810457516,,,0,0,,0.000973856209150327,0.00127450980392157,0.0478300653594771,0.000235294117647059,0,,,,0.000627450980392157,,,,0.000803921568627451,0.00073202614379085,,,,0.000372549019607843,,0.00433986928104575,,,,,,,,0.000156862745098039,0.291411764705882,0,,0.0109084967320261,0,0.0136013071895425,0,0,0.000908496732026144,,0,0.00650980392156863,,,0,0.217294117647059
0,0,2021,2021-09-26,102,Wuppertal I,05,Nordrhein-Westfalen,erststimme,202528,146699,144958,1741,0.724339350608311,spd,,,,0.0827481063480456,,,,0,,,,0,,,0,0,0,0,,0.220477655596794,,0,,0,,,0,0.0183846355496075,,0.0142662012444984,0,,,0,,0,0.0948964527656287,,,0.0106513610839002,,0,0,0,0.130603347176424,,,0,0,,0,0,0.0465100235930408,0,0,,,,0.00140040563473558,,,,0,0,,,,0,,0,,,,,,,,0,0.372970101684626,0,,0,0,0,0,0,0,,0,0.00709170932270037,,,0,0.220477655596794
0,0,2021,2021-09-26,102,Wuppertal I,05,Nordrhein-Westfalen,zweitstimme,202528,146699,145399,1300,0.724339350608311,spd,,,,0.0831505030983707,,,,0,,,,0,,,0,0,0,0.000790927035261591,,0.209953300916788,,0,,0,,,0.000845948046410223,0.0115131465828513,,0.0119189265400725,0.000398902330827585,,,0.000536454858699166,,0,0.109835693505457,,,0.0066300318434102,,0,0.00104539921182402,0,0.174609178880185,,,0,0,,0.000887213804771697,0.0011485636077277,0.0553992806002792,0.000185695912626634,0,,,,0.000839070420016644,,,,0.0011485636077277,0.000667129760177168,,,,0.000337003693285373,,0.00366577486777763,,,,,,,,0.000206328791807371,0.291755789242017,0,,0.0117813740122009,0,0.0148487953837372,0,0,0.00086658092559096,,0,0.00503442252009986,,,0,0.209953300916788
0,0,2021,2021-09-26,103,Solingen – Remscheid – Wuppertal II,05,Nordrhein-Westfalen,erststimme,220204,163495,161969,1526,0.742470618154075,spd,,,,0.0761565484753255,,,,0,,,,0,,,0,0,0,0,,0.276460310306293,,0,,0,,,0,0.020979323203823,,0.0137865887916824,0,,,0,,0,0.10746500873624,,,0.0102612228265903,,0,0,0,0.129450697355667,,,0,0,,0,0,0.0314813328476437,0,0,,,,0.00104340954133198,,,,0,0,,,,0,,0,,,,,,,,0,0.326309355493953,0,,0,0,0,0,0,0,,0,0,,,0.00660620242145102,0.276460310306293
0,0,2021,2021-09-26,103,Solingen – Remscheid – Wuppertal II,05,Nordrhein-Westfalen,zweitstimme,220204,163495,162218,1277,0.742470618154075,spd,,,,0.0770937873725481,,,,0,,,,0,,,0,0,0,0.000511657152720413,,0.242963173014092,,0,,0,,,0.00107263065751026,0.0126003279537413,,0.0117927726886042,0.000104797248147555,,,0.000345214464486062,,0,0.124869003439816,,,0.00669469479342613,,0,0.00119592153768386,0,0.149773761234881,,,0,0,,0.00103564339345819,0.00160278144225672,0.0374557693967377,0.00018493632026039,0,,,,0.000493163520694374,,,,0.000881529793241194,0.000610289856859288,,,,0.000431518080607578,,0.00384667546141612,,,,,,,,8.01390721128358e-05,0.297106363042326,0,,0.00808788173938774,0,0.0155408154458815,0,0,0.000727416193024202,,0,0.00289733568407945,,,0,0.242963173014092
0,0,2021,2021-09-26,104,Mettmann I,05,Nordrhein-Westfalen,erststimme,203030,159457,157896,1561,0.785386396099099,cdu,,,,0.0677914576683387,,,,0,,,,0,,,0,0,0,0,,0.299728935501849,,0,,0,,,0,0,,0.0116849065207478,0,,,0,,0,0.0941949131073618,,,0.0115139078887369,,0,0,0,0.228599837867964,,,0,0,,0,0,0.0269291179003901,0,0,,,,0,,,,0,0,,,,0,,0,,,,,,,,0,0.249062674165273,0,,0,0,0,0,0,0,,0,0,,,0.0104942493793383,0.299728935501849
0,0,2021,2021-09-26,104,Mettmann I,05,Nordrhein-Westfalen,zweitstimme,203030,159457,158308,1149,0.785386396099099,cdu,,,,0.0673244561235061,,,,0,,,,0,,,0,0,0,0.000619046415847588,,0.273858554210779,,0,,0,,,0.000593779215200748,0.00931096343836066,,0.0103090178639109,0.000132652803395912,,,0.000454809611643126,,0,0.133177097809334,,,0.00705586578063017,,0,0.0013138944336357,0,0.160636228112287,,,0,0,,0.00123177603153347,0.00135811203476767,0.0313060616014352,0.000290572807438664,0,,,,0.000138969603557622,,,,0.000821184021022311,0.000656947216817849,,,,0.000486393612451677,,0.00411855370543498,,,,,,,,8.84352022639412e-05,0.267737574854082,0,,0.00834449301361902,0,0.0142759683654648,0,0,0.0007516992192435,,0,0.00360689289233646,,,0,0.273858554210779
0,0,2021,2021-09-26,105,Mettmann II,05,Nordrhein-Westfalen,erststimme,160175,123769,122597,1172,0.772711097237397,cdu,,,,0.0725466365408615,,,,0,,,,0,,,0,0,0,0.0018026542248179,,0.313457914957136,,0,,0,,,0,0.0184180689576417,,0.011142197606793,0,,,0,,0,0.0910136463371861,,,0.00951083631736502,,0,0,0,0.144620178307789,,,0,0,,0,0,0.0276923578880397,0.000530192419064088,0,,,,0.000807523838266842,,,,0,0,,,,0,,0,,,,,,,,0,0.306981410638107,0,,0,0,0,0,0,0,,0,0,,,0.00147638196693231,0.313457914957136
0,0,2021,2021-09-26,105,Mettmann II,05,Nordrhein-Westfalen,zweitstimme,160175,123769,122892,877,0.772711097237397,cdu,,,,0.0740813071640139,,,,0,,,,0,,,0,0,0,0.0012531328320802,,0.2705953194675,,0,,0,,,0.000691664225498812,0.0105214334537643,,0.00984604368063015,9.76467141880676e-05,,,0.00047195911857566,,0,0.132107867070273,,,0.00617615467239527,,0,0.00148911239136803,0,0.147381440614523,,,0,0,,0.00123685837971552,0.00112293721316278,0.0316293981707516,0.000301077368746542,0,,,,0.000480096344757999,,,,0.000886957653874947,0.000642840868404778,,,,0.000276665690199525,,0.00498811964977379,,,,,,,,0.000122058392735084,0.279993815708101,0,,0.00692477948117046,0,0.0134752465579533,0,0,0.000667252546951795,,0,0.00253881456888976,,,0,0.2705953194675
0,0,2021,2021-09-26,106,Düsseldorf I,05,Nordrhein-Westfalen,erststimme,220827,175110,173948,1162,0.79297368528305,cdu,,,,0.040253409064778,,,,0,,,,0,,,0,0,0,0,,0.311345919470186,,0,,0,,,0,0.0145503253845977,,0.0103594177570308,0,,,0,,0,0.139363487938924,,,0.00626049164118012,,0,0,0,0.212281831351898,,,0,0,,0,0,0.0292846137926277,0.000436912180651689,0,,,,0.000597879826154943,,,,0,0,,,,0,,0,,,,,,,,0,0.223946236806402,0,,0,0,0,0,0,0,,0,0.00888771356957252,,,0.00243176121599559,0.311345919470186
0,0,2021,2021-09-26,106,Düsseldorf I,05,Nordrhein-Westfalen,zweitstimme,220827,175110,174303,807,0.79297368528305,cdu,,,,0.0429998336230587,,,,0,,,,0,,,0,0,0,0.000240959708094525,,0.257551505137605,,0,,0,,,0.000946627424657063,0.00895566915084652,,0.00880650361726419,0.000258171115815563,,,0.000510605095724113,,0,0.159165361468248,,,0.00488230265686764,,0,0.000820410434702788,0,0.226341485803457,,,0,0,,0.000843358978330838,0.000797461891074738,0.0386740331491713,0.000240959708094525,0,,,,0.000281119659443613,,,,0.00048191941618905,0.000631084949771375,,,,0.00029833106716465,,0.00296036212801845,,,,,,,,6.884563088415e-05,0.219129905968342,0,,0.00754433371772144,0,0.00938021720796544,0,0,0.000831884706516813,,0,0.00635674658496985,,,0,0.257551505137605
0,0,2021,2021-09-26,107,Düsseldorf II,05,Nordrhein-Westfalen,erststimme,190102,142287,141134,1153,0.748477133328424,spd,,,,0.0582000085025579,,,,0,,,,0,,,0,0,0,0,,0.246581263196678,,0,,0,,,0,0.0210225742910992,,0.0109753850950161,0,,,0,,0,0.10020972976037,,,0.00926070259469724,,0,0,0,0.213988124760866,,,0,0,,0,0,0.0383890487054856,0,0,,,,0.00124704181841371,,,,0,0,,,,0,,0,,,,,,,,0,0.291701503535647,0,,0,0,0,0,0,0,,0,0.00842461773916987,,,0,0.246581263196678
0,0,2021,2021-09-26,107,Düsseldorf II,05,Nordrhein-Westfalen,zweitstimme,190102,142287,141432,855,0.748477133328424,spd,,,,0.0601207647491374,,,,0,,,,0,,,0,0,0,0.000346456247525313,,0.223704677866395,,0,,0,,,0.000996945528593246,0.0111148820634651,,0.00905028564964082,0.000438373211154477,,,0.000544431246111205,,0,0.122567735731659,,,0.00607359013518864,,0,0.00103936874257594,0,0.22289156626506,,,0,0,,0.000982804457265683,0.00101108659992081,0.0490058826856723,0.000197974998585893,0,,,,0.000466655353809605,,,,0.000572713388766333,0.00063634820974037,,,,0.000388879461508004,,0.00365546693817524,,,,,,,,0.00011312857062051,0.252213077662764,0,,0.0118360767011709,0,0.0129461508003846,0,0,0.000912099100627864,,0,0.00617257763448159,,,0,0.223704677866395
0,0,2021,2021-09-26,108,Neuss I,05,Nordrhein-Westfalen,erststimme,213250,162167,160562,1605,0.760454865181712,cdu,,,,0.0672699642505699,,,,0,,,,0,,,0,0,0,0,,0.357774566833996,,0,,0,,,0,0.0225271234787808,,0.0127801098641023,0,,,0,,0,0.0805420958881927,,,0,,0,0,0,0.112423861187579,,,0,0,,0,0,0.0258653977902617,0,0,,,,0,,,,0,0,,,,0,,0,,,,,,,,0,0.320069505860664,0,,0,0,0,0,0,0,,0,0,,,0.000747374845853938,0.357774566833996
0,0,2021,2021-09-26,108,Neuss I,05,Nordrhein-Westfalen,zweitstimme,213250,162167,160966,1201,0.760454865181712,cdu,,,,0.0701887355093622,,,,0,,,,0,,,0,0,0,0.000378962016823429,,0.299230893480611,,0,,0,,,0.000776561509884075,0.0110209609482748,,0.0108594361542189,0.000273349651479194,,,0.000447299429693227,,0,0.126318601443783,,,0.00534895568008151,,0,0.00143508567026577,0,0.136370413627723,,,0,0,,0.00103127368512605,0.00145372314650299,0.0296397997092554,0.000192587254451251,0,,,,0.000180162270293105,,,,0.000820048954437583,0.000670949144539841,,,,0.00031062460395363,,0.00377098269199707,,,,,,,,0.000155312301976815,0.271858653380217,0,,0.00865400146614813,0,0.0147049687511648,0,0,0.000925661319781817,,0,0.00298199619795485,,,0,0.299230893480611
0,0,2021,2021-09-26,109,Mönchengladbach,05,Nordrhein-Westfalen,erststimme,185185,129646,127939,1707,0.7000891000891,cdu,,,,0.0774978700787094,,,,0,,,,0,,,0,0,0,0,,0.356029045091802,,0,,0,,,0,0.0242693783756321,,0.0142333455787524,0.00249337574938056,,,0,,0,0.0856423764450246,,,0.0111146718357967,,0,0,0,0.135236323560447,,,0,0,,0,0,0,0,0,,,,0,,,,0,0,,,,0,,0,,,,,,,,0,0.293483613284456,0,,0,0,0,0,0,0,,0,0,,,0,0.356029045091802
0,0,2021,2021-09-26,109,Mönchengladbach,05,Nordrhein-Westfalen,zweitstimme,185185,129646,128405,1241,0.7000891000891,cdu,,,,0.0750827459989876,,,,0,,,,0,,,0,0,0,0.000256999338032008,,0.284685175810911,,0,,0,,,0.000848876601378451,0.0121646353335151,,0.0104590942720299,0.00066975585062887,,,0.000576301545889958,,0,0.120392508079903,,,0.00661967991900627,,0,0.00129278454888828,0,0.141474241657256,,,0,0,,0.000926755188660878,0.0016432381916592,0.0383707799540516,0.000171332892021339,0,,,,0.000186908609477824,,,,0.00147969315836611,0.000864452318834936,,,,0.000381605077683891,,0.00363693002608933,,,,,,,,9.3454304738912e-05,0.27161714886492,0,,0.0070635878665161,0,0.0156769596199525,0,0,0.000950118764845606,,0,0.00241423620575523,,,0,0.284685175810911
0,0,2021,2021-09-26,110,Krefeld I – Neuss II,05,Nordrhein-Westfalen,erststimme,200048,155726,154206,1520,0.778443173638327,cdu,,,,0.0593362125987316,,,,0,,,,0,,,0,0,0,0,,0.333968846867178,,0,,0,,,0,0.0189227397118141,,0.0114068194493081,0,,,0,,0,0.121791629378883,,,0.0128399673164468,,0,0,0,0.158119658119658,,,0,0,,0,0,0.0280079893129969,0,0,,,,0.00105702761241456,,,,0,0,,,,0,,0,,,,,,,,0,0.254549109632569,0,,0,0,0,0,0,0,,0,0,,,0,0.333968846867178
0,0,2021,2021-09-26,110,Krefeld I – Neuss II,05,Nordrhein-Westfalen,zweitstimme,200048,155726,154594,1132,0.778443173638327,cdu,,,,0.0604292533992264,,,,0,,,,0,,,0,0,0,0.000608044296673868,,0.295192568922468,,0,,0,,,0.000666261303802217,0.0104143757196269,,0.00988395409912416,0.000291085035641745,,,0.000420456162593632,,0,0.14275457003506,,,0.00634565377699005,,0,0.00100262623387712,0,0.155335912131131,,,0,0,,0.000950877783096369,0.00130017982586646,0.0302728437067415,0.000213462359470613,0,,,,0.000284616479294151,,,,0.000698604085540189,0.000756821092668538,,,,0.000232868028513396,,0.00375176268160472,,,,,,,,0.00010349690156151,0.25490639998965,0,,0.00630684243890449,0,0.0136551224497717,0,0,0.000769758205363727,,0,0.00245158285573826,,,0,0.295192568922468
0,0,2021,2021-09-26,111,Viersen,05,Nordrhein-Westfalen,erststimme,227166,175085,173345,1740,0.770735937596295,cdu,,,,0.0594883036718682,,,,0,,,,0,,,0,0,0,0,,0.35837780149413,,0,,0,,,0,0.0220312094378263,,0.0111915544146067,0,,,0,,0,0.0873402751737864,,,0.0129972021113963,,0,0,0,0.140725143499957,,,0,0,,0,0,0.0320632265136,0,0,,,,0,,,,0,0,,,,0,,0,,,,,,,,0,0.275785283682829,0,,0,0,0,0,0,0,,0,0,,,0,0.35837780149413
0,0,2021,2021-09-26,111,Viersen,05,Nordrhein-Westfalen,zweitstimme,227166,175085,173752,1333,0.770735937596295,cdu,,,,0.0596079469588839,,,,0,,,,0,,,0,0,0,0.000535245637460288,,0.304433905796768,,0,,0,,,0.000765458814862563,0.0123164049910217,,0.0104056356185828,0.000126617247571251,,,0.000471937013674663,,0,0.128234495142502,,,0.00763732216032046,,0,0.0011337998987062,0,0.147756572586215,,,0,0,,0.000892076062433814,0.00131221511119296,0.0299449790506009,0.000189925871356876,0,,,,0.000178415212486763,,,,0.000805746120907961,0.00105322528661541,,,,0.000310787789493071,,0.00363736820295594,,,,,,,,6.90639532206823e-05,0.266903402550762,0,,0.00334960173120309,0,0.0150674524609789,0,0,0.000690639532206824,,0,0.00216975919701644,,,0,0.304433905796768
0,0,2021,2021-09-26,112,Kleve,05,Nordrhein-Westfalen,erststimme,225463,171093,169465,1628,0.758851784993547,cdu,,,,0.0577582391644292,,,,0,,,,0,,,0,0,0,0,,0.375894727524858,,0,,0,,,0,0,,0.0111645472516449,0,,,0,,0,0.0874575871123831,,,0.0201162481928422,,0,0,0,0.138535980881008,,,0,0,,0,0,0.0249904109993214,0,0,,,,0,,,,0,0,,,,0,,0,,,,,,,,0,0.284082258873514,0,,0,0,0,0,0,0,,0,0,,,0,0.375894727524858
0,0,2021,2021-09-26,112,Kleve,05,Nordrhein-Westfalen,zweitstimme,225463,171093,169767,1326,0.758851784993547,cdu,,,,0.0567365860267308,,,,0,,,,0,,,0,0,0,0.000353425577409037,,0.322754127716223,,0,,0,,,0.000712741581108225,0.00847043300523659,,0.00958961400036521,0.000100137246932561,,,0.000453562824341598,,0,0.115110710562123,,,0.00876495431974412,,0,0.00131945548899374,0,0.138937484905783,,,0,0,,0.000983701190455153,0.0014195927359263,0.0278499354998321,0.000164931936124217,0,,,,0.000164931936124217,,,,0.000883563943522593,0.000677399023367321,,,,0.000353425577409037,,0.00356370790554112,,,,,,,,8.83563943522593e-05,0.281780322441935,0,,0.00174945660817473,0,0.0140545571282994,0,0,0.000630275613046116,,0,0.00233260881089965,,,0,0.322754127716223
0,0,2021,2021-09-26,113,Wesel I,05,Nordrhein-Westfalen,erststimme,206270,160625,159165,1460,0.778712367285597,spd,,,,0.0681179907643012,,,,0,,,,0,,,0,0,0,0,,0.298105739327113,,0,,0,,,0,0.0245468538937581,,0.0125592938145949,0,,,0,,0,0.0907988565325291,,,0.0086451167027927,,0,0,0,0.125203405271259,,,0,0,,0,0,0.0288882606100587,0,0,,,,0.000797914114283919,,,,0,0,,,,0,,0,,,,,,,,0,0.342336568969309,0,,0,0,0,0,0,0,,0,0,,,0,0.298105739327113
0,0,2021,2021-09-26,113,Wesel I,05,Nordrhein-Westfalen,zweitstimme,206270,160625,159497,1128,0.778712367285597,spd,,,,0.0689291961604294,,,,0,,,,0,,,0,0,0,0.000576813356991041,,0.266738559345944,,0,,0,,,0.000526655673774428,0.0130347279259171,,0.00905346182059851,0.000119124497639454,,,0.000457688859351587,,0,0.108478529376728,,,0.00605654024840593,,0,0.00128529063242569,0,0.129337855884437,,,0,0,,0.0010156930851364,0.0014169545508693,0.0319943321817965,0.000231979284876832,0,,,,0.000407531176134974,,,,0.000840141193878255,0.000576813356991041,,,,0.00032602494090798,,0.00322890085706941,,,,,,,,0.000100315366433224,0.334031361091431,0,,0.00394364784290614,0,0.0154736452723249,0,0,0.000507846542568199,,0,0.00131036947403399,,,0,0.266738559345944
0,0,2021,2021-09-26,114,Krefeld II – Wesel II,05,Nordrhein-Westfalen,erststimme,175852,131664,130286,1378,0.748720514978505,spd,,,,0.0696698033556944,,,,0,,,,0,,,0,0,0,0,,0.284243894201986,,0,,0,,,0,0.0219747325115515,,0.0130328661559953,0,,,0,,0,0.0840765700075219,,,0.00910305021260918,,0,0,0,0.133536987857483,,,0,0,,0,0,0.0314692292341464,0,0,,,,0.000959427720553244,,,,0,0,,,,0,,0,,,,,,,,0,0.351933438742459,0,,0,0,0,0,0,0,,0,0,,,0,0.284243894201986
0,0,2021,2021-09-26,114,Krefeld II – Wesel II,05,Nordrhein-Westfalen,zweitstimme,175852,131664,130616,1048,0.748720514978505,spd,,,,0.0703512586513138,,,,0,,,,0,,,0,0,0,0.00067373063024438,,0.247412261897471,,0,,0,,,0.000865131377472898,0.011537637042935,,0.0104275127090096,0.000206712807006799,,,0.000543578122128989,,0,0.114067189318307,,,0.00626263244931708,,0,0.00109481227414712,0,0.14959116800392,,,0,0,,0.000911067556807742,0.00144698964904759,0.0360063085686287,0.000290929135787346,0,,,,0.000597170331352974,,,,0.000788571078581491,0.000535922092239848,,,,0.000313897225454768,,0.00387395112390519,,,,,,,,0.000122496478226251,0.317541495681999,0,,0.00741869296257733,0,0.0146612972377044,0,0,0.000681386660133521,,0,0.00177619893428064,,,0,0.247412261897471
0,0,2021,2021-09-26,115,Duisburg I,05,Nordrhein-Westfalen,erststimme,163394,118600,117280,1320,0.725852846493751,spd,,,,0.0946538199181446,,,,0,,,,0,,,0,0,0,0,,0.20718792633015,,0,,0,,,0,0,,0.0118946111869031,0,,,0,,0,0.069943724420191,,,0.0125341064120055,,0,0,0,0.143050818553888,,,0,0,,0,0,0.0468963165075034,0,0,,,,0.00416950886766712,,,,0,0,,,,0,,0,,,,,,,,0,0.403427694406548,0,,0,0,0,0,0,0,,0,0,,,0.00624147339699864,0.20718792633015
0,0,2021,2021-09-26,115,Duisburg I,05,Nordrhein-Westfalen,zweitstimme,163394,118600,117594,1006,0.725852846493751,spd,,,,0.0833545929214075,,,,0,,,,0,,,0,0,0,0.000637787642226644,,0.196999846930966,,0,,0,,,0.00108849090940014,0.0126026838103985,,0.00919264588329336,0.000391176420565675,,,0.000671802983145399,,0,0.0900811265880912,,,0.0066329914791571,,0,0.00132659829583142,0,0.152320696634182,,,0,0,,0.00120754460261578,0.0013436059662908,0.0474514005816623,0.000238107386431281,0,,,,0.00125856761399391,,,,0.0012670714492236,0.000671802983145399,,,,0.000297634233039101,,0.00414136775685834,,,,,,,,0.000187084375053149,0.351276425667976,0,,0.0136316478731908,0,0.0181556882153851,0,0,0.000952429545725122,,0,0.00261918125074409,,,0,0.196999846930966
0,0,2021,2021-09-26,116,Duisburg II,05,Nordrhein-Westfalen,erststimme,155265,98339,96809,1530,0.633362316040318,spd,,,,0.138014027621399,,,,0,,,,0,,,0,0,0,0,,0.200435909884412,,0,,0,,,0,0,,0.0104019254408165,0,,,0,,0,0.0712846946048405,,,0.0130463076780051,,0,0,0,0.108646923323245,,,0,0,,0,0,0.0505015029594356,0,0,,,,0.00323317046968774,,,,0,0,,,,0,,0,,,,,,,,0,0.394198886467167,0,,0,0,0,0,0.00565030110836802,0,,0,0,,,0.00458635044262414,0.200435909884412
0,0,2021,2021-09-26,116,Duisburg II,05,Nordrhein-Westfalen,zweitstimme,155265,98339,97166,1173,0.633362316040318,spd,,,,0.121791573184036,,,,0,,,,0,,,0,0,0,0.000751291604059033,,0.186978984418418,,0,,0,,,0.000833624930531256,0.0127102072741494,,0.00777020768581603,0.000421958298170142,,,0.000648374945968754,,0,0.0814379515468374,,,0.00693658275528477,,0,0.00168783319268057,0,0.10587036617747,,,0,0,,0.00131733322355556,0.00191424984047918,0.0463948294670975,0.000267583311034724,0,,,,0.00177016651915279,,,,0.00242883313093057,0.00057633328530556,,,,0.000391083300743058,,0.00390054134162155,,,,,,,,0.000154374987135418,0.368873885927176,0,,0.0203774983018751,0,0.0208097482658543,0,0,0.000926249922812506,,0,0.00205833316180557,,,0,0.186978984418418
0,0,2021,2021-09-26,117,Oberhausen – Wesel III,05,Nordrhein-Westfalen,erststimme,199156,145232,143754,1478,0.729237381750989,spd,,,,0.0946130194638062,,,,0,,,,0,,,0,0,0,0,,0.224529404399182,,0,,0,,,0,0.0449657053021133,,0.00997537459827205,0,,,0,,0,0.0704815170360477,,,0.00958582022065473,,0,0,0,0.11944711103691,,,0,0,,0,0,0.0341416586668893,0,0,,,,0.00100866758490199,,,,0,0,,,,0,,0,,,,,,,,0,0.388093548701254,0,,0,0,0,0,0,0.00315817298996898,,0,0,,,0,0.224529404399182
0,0,2021,2021-09-26,117,Oberhausen – Wesel III,05,Nordrhein-Westfalen,zweitstimme,199156,145232,144016,1216,0.729237381750989,spd,,,,0.0909551716475947,,,,0,,,,0,,,0,0,0,0.000513831796467059,,0.213656815909343,,0,,0,,,0.000604099544495056,0.0152691367625819,,0.00738806799244528,0.000194422841906455,,,0.000374958337962449,,0,0.094246472614154,,,0.00588129096767026,,0,0.00139567825797134,0,0.124604210643262,,,0,0,,0.0011595933785135,0.00145122764137318,0.038974836129319,0.000152760804355072,0,,,,0.000493000777691368,,,,0.00126374847239196,0.000694367292523053,,,,0.000312465281635374,,0.00357599155649372,,,,,,,,0.000138873458504611,0.368250749916676,0,,0.00772830796578158,0,0.0171717031440951,0,0,0.0010693256304855,,0,0.0024788912343073,,,0,0.213656815909343
0,0,2021,2021-09-26,118,Mülheim – Essen I,05,Nordrhein-Westfalen,erststimme,182895,139658,138155,1503,0.763596599141584,spd,,,,0.0847164416778256,,,,0,,,,0,,,0,0,0,0,,0.239513589808548,,0,,0,,,0,0.0207737685932467,,0.011465383084217,0.00100611631862763,,,0,,0,0.0860193261192139,,,0.00799826282074482,,0,0,0,0.141486012087872,,,0,0,,0,0,0.0265136983822518,0,0,,,,0.00114364300966306,,,,0,0,,,,0,,0,,,,,,,,0,0.363128370308711,0,,0,0,0,0,0,0,,0,0,,,0.0162353877890775,0.239513589808548
0,0,2021,2021-09-26,118,Mülheim – Essen I,05,Nordrhein-Westfalen,zweitstimme,182895,139658,138589,1069,0.763596599141584,spd,,,,0.0803454819646581,,,,0,,,,0,,,0,0,0,0.000627755449566705,,0.23593503091876,,0,,0,,,0.000707126828247552,0.0116387303465643,,0.00883186977321433,0.00041850363304447,,,0.000404072473284316,,0,0.10959022721861,,,0.00488494757881217,,0,0.00134209785769433,0,0.145985612133719,,,0,0,,0.000865869585609248,0.00132766669793418,0.0324268159810663,0.000288623195203083,0,,,,0.000519521751365549,,,,0.000901947485009633,0.000584461970286242,,,,0.00024532971592262,,0.00324701094603468,,,,,,,,0.000151527177481618,0.332522783193471,0,,0.00779282627048323,0,0.0153403228250438,0,0,0.000634971029446782,,0,0.00243886599946605,,,0,0.23593503091876
0,0,2021,2021-09-26,119,Essen II,05,Nordrhein-Westfalen,erststimme,156298,105472,104198,1274,0.674813497293631,spd,,,,0.115309314958061,,,,0,,,,0,,,0,0,0,0,,0.227787481525557,,0,,0,,,0,0.023167431236684,,0.0106336014126951,0.00162191212883165,,,0,,0,0.0669494616019501,,,0.0115357300524002,,0,0,0,0.1213746904931,,,0,0,,0,0,0.0415075145396265,0,0,,,,0.00189063129810553,,,,0,0,,,,0,,0,,,,,,,,0,0.37822223075299,0,,0,0,0,0,0,0,,0,0,,,0,0.227787481525557
0,0,2021,2021-09-26,119,Essen II,05,Nordrhein-Westfalen,zweitstimme,156298,105472,104409,1063,0.674813497293631,spd,,,,0.110344893639437,,,,0,,,,0,,,0,0,0,0.000612973977339118,,0.201505617331839,,0,,0,,,0.000909883247612754,0.0136099378406076,,0.00804528345257593,0.00090030552921683,,,0.000574663103755423,,0,0.091285234031549,,,0.00612016205499526,,0,0.00148454635136818,0,0.13381030370945,,,0,0,,0.00116848164430269,0.00181976649522551,0.0433391757415548,0.000306486988669559,0,,,,0.00136003601222117,,,,0.00126425882826193,0.000545929948567652,,,,0.00033522014385733,,0.00334262372017738,,,,,,,,0.00015324349433478,0.338696855635051,0,,0.016454520204197,0,0.0184275301937572,0,0,0.000708751161298356,,0,0.00287331551877712,,,0,0.201505617331839
0,0,2021,2021-09-26,120,Essen III,05,Nordrhein-Westfalen,erststimme,190335,152860,151847,1013,0.803110305513962,cdu,,,,0.0541663648277543,,,,0,,,,0,,,0,0,0,0,,0.307118349391163,,0,,0,,,0,0.019302324049866,,0.0111625517790934,0.00113271911858647,,,0,,0,0.0715917996404275,,,0.0110966960163849,,0,0,0,0.189302389905629,,,0,0,,0,0,0.0331254486423835,0.000902223949106667,0,,,,0.000717827813522822,,,,0,0,,,,0,,0,,,,,,,,0,0.300381304866082,0,,0,0,0,0,0,0,,0,0,,,0,0.307118349391163
0,0,2021,2021-09-26,120,Essen III,05,Nordrhein-Westfalen,zweitstimme,190335,152860,152063,797,0.803110305513962,cdu,,,,0.0552271098163261,,,,0,,,,0,,,0,0,0,0.000512945292411698,,0.243668742560649,,0,,0,,,0.000900942372569264,0.0112979488764525,,0.0100024332020281,0.000591859952782728,,,0.000401149523552738,,0,0.118339109448058,,,0.00555690733446006,,0,0.000848332598988577,0,0.202310884304532,,,0,0,,0.000651045948061001,0.000993009476335466,0.0402267481241328,0.000394573301855152,0,,,,0.000420878188645496,,,,0.000591859952782728,0.000585283731085142,,,,0.000263048867903435,,0.00291326621203054,,,,,,,,9.8643325463788e-05,0.280337754746388,0,,0.00560294088634316,0,0.0131853245036597,0,0,0.000762841716919961,,0,0.00331441573558328,,,0,0.243668742560649
0,0,2021,2021-09-26,121,Recklinghausen I,05,Nordrhein-Westfalen,erststimme,165193,121640,120519,1121,0.736350813896473,spd,,,,0.0919937935097371,,,,0,,,,0,,,0,0,0,0,,0.25593474887777,,0,,0,,,0,0.0225856503953733,,0.0106373268945146,0.000821447240684041,,,0,,0,0.0703706469519329,,,0,,0,0,0,0.106481135754528,,,0,0,,0,0,0.029912295986525,0,0,,,,0.00106207320007634,,,,0,0,,,,0,,0,,,,,,,,0,0.410200881188858,0,,0,0,0,0,0,0,,0,0,,,0,0.25593474887777
0,0,2021,2021-09-26,121,Recklinghausen I,05,Nordrhein-Westfalen,zweitstimme,165193,121640,120737,903,0.736350813896473,spd,,,,0.0905024971632557,,,,0,,,,0,,,0,0,0,0.000571490098312862,,0.231809635820005,,0,,0,,,0.000596337493891682,0.0126390418844265,,0.00800086137638007,0.000331298607717601,,,0.000513512841962282,,0,0.099298475198158,,,0.00491978432460638,,0,0.00135832429164216,0,0.12572782162883,,,0,0,,0.0011595451270116,0.0014080190827998,0.0351093699528728,0.000273321351367021,0,,,,0.000720574471785782,,,,0.00125893470932688,0.000496947911576402,,,,0.000347863538103481,,0.00391760603626063,,,,,,,,0.00013251944308704,0.352435458889984,0,,0.00756189072115425,0,0.0162419142433554,0,0,0.000662597215435202,,0,0.00200435657669149,,,0,0.231809635820005
0,0,2021,2021-09-26,122,Recklinghausen II,05,Nordrhein-Westfalen,erststimme,186413,137841,136374,1467,0.739438773046944,spd,,,,0.0961180283631777,,,,0,,,,0,,,0,0,0,0,,0.281028641823221,,0,,0,,,0,0.0257307111326206,,0,0.00122457359907314,,,0,,0,0.0827357120858815,,,0,,0,0,0,0.108789065364366,,,0,0,,0,0,0.0284585038203763,0,0,,,,0.00157654684910613,,,,0,0,,,,0,,0,,,,,,,,0,0.374338216962178,0,,0,0,0,0,0,0,,0,0,,,0,0.281028641823221
0,0,2021,2021-09-26,122,Recklinghausen II,05,Nordrhein-Westfalen,zweitstimme,186413,137841,136738,1103,0.739438773046944,spd,,,,0.0915765917301701,,,,0,,,,0,,,0,0,0,0.000453421872486068,,0.245798534423496,,0,,0,,,0.000577747224619345,0.0113721130921909,,0.00799338881656891,0.000212084424227355,,,0.000409542336439029,,0,0.0992481972823941,,,0.00463660430897044,,0,0.00158697655370124,0,0.114284251634513,,,0,0,,0.000855650952917258,0.00151384399362284,0.0298673375360178,0.000234024192250874,0,,,,0.000592373736635025,,,,0.00124325352133277,0.000526554432564466,,,,0.000321783264344952,,0.00400766429229622,,,,,,,,7.31325600783981e-05,0.355153651508725,0,,0.00800070207257675,0,0.0173177902265647,0,0,0.000665506296713423,,0,0.00147727771358364,,,0,0.245798534423496
0,0,2021,2021-09-26,123,Gelsenkirchen,05,Nordrhein-Westfalen,erststimme,168496,112317,111084,1233,0.666585556927167,spd,,,,0.140029167116776,,,,0,,,,0,,,0,0,0,0,,0.197634222750351,,0,,0,,,0,0.0171401822044579,,0.0100644557271974,0,,,0,,0,0.0811457995750963,,,0.00948831514889633,,0,0,0,0.101598790104786,,,0,0,,0,0,0.032038817471463,0,0,,,,0.0032047819667999,,,,0,0,,,,0,,0,,,,,,,,0,0.404783767239206,0,,0,0,0,0,0,0,,0,0,,,0.00287170069496957,0.197634222750351
0,0,2021,2021-09-26,123,Gelsenkirchen,05,Nordrhein-Westfalen,zweitstimme,168496,112317,111284,1033,0.666585556927167,spd,,,,0.127637396211495,,,,0,,,,0,,,0,0,0,0.00049423097660041,,0.198510118255994,,0,,0,,,0.000620035225189605,0.011187592106682,,0.00696416376118759,0.00025160849717839,,,0.000458286905574925,,0,0.0873530786096833,,,0.0064968908378563,,0,0.00158153912512131,0,0.100373818338665,,,0,0,,0.0011502102728155,0.00165342726717228,0.0346231264152978,0.000188706372883793,0,,,,0.00199489594191438,,,,0.00162646921390317,0.000458286905574925,,,,0.000197692390640164,,0.00354049099601021,,,,,,,,0.000116818230832824,0.371356169799792,0,,0.0157524891269185,0,0.0231120376693864,0,0,0.000629021242945976,,0,0.00167139930268502,,,0,0.198510118255994
0,0,2021,2021-09-26,124,Steinfurt I – Borken I,05,Nordrhein-Westfalen,erststimme,202388,156894,155718,1176,0.775213945490839,cdu,,,,0.0544702603424139,,,,0,,,,0,,,0,0,0,0,,0.400223480907795,,0,,0,,,0,0.0156500854108067,,0,0,,,0,,0,0.0932133728920228,,,0.00945940739028243,,0,0,0,0.120365018816065,,,0,0,,0,0,0.0237544792509537,0,0,,,,0,,,,0,0,,,,0,,0,,,,,,,,0,0.282863894989661,0,,0,0,0,0,0,0,,0,0,,,0,0.400223480907795
0,0,2021,2021-09-26,124,Steinfurt I – Borken I,05,Nordrhein-Westfalen,zweitstimme,202388,156894,155919,975,0.775213945490839,cdu,,,,0.0537779231524061,,,,0,,,,0,,,0,0,0,0.0003848151925038,,0.337514991758541,,0,,0,,,0.00060929072146435,0.00868399617750242,,0.0067342658688165,9.620379812595e-05,,,0.00033350650016996,,0,0.114052809471585,,,0.00600953058960101,,0,0.00087866135621701,0,0.131638863769008,,,0,0,,0.0008337662504249,0.00104541460630199,0.0286623182549914,0.00014751249045979,0,,,,0.00012185814429287,,,,0.0008337662504249,0.00053874126950532,,,,0.00033992008671169,,0.00334147858824133,,,,,,,,9.620379812595e-05,0.287251714031003,0,,0.00277066938602736,0,0.0096845156780123,0,0,0.00046177823100456,,0,0.00315548457853116,,,0,0.337514991758541
0,0,2021,2021-09-26,125,Bottrop – Recklinghausen III,05,Nordrhein-Westfalen,erststimme,199344,148734,147356,1378,0.74611726462798,spd,,,,0.0955169792882543,,,,0,,,,0,,,0,0,0,0,,0.270324927386737,,0,,0,,,0,0.0222793778332745,,0.00931757105241728,0.00348815114416787,,,0,,0,0.0770379217676919,,,0,,0,0,0,0.102771519313771,,,0,0,,0,0,0.0263782947419854,0.00153370069763023,0,,,,0.000732918917451614,,,,0,0,,,,0,,0,,,,,,,,0,0.390618637856619,0,,0,0,0,0,0,0,,0,0,,,0,0.270324927386737
0,0,2021,2021-09-26,125,Bottrop – Recklinghausen III,05,Nordrhein-Westfalen,zweitstimme,199344,148734,147623,1111,0.74611726462798,spd,,,,0.0941519952852875,,,,0,,,,0,,,0,0,0,0.000209994377569891,,0.249378484382515,,0,,0,,,0.000575791035272281,0.011901939399687,,0.00709916476429825,0.00159866687440304,,,0.000514824925655216,,0,0.0992189563956836,,,0.00447762205076445,,0,0.00135480243593478,0,0.111324116160761,,,0,0,,0.00102964985131043,0.00157157082568434,0.0303746706136578,0.000548694986553586,0,,,,0.000528372950014564,,,,0.00101610182695108,0.00135480243593478,,,,0.000338700608983695,,0.00356313040650847,,,,,,,,0.000115158207054456,0.349789666921821,0,,0.00844041917587368,0,0.017178894887653,0,0,0.000602887083990977,,0,0.00174092113017619,,,0,0.249378484382515
0,0,2021,2021-09-26,126,Borken II,05,Nordrhein-Westfalen,erststimme,201103,162159,160899,1260,0.80634799083057,cdu,,,,0.049155060006588,,,,0,,,,0,,,0,0,0,0,,0.437131368125346,,0,,0,,,0,0.0173711458741198,,0,0,,,0,,0,0.0833069192474782,,,0.0102548803908042,,0,0,0,0.124475602707288,,,0,0,,0,0,0.0244128304091387,0,0,,,,0,,,,0,0,,,,0,,0,,,,,,,,0,0.253892193239237,0,,0,0,0,0,0,0,,0,0,,,0,0.437131368125346
0,0,2021,2021-09-26,126,Borken II,05,Nordrhein-Westfalen,zweitstimme,201103,162159,161276,883,0.80634799083057,cdu,,,,0.0478930529030978,,,,0,,,,0,,,0,0,0,0.000421637441404797,,0.366464942086857,,0,,0,,,0.000483642947493738,0.00820952900617575,,0.00755847119224187,0.00016741486644014,,,0.000427837992013691,,0,0.118312706168308,,,0.00654778144299214,,0,0.00101068974924973,0,0.134787569136139,,,0,0,,0.00086807708524517,0.00109129690716536,0.0242689550832114,0.000192217068875716,0,,,,0.00013641211339567,,,,0.000465041295667055,0.000719263870631712,,,,0.000279024777400233,,0.00301346759592252,,,,,,,,5.58049554800466e-05,0.262301892408046,0,,0.00245541804112205,0,0.0094062352736923,0,0,0.00053324735236489,,0,0.00192837123936606,,,0,0.366464942086857
0,0,2021,2021-09-26,127,Coesfeld – Steinfurt II,05,Nordrhein-Westfalen,erststimme,194695,161064,159946,1118,0.827263155191453,cdu,,,,0.0452715291410851,,,,0,,,,0,,,0,0,0,0,,0.408900503920073,,0,,0,,,0,0,,0.00987833393770397,0,,,0,,0,0.0775824340714991,,,0.0116164205419329,,0,0,0,0.169238367949183,,,0,0,,0,0,0.026521450989709,0,0,,,,0,,,,0,0,,,,0,,0,,,,,,,,0,0.250990959448814,0,,0,0,0,0,0,0,,0,0,,,0,0.408900503920073
0,0,2021,2021-09-26,127,Coesfeld – Steinfurt II,05,Nordrhein-Westfalen,zweitstimme,194695,161064,160182,882,0.827263155191453,cdu,,,,0.0458166335793036,,,,0,,,,0,,,0,0,0,0.000318387833839008,,0.344795295351538,,0,,0,,,0.000518160592326229,0.00841542745127418,,0.00739159206402717,0.000112372176649062,,,0.000280930441622654,,0,0.111916445043763,,,0.0062304129053202,,0,0.00111747886778789,0,0.15923137431172,,,0,0,,0.000942677704111573,0.000948920602814299,0.0255521843902561,0.000187286961081769,0,,,,4.99431896218052e-05,,,,0.000755390743029804,0.000630532768975291,,,,0.000262201745514477,,0.00362088124758088,,,,,,,,3.12144935136283e-05,0.266240900975141,0,,0.00163563946011412,0,0.00995742343084741,0,0,0.000493188997515326,,0,0.00254710267071207,,,0,0.344795295351538
0,0,2021,2021-09-26,128,Steinfurt III,05,Nordrhein-Westfalen,erststimme,195513,155635,154343,1292,0.796034023313028,cdu,,,,0.0569186811193251,,,,0,,,,0,,,0,0,0,0,,0.339795131622425,,0,,0,,,0,0.0133598543503755,,0.00829969613134383,0,,,0,,0,0.0738225899457701,,,0.00638836876307963,,0,0,0,0.155355280122843,,,0,0,,0,0,0.029875018627343,0,0,,,,0,,,,0,0,,,,0,,0,,,,,,,,0,0.311436216738045,0,,0,0,0,0,0,0,,0,0,,,0.00474916257944967,0.339795131622425
0,0,2021,2021-09-26,128,Steinfurt III,05,Nordrhein-Westfalen,zweitstimme,195513,155635,154532,1103,0.796034023313028,cdu,,,,0.0598775658116118,,,,0,,,,0,,,0,0,0,0.000446509460823648,,0.275205135505915,,0,,0,,,0.000608288250977144,0.00935728522247819,,0.00803069914321953,0.000116480728910517,,,0.000220019154608754,,0,0.104269665829731,,,0.00526104625579168,,0,0.000828307405585898,0,0.155281753940931,,,0,0,,0.000724768979887661,0.00107421116661921,0.0305632490357984,0.000174721093365775,0,,,,0.000187663396578055,,,,0.00075065358631222,0.000627701705795563,,,,0.000252374912639453,,0.0031190950741594,,,,,,,,9.70672740920974e-05,0.327149069448399,0,,0.00297672973882432,0,0.0097326120156343,0,0,0.000472394067248208,,0,0.00259493179406207,,,0,0.275205135505915
0,0,2021,2021-09-26,129,Münster,05,Nordrhein-Westfalen,erststimme,233953,196276,195295,981,0.838954832808299,gruene,,,,0.0268004813231266,,,,0,,,,0,,,0,0,0,0,,0.261634962492639,,0,,0,,,0,0.0116900074246653,,0.00810056581069664,0.000916562123966307,,,0,,0,0.0667605417445403,,,0.0049463631941422,,0,0,0,0.323408177372693,,,0,0,,0,0,0.0362426073376175,0,0,,,,0,,,,0,0.00459305153741775,,,,0,,0,,,,,,,,0,0.240902224839346,0,,0,0,0,0,0,0,,0,0.0128267492767352,,,0.00117770552241481,0.261634962492639
0,0,2021,2021-09-26,129,Münster,05,Nordrhein-Westfalen,zweitstimme,233953,196276,195456,820,0.838954832808299,gruene,,,,0.028666298297315,,,,0,,,,0,,,0,0,0,0.000214882121807466,,0.22404019318926,,0,,0,,,0.00104882940406025,0.00861574983628029,,0.00720878356254093,0.000383718074656189,,,0.000475810412573674,,0,0.106346185330714,,,0.00353532252783235,,0,0.000593483955468238,0,0.307158644400786,,,0,0,,0.000404183038637852,0.000706041257367387,0.0498628847413229,0.000127906024885396,0,,,,6.13948919449902e-05,,,,0.000230230844793713,0.00215905370006549,,,,0.000266044531761624,,0.00245067943680419,,,,,,,,0.000112557301899149,0.234548952193844,0,,0.00395997053045187,0,0.00678413555992142,0,0,0.000767436149312377,,0,0.00927062868369352,,,0,0.22404019318926
0,0,2021,2021-09-26,130,Warendorf,05,Nordrhein-Westfalen,erststimme,208754,165808,164365,1443,0.794274600726214,cdu,,,,0.0621239314939312,,,,0,,,,0,,,0,0,0,0,,0.362796215739361,,0,,0,,,0,0.0168649043287805,,0.0107869680284732,0,,,0,,0,0.0776807714537767,,,0,,0,0,0,0.129255011711739,,,0,0,,0,0,0.0247862987862379,0,0,,,,0,,,,0,0.00302375809935205,,,,0,,0,,,,,,,,0,0.308368569951024,0,,0,0,0,0,0,0,,0,0,,,0.00431357040732516,0.362796215739361
0,0,2021,2021-09-26,130,Warendorf,05,Nordrhein-Westfalen,zweitstimme,208754,165808,164622,1186,0.794274600726214,cdu,,,,0.0639829427415534,,,,0,,,,0,,,0,0,0,0.000686421012987329,,0.314186439236554,,0,,0,,,0.000656048401793199,0.00943373303689665,,0.00922112475853774,0.000188310189403603,,,0.000376620378807207,,0,0.11051378309096,,,0.00615956555016948,,0,0.00108733948074984,0,0.141591038864793,,,0,0,,0.000801836935525021,0.00125742610343696,0.0274872131306873,0.000200459233881255,0,,,,7.89687891047369e-05,,,,0.000777538846569717,0.00121490444776518,,,,0.0003280242008966,,0.00324986939777187,,,,,,,,7.89687891047369e-05,0.289438835635577,0,,0.00385732162165446,0,0.01050284895093,0,0,0.000510259868061377,,0,0.0021321573058279,,,0,0.314186439236554
0,0,2021,2021-09-26,131,Gütersloh I,05,Nordrhein-Westfalen,erststimme,234177,179726,178122,1604,0.767479299845843,cdu,,,,0.0719282289666633,,,,0,,,,0,,,0,0,0,0,,0.399641818528874,,0,,0,,,0,0.0176788942410258,,0.0116044059689426,0,,,0,,0,0.0758300490674931,,,0.0116942320432063,,0,0,0,0.128288476437498,,,0,0,,0,0,0.0240509313841075,0,0,,,,0,,,,0,0,,,,0,,0,,,,,,,,0,0.257565039691897,0,,0,0,0,0,0,0,,0,0,,,0.00171792367029339,0.399641818528874
0,0,2021,2021-09-26,131,Gütersloh I,05,Nordrhein-Westfalen,zweitstimme,234177,179726,178348,1378,0.767479299845843,cdu,,,,0.0745676991051203,,,,0,,,,0,,,0,0,0,0.00152510821539911,,0.293925359409693,,0,,0,,,0.000543880503285711,0.0103785856864108,,0.0112701011505596,0.000185031511427098,,,0.000437347208827685,,0,0.118930405723641,,,0.0080797093323166,,0,0.00122793639401619,0,0.158723394711463,,,0,0,,0.000880301433153161,0.00147464507591899,0.029005091170072,0.000185031511427098,0,,,,0.000117747325453608,,,,0.000756947092201763,0.000824231278175253,,,,0.000280350774889542,,0.00343710050014578,,,,,,,,4.48561239823267e-05,0.26560993114585,0,,0.00420526162334313,0,0.0106309013838114,0,0,0.000633592751250364,,0,0.00211945185816494,,,0,0.293925359409693
0,0,2021,2021-09-26,132,Bielefeld – Gütersloh II,05,Nordrhein-Westfalen,erststimme,243059,185345,183864,1481,0.762551479270465,spd,,,,0.0668646390810599,,,,0,,,,0,,,0,0,0,0,,0.222599312535352,,0,,0,,,0,0.0215702910847148,,0.014440020885002,0,,,0,,0,0.0967726145411826,,,0,,0,0,0,0.217633685767741,,,0,0,,0,0,0.0538713396858548,0,0,,,,0.000832136796762825,,,,0,0,,,,0,,0,,,,,,,,0,0.300406822433973,0,,0,0,0,0,0,0,,0,0.00500913718835661,,,0,0.222599312535352
0,0,2021,2021-09-26,132,Bielefeld – Gütersloh II,05,Nordrhein-Westfalen,zweitstimme,243059,185345,184163,1182,0.762551479270465,spd,,,,0.0675922959552136,,,,0,,,,0,,,0,0,0,0.00182447071344407,,0.202836617561617,,0,,0,,,0.000847075688384746,0.0126192557679881,,0.0123477571499161,0.000347518231132204,,,0.000570147097951272,,0,0.112172369042642,,,0.00378469073592415,,0,0.00118916394715551,0,0.218073120007819,,,0,0,,0.00100997485922797,0.00101540483158941,0.0622383432068331,0.000173759115566102,0,,,,0.00047783756780678,,,,0.000651596683372882,0.00106970455520381,,,,0.000418107871830932,,0.00370867112286398,,,,,,,,0.000135749309036017,0.271547487823287,0,,0.00863908602705212,0,0.010164908260617,0,0,0.00063530676628856,,0,0.00390958010023729,,,0,0.202836617561617
0,0,2021,2021-09-26,133,Herford – Minden-Lübbecke II,05,Nordrhein-Westfalen,erststimme,226894,170464,168818,1646,0.75129355558102,spd,,,,0.09391771019678,,,,0,,,,0,,,0,0,0,0,,0.267376701536566,,0,,0,,,0,0.0203769740193581,,0.0129547797035861,0,,,0,,0,0.0830539397457617,,,0.0116516011325807,,0,0,0,0.107156819770404,,,0,0,,0,0,0.0315843097300051,0,0,,,,0,,,,0,0,,,,0,,0,,,,,,,,0,0.36461751708941,0,,0,0,0,0,0,0,,0,0,,,0.00730964707554882,0.267376701536566
0,0,2021,2021-09-26,133,Herford – Minden-Lübbecke II,05,Nordrhein-Westfalen,zweitstimme,226894,170464,169056,1408,0.75129355558102,spd,,,,0.0954949839106568,,,,0,,,,0,,,0,0,0,0.00296351504826803,,0.235241576755631,,0,,0,,,0.000692078364565588,0.011848144993375,,0.0131672345258376,0.000195201590005679,,,0.000473215975771342,,0,0.117617830777967,,,0.00799734999053568,,0,0.000881364754874125,0,0.134464319515427,,,0,0,,0.00109431194397123,0.00125402233579406,0.035715975771342,0.000218862388794246,0,,,,0.000218862388794246,,,,0.000851788756388416,0.000425894378194208,,,,0.000313505583948514,,0.0033420878288851,,,,,,,,8.87279954571266e-05,0.315629140639788,0,,0.00449555176982775,0,0.0129010505394662,0,0,0.000615180768502745,,0,0.0017982207079311,,,0,0.235241576755631
0,0,2021,2021-09-26,134,Minden-Lübbecke I,05,Nordrhein-Westfalen,erststimme,201888,152935,151516,1419,0.757523973688382,spd,,,,0.0887365030755828,,,,0,,,,0,,,0,0,0,0.00781435623960506,,0.261879933472373,,0,,0,,,0,0.0174767021304681,,0.0130283270413686,0,,,0,,0,0.0824599382243459,,,0.0138467224583542,,0,0,0,0.104847012856728,,,0,0,,0,0,0.0260038543784155,0,0,,,,0,,,,0,0,,,,0,,0,,,,,,,,0,0.383906650122759,0,,0,0,0,0,0,0,,0,0,,,0,0.261879933472373
0,0,2021,2021-09-26,134,Minden-Lübbecke I,05,Nordrhein-Westfalen,zweitstimme,201888,152935,151572,1363,0.757523973688382,spd,,,,0.0916528118649883,,,,0,,,,0,,,0,0,0,0.00692740083920513,,0.236283746338374,,0,,0,,,0.000870873248357216,0.0114994853930805,,0.0135249254479719,0.000158340590610403,,,0.000613569788615312,,0,0.115364315308896,,,0.00909138891088064,,0,0.00112817670809912,0,0.130380281318449,,,0,0,,0.00108199403583775,0.00123373710183939,0.0320441770247803,0.000197925738263004,0,,,,0.000151743066001636,,,,0.000870873248357216,0.000672947510094213,,,,0.000296888607394506,,0.0035758583379516,,,,,,,,8.57678199139683e-05,0.32559443696725,0,,0.00259942469585412,0,0.0121262502309134,0,0,0.000481619296439976,,0,0.00149104056158129,,,0,0.236283746338374
0,0,2021,2021-09-26,135,Lippe I,05,Nordrhein-Westfalen,erststimme,224415,172402,170505,1897,0.768228505224695,spd,,,,0.0951350400281517,,,,0,,,,0,,,0,0,0,0,,0.261869153397261,,0,,0,,,0,0.0180053370868889,,0.0172194363801648,0,,,0,,0,0.097639365414504,,,0.0127327644350606,,0,0,0,0.157954312190258,,,0,0,,0,0,0.0309844286091317,0.00137825870209085,0,,,,0,,,,0,0,,,,0,,0,,,,,,,,0,0.307081903756488,0,,0,0,0,0,0,0,,0,0,,,0,0.261869153397261
0,0,2021,2021-09-26,135,Lippe I,05,Nordrhein-Westfalen,zweitstimme,224415,172402,170871,1531,0.768228505224695,spd,,,,0.0982554090512726,,,,0,,,,0,,,0,0,0,0.00728034599200567,,0.228248210638435,,0,,0,,,0.000795922069865571,0.0104230676943425,,0.0149762101234264,0.000134604467697854,,,0.000526713134469863,,0,0.118340736579057,,,0.0078889922807264,,0,0.00111194995054749,0,0.136219721310228,,,0,0,,0.00101245969181429,0.00135189704513932,0.0375370893832189,0.000497451293665982,0,,,,0.000146309204019406,,,,0.000994902587331964,0.000901264696759544,,,,0.000345289721485799,,0.00372795851841448,,,,,,,,8.19331542508676e-05,0.310936320382043,0,,0.00304323144360365,0,0.0129688478442802,0,0,0.000561827343434521,,0,0.00169133439846434,,,0,0.228248210638435
0,0,2021,2021-09-26,136,Höxter – Gütersloh III – Lippe II,05,Nordrhein-Westfalen,erststimme,172435,134346,132930,1416,0.77911096935077,cdu,,,,0.0845858722635974,,,,0,,,,0,,,0,0,0,0,,0.400917776273227,,0,,0,,,0,0.0182727751448131,,0.0130294139772813,0,,,0,,0,0.07118032046942,,,0.0115022944406831,,0,0,0,0.0954261641465433,,,0,0,,0,0,0.0251636199503498,0,0,,,,0,,,,0,0,,,,0,,0,,,,,,,,0,0.279921763334086,0,,0,0,0,0,0,0,,0,0,,,0,0.400917776273227
0,0,2021,2021-09-26,136,Höxter – Gütersloh III – Lippe II,05,Nordrhein-Westfalen,zweitstimme,172435,134346,133088,1258,0.77911096935077,cdu,,,,0.0866569487857658,,,,0,,,,0,,,0,0,0,0.00225414763164222,,0.325085657610002,,0,,0,,,0.000683758114931474,0.0102713993748497,,0.0122926184178889,6.01106035104592e-05,,,0.000360663621062756,,0,0.116374128396249,,,0.00769415724933878,,0,0.00129237797547487,0,0.110580968982929,,,0,0,,0.000946742005289733,0.00142762683337341,0.0282670113007935,0.000255470064919452,0,,,,7.51382543880741e-05,,,,0.000909172878095696,0.00139757153161818,,,,0.000300553017552296,,0.00425282519836499,,,,,,,,4.50829526328444e-05,0.272398713633085,0,,0.00251713152200048,0,0.0116689709064679,0,0,0.000556023082471748,,0,0.00137503005530176,,,0,0.325085657610002
0,0,2021,2021-09-26,137,Paderborn,05,Nordrhein-Westfalen,erststimme,231534,178377,176837,1540,0.770413848506051,cdu,,,,0.0743735756657261,,,,0,,,,0,,,0,0,0,0,,0.478796858123583,,0,,0,,,0,0.0195603861182897,,0.0129950180109366,0,,,0,,0,0.0556727381713103,,,0.00816005700164558,,0,0,0,0.129644814150885,,,0,0,,0,0,0.0312830459688866,0,0,,,,0,,,,0,0,,,,0,,0,,,,,,,,0,0.189513506788738,0,,0,0,0,0,0,0,,0,0,,,0,0.478796858123583
0,0,2021,2021-09-26,137,Paderborn,05,Nordrhein-Westfalen,zweitstimme,231534,178377,176982,1395,0.770413848506051,cdu,,,,0.0811381948446735,,,,0,,,,0,,,0,0,0,0.00175159055723181,,0.330084415364274,,0,,0,,,0.000836243233775186,0.0108768123311975,,0.0124023912036252,0.000146907595122668,,,0.000446373077488106,,0,0.123611440711485,,,0.00642438214055667,,0,0.0010792057949396,0,0.152450531692489,,,0,0,,0.000904046739216417,0.00124306426642257,0.0330994112395611,0.000209060808443797,0,,,,0.000158208179362873,,,,0.000762789436213852,0.00075713914409375,,,,0.000350318111446362,,0.00339017527206157,,,,,,,,0.000124306426642257,0.220864268682691,0,,0.00295510277881367,0,0.0105264942197512,0,0,0.000610231548971082,,0,0.00279689459945079,,,0,0.330084415364274
0,0,2021,2021-09-26,138,Hagen – Ennepe-Ruhr-Kreis I,05,Nordrhein-Westfalen,erststimme,201594,144751,143100,1651,0.718032282706827,spd,,,,0.100761705101328,,,,0,,,,0,,,0,0,0,0,,0.263577917540182,,0,,0,,,0,0.0197763801537386,,0.00977638015373864,0,,,0,,0,0.0945562543675751,,,0.0148287910552062,,0,0,0,0.125464709993012,,,0,0,,0,0,0.0318099231306779,0,0,,,,0.00129280223619846,,,,0,0,,,,0,,0,,,,,,,,0,0.332501747030049,0,,0,0,0,0,0,0,,0,0,,,0.0056533892382949,0.263577917540182
0,0,2021,2021-09-26,138,Hagen – Ennepe-Ruhr-Kreis I,05,Nordrhein-Westfalen,zweitstimme,201594,144751,143609,1142,0.718032282706827,spd,,,,0.0958157218558726,,,,0,,,,0,,,0,0,0,0.00117680646756123,,0.23821626778266,,0,,0,,,0.000765968706696656,0.0110786928395853,,0.0083560222548726,0.000313350834557723,,,0.000396911057106449,,0,0.11266007005132,,,0.00717921578731138,,0,0.00135089026453774,0,0.120027296339366,,,0,0,,0.0011280630044078,0.00163638769157922,0.0338210000765969,0.000222827260129936,0,,,,0.000529214742808598,,,,0.00112109965252874,0.00068937183602699,,,,0.000389947705227388,,0.00399000062670167,,,,,,,,6.26701669115445e-05,0.330062879067468,0,,0.0100829335208796,0,0.0166563376947127,0,0,0.000633665020994506,,0,0.00163638769157922,,,0,0.23821626778266
0,0,2021,2021-09-26,139,Ennepe-Ruhr-Kreis II,05,Nordrhein-Westfalen,erststimme,175283,136706,135454,1252,0.779915907418289,spd,,,,0.0718398866035702,,,,0,,,,0,,,0,0,0,0,,0.246260723197543,,0,,0,,,0,0.0188846398039187,,0.0129195151121414,0,,,0,,0,0.0851211481388516,,,0.0108228623739424,,0,0,0,0.160452995112732,,,0,0,,0,0,0.0274262849380602,0,0,,,,0.00137315989191903,,,,0,0,,,,0,,0.0105866198118919,,,,,,,,0,0.35431216501543,0,,0,0,0,0,0,0,,0,0,,,0,0.246260723197543
0,0,2021,2021-09-26,139,Ennepe-Ruhr-Kreis II,05,Nordrhein-Westfalen,zweitstimme,175283,136706,135700,1006,0.779915907418289,spd,,,,0.0711422254974208,,,,0,,,,0,,,0,0,0,0.000766396462785556,,0.220007369196758,,0,,0,,,0.000707442888725129,0.0119602063375092,,0.0109432571849668,0.000353721444362564,,,0.000478997789240973,,0,0.106352247605011,,,0.00621223286661754,,0,0.00137067059690494,0,0.16168754605748,,,0,0,,0.00103168754605748,0.00132645541635962,0.0370596904937362,0.000147383935151069,0,,,,0.00077376565954311,,,,0.000950626381724392,0.00105379513633014,,,,0.000272660280029477,,0.00592483419307296,,,,,,,,8.10611643330877e-05,0.33650700073692,0,,0.00486366985998526,0,0.0153647752394989,0,0,0.000611643330876934,,0,0.00204863669859985,,,0,0.220007369196758
0,0,2021,2021-09-26,140,Bochum I,05,Nordrhein-Westfalen,erststimme,202393,154691,152067,2624,0.764310030485244,spd,,,,0,,,,0,,,,0,,,0,0,0,0,,0.216759717755989,,0,,0,,,0.00320911177310002,0.0309074289622338,,0.0252914833593087,0,,,0,,0,0.0898090973057929,,,0,,0,0,0,0.186023266060355,,,0,0,,0,0,0.0615583920245681,0,0,,,,0.00348530581914551,,,,0,0,,,,0,,0,,,,,,,,0,0.382956196939507,0,,0,0,0,0,0,0,,0,0,,,0,0.216759717755989
0,0,2021,2021-09-26,140,Bochum I,05,Nordrhein-Westfalen,zweitstimme,202393,154691,153588,1103,0.764310030485244,spd,,,,0.0666197880042712,,,,0,,,,0,,,0,0,0,0.000585983279943746,,0.194097195093367,,0,,0,,,0.00123056488788187,0.0124619110868037,,0.00795635075656952,0.000384144594629789,,,0.000533895877282079,,0,0.0949488241268849,,,0.00414094851160247,,0,0.00126963043987812,0,0.200503945620752,,,0,0,,0.000820376591921244,0.00115243378388937,0.0535523608615256,0.000299502565304581,0,,,,0.000651092533270828,,,,0.0013347396932052,0.000878974919915618,,,,0.000253926087975623,,0.0034573013516681,,,,,,,,7.81311039924994e-05,0.326601036539313,0,,0.0084837357085189,0,0.0135362137667005,0,0,0.000787821965257702,,0,0.0033791702476756,,,0,0.194097195093367
0,0,2021,2021-09-26,141,Herne – Bochum II,05,Nordrhein-Westfalen,erststimme,173939,123045,121510,1535,0.707403170076866,spd,,,,0.0976298247057855,,,,0,,,,0,,,0,0,0,0,,0.197736811785038,,0,,0,,,0,0.0209859270841906,,0.0102954489342441,0,,,0,,0,0.0695827503909143,,,0.0117109702905111,,0,0,0,0.117373055715579,,,0,0,,0,0,0.0384083614517324,0,0,,,,0.00181055057196939,,,,0,0,,,,0,,0,,,,,,,,0,0.434466299070035,0,,0,0,0,0,0,0,,0,0,,,0,0.197736811785038
0,0,2021,2021-09-26,141,Herne – Bochum II,05,Nordrhein-Westfalen,zweitstimme,173939,123045,121841,1204,0.707403170076866,spd,,,,0.0975205390632053,,,,0,,,,0,,,0,0,0,0.000558104414770069,,0.190116627407851,,0,,0,,,0.000894608547204964,0.0120402820068778,,0.00760827636017433,0.000279052207385035,,,0.000549896996905803,,0,0.0871873999720948,,,0.00671366781296936,,0,0.00138705361906091,0,0.126254709006,,,0,0,,0.000869986293612167,0.00185487643732405,0.0412751044393923,0.000377541221756223,0,,,,0.00101771981516895,,,,0.00137884620119664,0.000623763757684195,,,,0.00040216347534902,,0.00477671719700265,,,,,,,,9.0281596506923e-05,0.382285109281769,0,,0.0114493479206507,0,0.0193448839060743,0,0,0.00090281596506923,,0,0.00224062507694454,,,0,0.190116627407851
0,0,2021,2021-09-26,142,Dortmund I,05,Nordrhein-Westfalen,erststimme,206727,155814,154716,1098,0.753718672452075,spd,,,,0.0683639701129812,,,,0,,,,0,,,0,0,0,0,,0.194233304894129,,0,,0,,,0,0.086358230564389,,0.0079241965924662,0.000730370485276248,,,0,,0,0.0673233537578531,,,0.00604333100648931,,0,0,0,0.170040590501306,,,0,0,,0,0,0.0381860958142661,0,0,,,,0.000975981798908969,,,,0,0,,,,0,,0,,,,,,,,0,0.32987538457561,0,,0,0,0.0200173220610667,0,0,0,,0,0.00426588071046304,,,0.0056619871247964,0.194233304894129
0,0,2021,2021-09-26,142,Dortmund I,05,Nordrhein-Westfalen,zweitstimme,206727,155814,154874,940,0.753718672452075,spd,,,,0.0693854359027338,,,,0,,,,0,,,0,0,0,0.00036804111729535,,0.179481384867699,,0,,0,,,0.000929788085798778,0.022282629750636,,0.00778697521856477,0.000477807766313261,,,0.000490721489727133,,0,0.0939473378359182,,,0.00489430117385746,,0,0.00116223510724847,0,0.205760812014928,,,0,0,,0.000697341064349084,0.00112349393700686,0.0488526156746775,0.000258274468277438,0,,,,0.000542376383382621,,,,0.00164004287356173,0.000716711649469892,,,,0.000245360744863567,,0.00439066596071645,,,,,,,,0.000232447021449695,0.32359853816651,0,,0.00933016516652246,0,0.0171817090021566,0,0,0.000626315585572788,,0,0.00359647197076333,,,0,0.179481384867699
0,0,2021,2021-09-26,143,Dortmund II,05,Nordrhein-Westfalen,erststimme,199317,143855,142557,1298,0.721739741216254,spd,,,,0.0828861437880988,,,,0,,,,0,,,0,0,0,0,,0.202704882959097,,0,,0,,,0,0.0241727870255407,,0,0.000778635914055431,,,0,,0,0.0720413588950385,,,0.00924542463716268,,0,0,0,0.147505909916735,,,0,0,,0,0,0.04084681916707,0,0,,,,0.000975048577060404,,,,0,0,,,,0,,0,,,,,,,,0,0.390685830930786,0,,0,0,0.0251758945544589,0,0,0,,0,0.00298126363489692,,,0,0.202704882959097
0,0,2021,2021-09-26,143,Dortmund II,05,Nordrhein-Westfalen,zweitstimme,199317,143855,142790,1065,0.721739741216254,spd,,,,0.079067161565936,,,,0,,,,0,,,0,0,0,0.000455213950556762,,0.193641011275299,,0,,0,,,0.000595279781497304,0.0169899852930878,,0.00755655157924224,0.000476223825197843,,,0.000546256740668114,,0,0.0954478604944324,,,0.00587576160795574,,0,0.00133762868548218,0,0.152069472652147,,,0,0,,0.00102948385741298,0.00117655297990055,0.0445479375306394,0.000175082288675678,0,,,,0.000420197492821626,,,,0.00135863856012326,0.000553260032215141,,,,0.000259121787240003,,0.00438406050843897,,,,,,,,0.000147069122487569,0.357728132222144,0,,0.0106169899852931,0,0.0206106870229008,0,0,0.000455213950556762,,0,0.00247916520764759,,,0,0.193641011275299
0,0,2021,2021-09-26,144,Unna I,05,Nordrhein-Westfalen,erststimme,194493,148083,146761,1322,0.761379586926008,spd,,,,0.079966748659385,,,,0,,,,0,,,0,0,0,0,,0.250815952466936,,0,,0,,,0,0,,0.00988682279352144,0,,,0,,0,0.0622576842621677,,,0.0134027432356007,,0,0,0,0.138592677891265,,,0,0,,0,0,0.0322360845183666,0,0,,,,0.00126055287167572,,,,0,0,,,,0,,0,,,,,,,,0,0.407935350672181,0,,0,0,0,0,0,0,,0,0,,,0.00364538262890005,0.250815952466936
0,0,2021,2021-09-26,144,Unna I,05,Nordrhein-Westfalen,zweitstimme,194493,148083,146936,1147,0.761379586926008,spd,,,,0.0777753579789841,,,,0,,,,0,,,0,0,0,0.000605705885555616,,0.21774786301519,,0,,0,,,0.000728208199488213,0.0118418903468177,,0.00783334240757881,0.000163336418576795,,,0.000517231992159852,,0,0.104031687265204,,,0.00740458430881472,,0,0.00131349703272173,0,0.136263407197692,,,0,0,,0.00119099471878913,0.00143599934665433,0.0350764958893668,0.000129307998039963,0,,,,0.000435563782871454,,,,0.000980018511460772,0.000490009255730386,,,,0.000306255784831491,,0.0036342353133337,,,,,,,,7.48625251810312e-05,0.364036042903033,0,,0.00560107802036261,0,0.0174361626830729,0,0,0.00069417977895138,,0,0.0022526814395383,,,0,0.21774786301519
0,0,2021,2021-09-26,145,Hamm – Unna II,05,Nordrhein-Westfalen,erststimme,231226,168760,167052,1708,0.729848719434666,spd,,,,0.0931566218901899,,,,0,,,,0,,,0,0,0,0,,0.264983358475205,,0,,0,,,0,0,,0.00921270023705194,0,,,0,,0,0.072181117256902,,,0.0156238775950004,,0,0,0,0.101513301247516,,,0,0,,0,0,0.0376230155879606,0,0,,,,0,,,,0,0,,,,0,,0,,,,,,,,0,0.405706007710174,0,,0,0,0,0,0,0,,0,0,,,0,0.264983358475205
0,0,2021,2021-09-26,145,Hamm – Unna II,05,Nordrhein-Westfalen,zweitstimme,231226,168760,167428,1332,0.729848719434666,spd,,,,0.0925591896218076,,,,0,,,,0,,,0,0,0,0.00065699882934754,,0.241560551401199,,0,,0,,,0.000674916979238837,0.00940105597630026,,0.00695224215782307,0.000185154215543398,,,0.000483790047065007,,0,0.100126621592565,,,0.00741811405499677,,0,0.0015767971904341,0,0.114371550756146,,,0,0,,0.000949661944238717,0.00159471534032539,0.0340086484936809,0.000226963231956423,0,,,,0.00013737248249994,,,,0.00142150655804286,0.000591298946412787,,,,0.000346417564565067,,0.0038225386434766,,,,,,,,7.16725995651862e-05,0.353746087870607,0,,0.00839763958238765,0,0.0160068805695583,0,0,0.000489762763695439,,0,0.00222185058652077,,,0,0.241560551401199
0,0,2021,2021-09-26,146,Soest,05,Nordrhein-Westfalen,erststimme,231811,179003,177449,1554,0.772193726786045,cdu,,,,0.078850824744011,,,,0,,,,0,,,0,0,0,0,,0.331312095306257,,0,,0,,,0,0,,0.0141280029755028,0,,,0,,0,0.100457032724896,,,0.0113666461913,,0,0,0,0.124847139178017,,,0,0,,0,0,0.0312653213035858,0,0,,,,0,,,,0,0,,,,0,,0,,,,,,,,0,0.30777293757643,0,,0,0,0,0,0,0,,0,0,,,0,0.331312095306257
0,0,2021,2021-09-26,146,Soest,05,Nordrhein-Westfalen,zweitstimme,231811,179003,177829,1174,0.772193726786045,cdu,,,,0.0798857329232015,,,,0,,,,0,,,0,0,0,0.000894117382429188,,0.290711863644288,,0,,0,,,0.000680428951408375,0.00969470671262842,,0.011460447958432,0.000174324772674873,,,0.000500480798969797,,0,0.118119091936636,,,0.00661309460211777,,0,0.00138335142187157,0,0.135461595127904,,,0,0,,0.000972844699121066,0.0014114683206901,0.0310410562956548,0.00019119491196599,0,,,,6.7480557164467e-05,,,,0.000877247243138071,0.000663558812117259,,,,0.000410506722750508,,0.00374517092262792,,,,,,,,7.31039369281726e-05,0.287135394114571,0,,0.00278357298303426,0,0.0127088382659746,0,0,0.000500480798969797,,0,0.00183884518273173,,,0,0.290711863644288
0,0,2021,2021-09-26,147,Hochsauerlandkreis,05,Nordrhein-Westfalen,erststimme,200496,156518,155417,1101,0.780653978134227,cdu,,,,0.0647805581114035,,,,0,,,,0,,,0,0,0,0,,0.404138543402588,,0,,0,,,0,0.0187173861289306,,0.00888577182676284,0,,,0,,0,0.0695290733960892,,,0.0143098888795949,,0,0,0,0.0802872272660005,,,0,0,,0,0,0.017276102356885,0,0,,,,0,,,,0,0,,,,0,,0,,,,,,,,0,0.322075448631746,0,,0,0,0,0,0,0,,0,0,,,0,0.404138543402588
0,0,2021,2021-09-26,147,Hochsauerlandkreis,05,Nordrhein-Westfalen,zweitstimme,200496,156518,155494,1024,0.780653978134227,cdu,,,,0.0741636333234723,,,,0,,,,0,,,0,0,0,0.000443747025608705,,0.334527377262145,,0,,0,,,0.000514489305053571,0.0127529036490154,,0.00865628255752634,7.07422794448661e-05,,,0.000334418048284821,,0,0.12033904845203,,,0.0101804571237475,,0,0.0011640320526837,0,0.0995086627136738,,,0,0,,0.000823182888085714,0.00119618763424955,0.0256537229732337,0.00018007125676875,0,,,,9.0035628384375e-05,,,,0.000784596190206696,0.000636680515003794,,,,0.000237951303587277,,0.00297117573668437,,,,,,,,5.14489305053571e-05,0.287085032219893,0,,0.00244382419900446,0,0.0124956589964886,0,0,0.000559507119245759,,0,0.00213513061597232,,,0,0.334527377262145
0,0,2021,2021-09-26,148,Siegen-Wittgenstein,05,Nordrhein-Westfalen,erststimme,207672,162162,160826,1336,0.780856350398706,cdu,,,,0.0896869909094301,,,,0,,,,0,,,0,0,0,0,,0.336027756706005,,0,,0,,,0,0.0210475918072948,,0.0137726487010807,0,,,0,,0,0.0844763906333553,,,0.0116150373695795,,0,0,0,0.103366371109149,,,0,0,,0,0,0.0304677104448286,0,0,,,,0,,,,0,0,,,,0,,0,,,,,,,,0,0.304036660738935,0,,0,0,0,0,0,0,,0,0.0051981644758932,,,0.000304677104448286,0.336027756706005
0,0,2021,2021-09-26,148,Siegen-Wittgenstein,05,Nordrhein-Westfalen,zweitstimme,207672,162162,160998,1164,0.780856350398706,cdu,,,,0.091361383371222,,,,0,,,,0,,,0,0,0,0.00290065715102051,,0.261872818295879,,0,,0,,,0.000968956136101069,0.0126895986285544,,0.0130871190946471,0.000291929092286861,,,0.000422365495223543,,0,0.115510751686356,,,0.00832308475881688,,0,0.00113044882545125,0,0.110821252437919,,,0,0,,0.000832308475881688,0.00122982894197443,0.0355656592007354,0.00022360526217717,0,,,,0.00014907017478478,,,,0.00103106870892806,0.0022236301072063,,,,0.000316774121417657,,0.00301245978210909,,,,,,,,4.34788009788942e-05,0.312593945266401,0,,0.00550317395247146,0,0.0130374290363855,0,0,0.000639759500118014,,0,0.00421744369495273,,,0,0.261872818295879
0,0,2021,2021-09-26,149,Olpe – Märkischer Kreis I,05,Nordrhein-Westfalen,erststimme,203350,154830,153384,1446,0.761396606835505,cdu,,,,0.0854326396495071,,,,0,,,,0,,,0,0,0,0,,0.370827465706984,,0,,0,,,0,0,,0.0131760809471653,0.00144082824805716,,,0,,0,0.103948260574767,,,0.0147929379857091,,0,0,0,0.0889597350440724,,,0,0,,0,0,0.0256545663172169,0,0,,,,0,,,,0,0,,,,0,,0,,,,,,,,0,0.295767485526522,0,,0,0,0,0,0,0,,0,0,,,0,0.370827465706984
0,0,2021,2021-09-26,149,Olpe – Märkischer Kreis I,05,Nordrhein-Westfalen,zweitstimme,203350,154830,153671,1159,0.761396606835505,cdu,,,,0.085247053770718,,,,0,,,,0,,,0,0,0,0.00212141523124077,,0.327739131000644,,0,,0,,,0.000566144555576524,0.0078934867346474,,0.0109064169557041,0.000390444521087258,,,0.000449011199250347,,0,0.125117946782412,,,0.00814076826466933,,0,0.00123640765010965,0,0.0991924305822179,,,0,0,,0.000832948311652817,0.00137306323249019,0.0270057460418687,0.000175700034489266,0,,,,0.000169192625804478,,,,0.00117784097194656,0.00172446330146872,,,,0.000299340799500231,,0.00332528583792648,,,,,,,,7.80889042174516e-05,0.275666846704974,0,,0.00449661940118825,0,0.0123575690924117,0,0,0.000507577877413435,,0,0.00180905961437096,,,0,0.327739131000644
0,0,2021,2021-09-26,150,Märkischer Kreis II,05,Nordrhein-Westfalen,erststimme,195816,143689,142460,1229,0.733796012583242,cdu,,,,0.0907833777902569,,,,0,,,,0,,,0,0,0,0,,0.336494454583743,,0,,0,,,0,0,,0.0110557349431419,0,,,0,,0,0.089491787168328,,,0.0140671065562263,,0,0,0,0.0903130703355328,,,0,0,,0,0,0.0327670925171978,0,0,,,,0,,,,0,0,,,,0,,0,,,,,,,,0,0.304267864663765,0,,0,0,0.0307595114418082,0,0,0,,0,0,,,0,0.336494454583743
0,0,2021,2021-09-26,150,Märkischer Kreis II,05,Nordrhein-Westfalen,zweitstimme,195816,143689,142608,1081,0.733796012583242,cdu,,,,0.091733984068215,,,,0,,,,0,,,0,0,0,0.000736284079434534,,0.283069673510602,,0,,0,,,0.000778357455402222,0.00911589812633232,,0.0104902950746101,0.000224391338494334,,,0.00047683159430046,,0,0.120084427241108,,,0.00861101761472007,,0,0.00171799618534725,0,0.104341972399865,,,0,0,,0.00107988331650398,0.00155671491080444,0.0336867496914619,0.000196342421182542,0,,,,0.000364635925053293,,,,0.00129726242567037,0.000596039492875575,,,,0.000322562549085605,,0.00378660383709189,,,,,,,,9.11589812633232e-05,0.296126444519242,0,,0.00648631212835185,0,0.0209946146078761,0,0,0.000525917199596096,,0,0.00150762930550881,,,0,0.283069673510602
0,0,2021,2021-09-26,151,Nordsachsen,14,Sachsen,erststimme,161279,119206,117665,1541,0.739129086861898,afd,,,,0.277924616495984,,,,0,,,,0,,,0,0,0,0,,0.228470658224621,,0,,0,,,0,0.0175838184676837,,0.0145837759741639,0,,,0,,0,0.0871202141673395,,,0.0400033994815791,,0,0,0,0.0499978753240131,,,0,0,,0,0,0.0802787574894829,0,0,,,,0,,,,0,0.00353546084222156,,,,0,,0,,,,,,,,0,0.189155653762801,0,,0,0,0,0,0,0,,0,0,,,0.0113457697701101,0.228470658224621
0,0,2021,2021-09-26,151,Nordsachsen,14,Sachsen,zweitstimme,161279,119206,117757,1449,0.739129086861898,afd,,,,0.272306529548137,,,,0,,,,0,,,0,0,0,0.000747301646611242,,0.195317475818847,,0,,0,,,0.00116341279074705,0.0113199215333271,,0.0115746834583082,0.000755793710777279,,,0,,0,0.105946992535476,,,0.0284144466995593,,0,0.00507825437129003,0,0.0463836544748932,,,0.00227587319649787,0,,0,0,0.0753076250244147,0,0,,,,0.0006453968766188,,,,0.00401674635053542,0.00203809539984884,,,,0,,0.00343079392307888,,,,,,,,0,0.210025730954423,0,,0.00166444457654322,0,0.0196251602877111,0,0,0.000518015914128247,,0,0.00144365090822626,,,0,0.195317475818847
0,0,2021,2021-09-26,152,Leipzig I,14,Sachsen,erststimme,224100,167696,166127,1569,0.748308790718429,cdu,,,,0.159215539918255,,,,0,,,,0,,,0,0,0,0,,0.205306783364534,,0,,0,,,0.00539346403655035,0.0255346812980431,,0.0136943422803036,0,,,0,,0,0.0806431224304297,,,0.0198402427058816,,0,0,0,0.119053495217514,,,0,0,,0,0,0.153111775930463,0,0,,,,0.00170351598475865,,,,0,0.00299168708277402,,,,0,,0,,,,,,,,0,0.202182667477291,0,,0,0,0,0,0,0,,0,0,,,0.0113286822732006,0.205306783364534
0,0,2021,2021-09-26,152,Leipzig I,14,Sachsen,zweitstimme,224100,167696,166419,1277,0.748308790718429,cdu,,,,0.155577187700924,,,,0,,,,0,,,0,0,0,0.000961428683022972,,0.149940812046701,,0,,0,,,0.00256581279781756,0.0181529753213275,,0.0132436801086414,0.000895330461065143,,,0,,0,0.106117690888661,,,0.0158936179162235,,0,0.00416418798334325,0,0.155318803742361,,,0.00109963405620752,0,,0,0,0.125490478851573,0,0,,,,0.000919366178140717,,,,0.00182070556847475,0.00183873235628143,,,,0,,0.00500543808098835,,,,,,,,0,0.208798274235514,0,,0.00394185760039419,0,0.0228339312217956,0,0,0.00145416088307225,,0,0.00396589331746976,,,0,0.149940812046701
0,0,2021,2021-09-26,153,Leipzig II,14,Sachsen,erststimme,231178,180880,179459,1421,0.782427393610119,linke_pds,,,,0.115162794844505,,,,0,,,,0,,,0,0,0,0,,0.164594698510523,,0,,0,,,0.00319292986141681,0.0243732551724907,,0.0155244373366619,0,,,0,,0,0.0739500387275088,,,0.014437838169164,,0,0,0,0.183858151444062,,,0,0,,0,0,0.228118957533476,0,0,,,,0.00152123883449702,,,,0,0.00353841267364691,,,,0,,0.00514323605948991,,,,,,,,0,0.165670153071175,0,,0,0,0,0,0,0,,0,0,,,0.000913857761382823,0.164594698510523
0,0,2021,2021-09-26,153,Leipzig II,14,Sachsen,zweitstimme,231178,180880,179837,1043,0.782427393610119,linke_pds,,,,0.112396225470843,,,,0,,,,0,,,0,0,0,0.00106763346808499,,0.131013084070575,,0,,0,,,0.00223535757380294,0.018388874369568,,0.0142573552717183,0.000984224603390848,,,0,,0,0.0969711460934068,,,0.0121665730633852,,0,0.00243553884906888,0,0.212770453243771,,,0.000884133965757881,0,,0,0,0.147199964412218,0,0,,,,0.00109543642298303,,,,0.00121220883355483,0.00212970634519037,,,,0,,0.00489888065303581,,,,,,,,0,0.209267280926617,0,,0.00327518808698989,0,0.0194009019278569,0,0,0.00196288861580209,,0,0.00398694373237988,,,0,0.131013084070575
0,0,2021,2021-09-26,154,Leipzig-Land,14,Sachsen,erststimme,212853,162283,160241,2042,0.762418194716542,afd,,,,0.245555132581549,,,,0,,,,0,,,0,0,0,0,,0.243795283354447,,0,,0,,,0,0.0198887925062874,,0.019626687302251,0,,,0,,0,0.0979649403086601,,,0.037949089184416,,0,0,0,0.0502742743742238,,,0,0,,0,0,0.0790808844178456,0,0,,,,0,,,,0,0.00299548804613052,,,,0,,0,,,,,,,,0,0.199630556474311,0,,0,0,0,0,0,0,,0,0,,,0.00323887144987862,0.243795283354447
0,0,2021,2021-09-26,154,Leipzig-Land,14,Sachsen,zweitstimme,212853,162283,160447,1836,0.762418194716542,afd,,,,0.239692858077745,,,,0,,,,0,,,0,0,0,0.00115926131370484,,0.203874176519349,,0,,0,,,0.00109070284891584,0.0108634003752018,,0.0149769082625415,0.00071674758643041,,,0,,0,0.114193471987635,,,0.0247620709642436,,0,0.0055906311741572,0,0.0584679052895972,,,0.00204428876825369,0,,0,0,0.077047249247415,0,0,,,,0.000542235130603875,,,,0.00287322293342973,0.00173265938284917,,,,0,,0.0030913635032129,,,,,,,,0,0.212556171196719,0,,0.00232475521511776,0,0.0193147893073725,0,0,0.000722980174138501,,0,0.00236215074136631,,,0,0.203874176519349
0,0,2021,2021-09-26,155,Meißen,14,Sachsen,erststimme,197004,149341,147437,1904,0.758060750035532,afd,,,,0.309996812197752,,,,0,,,,0,,,0,0,0,0,,0.223308938733154,,0,,0,,,0,0.0213582750598561,,0.0187809030297686,0,,,0,,0,0.0931041733079214,,,0.0493159790283307,,0,0,0,0.0514796150220094,,,0,0,,0,0,0.0701587796821693,0.00165494414563508,0,,,,0,,,,0,0.00639595216940117,,,,0,,0,,,,,,,,0,0.154445627624002,0,,0,0,0,0,0,0,,0,0,,,0,0.223308938733154
0,0,2021,2021-09-26,155,Meißen,14,Sachsen,zweitstimme,197004,149341,147594,1747,0.758060750035532,afd,,,,0.297708578939523,,,,0,,,,0,,,0,0,0,0.00127376451617274,,0.175562692250362,,0,,0,,,0.00126698917300161,0.0118839519221649,,0.0158610783636191,0.000440397306123555,,,0,,0,0.116617206661517,,,0.0292152797539195,,0,0.00483081968101684,0,0.0601108446142797,,,0.00200550157865496,0,,0,0,0.0726655555103866,0,0,,,,0.000521701424177135,,,,0.0038348442348605,0.00274401398430831,,,,0,,0.00393647438242747,,,,,,,,0,0.176463812892123,0,,0.00217488515793325,0,0.0178462539127607,0,0,0.000731737062482215,,0,0.00230361667818475,,,0,0.175562692250362
0,0,2021,2021-09-26,156,Bautzen I,14,Sachsen,erststimme,206895,159233,157135,2098,0.769631938906209,afd,,,,0.334056702835142,,,,0,,,,0,,,0,0,0,0,,0.260470296242085,,0,,0,,,0,0.0216247175995163,,0.0168262958602476,0,,,0,,0,0.0804022019282783,,,0.0339898813122474,,0,0,0,0.0260285741559805,,,0,0,,0,0,0.0899481337703249,0.00297196678015719,0,,,,0,,,,0,0,,,,0,,0,,,,,,,,0,0.133681229516021,0,,0,0,0,0,0,0,,0,0,,,0,0.260470296242085
0,0,2021,2021-09-26,156,Bautzen I,14,Sachsen,zweitstimme,206895,159233,157088,2145,0.769631938906209,afd,,,,0.318611224281931,,,,0,,,,0,,,0,0,0,0.00162965980851497,,0.18596582807089,,0,,0,,,0.00108856182521899,0.0133937665512324,,0.0146160114076187,0.000611122428193115,,,0,,0,0.109410012222449,,,0.0264628743124873,,0,0.00609212670605011,0,0.0397675188429415,,,0.00173787940517417,0,,0,0,0.0781218170706865,0,0,,,,0.000439244245263801,,,,0.00382588103483398,0.00159783051537991,,,,0,,0.00345029537584029,,,,,,,,0,0.169802913016908,0,,0.00210073334691383,0,0.0187856488083113,0,0,0.000451975962517824,,0,0.00203707476064372,,,0,0.18596582807089
0,0,2021,2021-09-26,157,Görlitz,14,Sachsen,erststimme,204105,153057,150823,2234,0.74989343720144,afd,,,,0.357836669473489,,,,0,,,,0,,,0,0,0,0,,0.260563707126897,,0,,0,,,0,0,,0.0272836371110507,0,,,0,,0,0.0744050973657864,,,0.0304197635639127,,0,0,0,0.0409884434071727,,,0,0,,0,0,0.0784694642063876,0.00276483029776626,0,,,,0,,,,0,0,,,,0,,0,,,,,,,,0,0.125498100422349,0,,0,0,0,0,0,0,,0,0,,,0.00177028702518847,0.260563707126897
0,0,2021,2021-09-26,157,Görlitz,14,Sachsen,zweitstimme,204105,153057,150993,2064,0.74989343720144,afd,,,,0.325332962455213,,,,0,,,,0,,,0,0,0,0.00302000755001888,,0.182988615366275,,0,,0,,,0.00122522236130152,0.00945739206453279,,0.017106753293199,0.000609299768863457,,,0,,0,0.0996006437384515,,,0.0241401919294272,,0,0.00692085063545992,0,0.0487307358619274,,,0.00201996119025385,0,,0,0,0.0750167226295259,0,0,,,,0.000702019298907896,,,,0.00323193790440616,0.0011722397727047,,,,0,,0.00357632473028551,,,,,,,,0,0.16849125456147,0,,0.00219215460319353,0,0.0215837820296305,0,0,0.000642413886736471,,0,0.00223851436821575,,,0,0.182988615366275
0,0,2021,2021-09-26,158,Sächsische Schweiz-Osterzgebirge,14,Sachsen,erststimme,199703,154159,152039,2120,0.771941332879326,afd,,,,0.330198172837233,,,,0,,,,0,,,0,0,0,0,,0.191898131400496,,0,,0,,,0,0,,0.0207907181709956,0,,,0,,0,0.0849781963838226,,,0.0555778451581502,,0,0,0,0.0449226843112622,,,0,0,,0,0,0.100073007583581,0,0,,,,0,,,,0,0.00557751629516111,,,,0,,0,,,,,,,,0,0.115134932484428,0,,0,0,0,0,0,0,,0,0,,,0.0508487953748709,0.191898131400496
0,0,2021,2021-09-26,158,Sächsische Schweiz-Osterzgebirge,14,Sachsen,zweitstimme,199703,154159,152154,2005,0.771941332879326,afd,,,,0.319281780301537,,,,0,,,,0,,,0,0,0,0.00146562035832117,,0.17106352774163,,0,,0,,,0.00162335528477727,0.00838624025658215,,0.0193553899338828,0.000558644531198654,,,0,,0,0.117078749162033,,,0.0331177622671767,,0,0.00610565611157117,0,0.0527294714565506,,,0.0018599576744614,0,,0,0,0.0765868790830343,0,0,,,,0.000433771047754249,,,,0.00417340326248406,0.00260262628652549,,,,0,,0.00406167435624433,,,,,,,,0,0.154744535142027,0,,0.00245146364867174,0,0.0188230345570935,0,0,0.000538927665391643,,0,0.0029575298710517,,,0,0.17106352774163
0,0,2021,2021-09-26,159,Dresden I,14,Sachsen,erststimme,228643,181120,179543,1577,0.792151957418333,cdu,,,,0.188144344251795,,,,0,,,,0,,,0,0,0,0.00265674518082019,,0.210595790423464,,0,,0,,,0.00424967835003314,0.0205187615223094,,0.0140746227923116,0,,,0,,0,0.10352951660605,,,0,,0,0,0,0.0954478871356722,,,0,0,,0,0,0.188656756320213,0,0,,,,0.00126432108185783,,,,0,0.00648312660476877,,,,0,,0.0112006594520533,,,,,,,,0,0.146321494015361,0,,0,0,0,0,0,0,,0,0,,,0.00685629626329069,0.210595790423464
0,0,2021,2021-09-26,159,Dresden I,14,Sachsen,zweitstimme,228643,181120,179726,1394,0.792151957418333,cdu,,,,0.178727618708478,,,,0,,,,0,,,0,0,0,0.00199748506059224,,0.154179139356576,,0,,0,,,0.00275419249301715,0.0142884168122587,,0.0147168467556169,0.000589786675272359,,,0,,0,0.122347350967584,,,0.0165084628823876,,0,0.00453468056931106,0,0.152281806750275,,,0.000834603785762772,0,,0,0,0.105215717258493,0,0,,,,0.000723323280994403,,,,0.00169702769771764,0.00422865918119805,,,,0,,0.00730556513804347,,,,,,,,0,0.189872361261031,0,,0.00427873540834381,0,0.0167699720685933,0,0,0.000984832467200071,,0,0.00516341542125235,,,0,0.154179139356576
0,0,2021,2021-09-26,160,Dresden II – Bautzen II,14,Sachsen,erststimme,234432,189409,187760,1649,0.807948573573574,cdu,,,,0.186296335747763,,,,0,,,,0,,,0,0,0.00111844908393694,0,,0.186482743928419,,0,,0,,,0,0.0228589688964636,,0.0198444823178526,0,,,0,,0,0.110305709416276,,,0.0176235619940349,,0,0.00727524499360886,0,0.135955475074563,,,0,0,,0,0,0.118023008095441,0,0,,,,0.00158713250958671,,,,0,0.00561354921175969,,,,0,,0.0143481039625053,,,,,,,,0,0.152854708138049,0,,0,0,0,0,0,0,,0,0,,,0.0198125266297401,0.186482743928419
0,0,2021,2021-09-26,160,Dresden II – Bautzen II,14,Sachsen,zweitstimme,234432,189409,188005,1404,0.807948573573574,cdu,,,,0.191500226057818,,,,0,,,,0,,,0,0,0,0.00136166591314061,,0.138490997579852,,0,,0,,,0.00225525916863913,0.0172974123028643,,0.0194728863594053,0.000680832956570304,,,0,,0,0.121720167016835,,,0.0184250418871839,,0,0.00584558921305284,0,0.16629876864977,,,0.000999973404962634,0,,0,0,0.111236403287147,0,0,,,,0.000797851120980825,,,,0.00163293529427409,0.00340948379032473,,,,0,,0.0090901837717082,,,,,,,,0,0.162868008829552,0,,0.00322863753623574,0,0.0173984734448552,0,0,0.00120209568894444,,0,0.00478710672588495,,,0,0.138490997579852
0,0,2021,2021-09-26,161,Mittelsachsen,14,Sachsen,erststimme,193828,147733,145728,2005,0.762186061869286,afd,,,,0.334355786122091,,,,0,,,,0,,,0,0,0,0,,0.237689393939394,,0,,0,,,0,0,,0.023310551163812,0,,,0,,0,0.0989514712340799,,,0,,0,0,0,0.0370416117698726,,,0,0,,0,0,0.0834705753184014,0,0,,,,0,,,,0,0.00863938296003513,,,,0,,0,,,,,,,,0,0.176541227492314,0,,0,0,0,0,0,0,,0,0,,,0,0.237689393939394
0,0,2021,2021-09-26,161,Mittelsachsen,14,Sachsen,zweitstimme,193828,147733,145992,1741,0.762186061869286,afd,,,,0.300160282755219,,,,0,,,,0,,,0,0,0,0.00192476300071237,,0.175372623157433,,0,,0,,,0.00168502383692257,0.00935667707819606,,0.0167543427037098,0.000794564085703326,,,0,,0,0.11573921858732,,,0.0219601074031454,,0,0.00530166036495151,0,0.0467285878678284,,,0.00176037043125651,0,,0,0,0.0800523316346101,0,0,,,,0.000589073373883501,,,,0.00488382925091786,0.00376048002630281,,,,0,,0.00352074086251301,,,,,,,,0,0.184941640637843,0,,0.0020001095950463,0,0.0195901145268234,0,0,0.000821962847279303,,0,0.00230149597238205,,,0,0.175372623157433
0,0,2021,2021-09-26,162,Chemnitz,14,Sachsen,erststimme,188691,140700,139329,1371,0.745663545161136,spd,,,,0.21892068413611,,,,0,,,,0,,,0,0,0,0,,0.185180400347379,,0,,0,,,0,0.028687495065636,,0.0178857237186802,0,,,0,,0,0.10000789498238,,,0,,0,0,0,0.071298868146617,,,0,0,,0,0,0.109302442420458,0,0,,,,0,,,,0,0.00487335730537074,,,,0,,0,,,,,,,,0,0.250902540031149,0,,0,0,0,0,0,0.00446425367296112,,0,0,,,0.00847634017325898,0.185180400347379
0,0,2021,2021-09-26,162,Chemnitz,14,Sachsen,zweitstimme,188691,140700,139579,1121,0.745663545161136,spd,,,,0.215569677386999,,,,0,,,,0,,,0,0,0,0.00270814377520974,,0.148396248719363,,0,,0,,,0.00212066285042879,0.0163348354695191,,0.0150237499910445,0.000952865402388611,,,0,,0,0.113061420414246,,,0.0143073098388726,,0,0.0043631205267268,0,0.0908446112953954,,,0.0011749618495619,0,,0,0,0.107523338037957,0,0,,,,0.0006447961369547,,,,0.00180542918347316,0.00257202014629708,,,,0,,0.00315233666955631,,,,,,,,0,0.233674120032383,0,,0.00222812887325457,0,0.0187707319869035,0,0,0.00229260848695004,,0,0.00247888292651473,,,0,0.148396248719363
0,0,2021,2021-09-26,163,Chemnitzer Umland – Erzgebirgskreis II,14,Sachsen,erststimme,177211,137423,135759,1664,0.775476691627495,afd,,,,0.289218394360595,,,,0,,,,0,,,0,0,0,0,,0.236529438195626,,0,,0,,,0,0.0200649680684154,,0.0163009450570496,0,,,0,,0,0.0874490825654284,,,0.0489249331536031,,0,0,0,0.0413747891484174,,,0,0,,0,0,0.0834567137353693,0,0,,,,0,,,,0,0.00592962529187752,,,,0,,0,,,,,,,,0,0.170751110423618,0,,0,0,0,0,0,0,,0,0,,,0,0.236529438195626
0,0,2021,2021-09-26,163,Chemnitzer Umland – Erzgebirgskreis II,14,Sachsen,zweitstimme,177211,137423,135982,1441,0.775476691627495,afd,,,,0.273425894603698,,,,0,,,,0,,,0,0,0,0.00520657145798709,,0.181362239119884,,0,,0,,,0.00125751937756468,0.0122369137091674,,0.0133547087114471,0.000647144475004045,,,0,,0,0.111169125325411,,,0.0329234751658308,,0,0.00427262431792443,0,0.0451383271315321,,,0.0019561412539895,0,,0,0,0.0821138091806268,0,0,,,,0.000382403553411481,,,,0.00398582165286582,0.00280184142018797,,,,0,,0.002662117044903,,,,,,,,0,0.20236501889956,0,,0.0019561412539895,0,0.0185833419129002,0,0,0.00102219411392684,,0,0.00117662631818917,,,0,0.181362239119884
0,0,2021,2021-09-26,164,Erzgebirgskreis I,14,Sachsen,erststimme,210941,161756,159495,2261,0.766830535552595,afd,,,,0.317069500611304,,,,0,,,,0,,,0,0,0,0.0129721934856892,,0.254239944825857,,0,,0,,,0,0.0151854290103138,,0.0145020220069595,0,,,0,,0,0.0746982664033355,,,0.0514749678673313,,0,0,0,0.0250854258754193,,,0,0,,0,0,0.0801717922191918,0,0,,,,0,,,,0,0,,,,0,,0,,,,,,,,0,0.148280510360826,0,,0,0,0,0,0,0.0032602902912317,,0,0,,,0.00305965704254052,0.254239944825857
0,0,2021,2021-09-26,164,Erzgebirgskreis I,14,Sachsen,zweitstimme,210941,161756,159635,2121,0.766830535552595,afd,,,,0.305659786387697,,,,0,,,,0,,,0,0,0,0.0121527234002568,,0.19632286152786,,0,,0,,,0.000939643561875529,0.0103360791806308,,0.0122654806276819,0.000638957622075359,,,0,,0,0.101544147586682,,,0.0318163310051054,,0,0.00421586744761487,0,0.0325367244025433,,,0.00182290851003853,0,,0,0,0.0756600996022176,0,0,,,,0.000363328843925204,,,,0.00572556143702822,0.0016036583456009,,,,0,,0.0024869232937639,,,,,,,,0,0.180712249819902,0,,0.00202336580323864,0,0.0185798853634855,0,0,0.00103987220847558,,0,0.00155354402230087,,,0,0.19632286152786
0,0,2021,2021-09-26,165,Zwickau,14,Sachsen,erststimme,197831,147142,145288,1854,0.74377625346887,afd,,,,0.255595782170585,,,,0,,,,0,,,0,0,0,0,,0.211978965915974,,0,,0,,,0,0,,0.02735945157205,0,,,0,,0,0.0962983866527174,,,0.0420199878861296,,0,0,0,0.04121469082099,,,0,0,,0,0,0.155436099333737,0,0,,,,0,,,,0,0.00326248554595011,,,,0,,0,,,,,,,,0,0.165836132371565,0,,0,0,0,0,0,0,,0,0,,,0.000998017730301195,0.211978965915974
0,0,2021,2021-09-26,165,Zwickau,14,Sachsen,zweitstimme,197831,147142,145546,1596,0.74377625346887,afd,,,,0.251473760872851,,,,0,,,,0,,,0,0,0,0.00466519176068047,,0.185673257939071,,0,,0,,,0.00091380044796834,0.01018921852885,,0.0186882497629615,0.000659585285751584,,,0,,0,0.106021464004507,,,0.027510202959889,,0,0.00397812375468924,0,0.0490154315474146,,,0.00287194426504335,0,,0,0,0.0936404985365451,0,0,,,,0.000632102565511934,,,,0.00274827202396493,0.00212991081857282,,,,0,,0.00318112486773941,,,,,,,,0,0.211053550080387,0,,0.00167644593461861,0,0.0212510134253088,0,0,0.000714550726230882,,0,0.00131229989144326,,,0,0.185673257939071
0,0,2021,2021-09-26,166,Vogtlandkreis,14,Sachsen,erststimme,184973,137816,135751,2065,0.745060089850951,cdu,,,,0.268049590794911,,,,0,,,,0,,,0,0,0,0,,0.277250259666595,,0,,0,,,0,0,,0.017230075653218,0,,,0,,0,0.0848023218981812,,,0,,0,0,0,0.0469830793143329,,,0.00379371054356874,0,,0,0,0.0932221493764319,0.00491340763603951,0,,,,0,,,,0,0.00714543539274112,,,,0,,0,,,,,,,,0,0.194569469101517,0,,0,0,0,0,0,0,,0,0,,,0.00204050062246319,0.277250259666595
0,0,2021,2021-09-26,166,Vogtlandkreis,14,Sachsen,zweitstimme,184973,137816,136143,1673,0.745060089850951,cdu,,,,0.250560072864562,,,,0,,,,0,,,0,0,0,0.00572192474089744,,0.196719625687696,,0,,0,,,0.00115319920965455,0.0123105851935098,,0.0150430062507804,0.000646379174838222,,,0,,0,0.100688246916845,,,0.0158289445656405,,0,0.00478908206811955,0,0.0460030996819521,,,0.003371455014213,0,,0,0,0.0885686373886281,0,0,,,,0.000536200906399888,,,,0.00213745840770366,0.00267365931410355,,,,0,,0.00249737408460222,,,,,,,,0,0.223559051879274,0,,0.00182161403818044,0,0.0233651381268225,0,0,0.000602307867462888,,0,0.00140293661811478,,,0,0.196719625687696
0,0,2021,2021-09-26,167,Waldeck,06,Hessen,erststimme,184073,138130,135990,2140,0.750408805202284,spd,,,,0.0921832487682918,,,,0,,,,0,,,0,0,0,0,,0.262769321273623,,0,,0,,,0,0,,0.0119567615265828,0,,,0,,0,0.0886976983601735,,,0.0276711522906096,,0,0,0,0.099867637326274,,,0,0,,0,0,0.0309434517243915,0,0,,,,0,,,,0,0,,,,0,,0,,,,,,,,0,0.379535259945584,0,,0,0,0,0,0,0,,0,0,,,0.00637546878446945,0.262769321273623
0,0,2021,2021-09-26,167,Waldeck,06,Hessen,zweitstimme,184073,138130,136043,2087,0.750408805202284,spd,,,,0.0948156097704402,,,,0,,,,0,,,0.000301375300456473,0,0,0.000837970347610682,,0.223399954426174,,0,,0,,,0.000639503686334468,0.00708599486926928,,0.0112317429048169,0.000198466661276214,,,0,,0,0.112376233984843,,,0.0205155722822931,,0,0.00160243452437832,0,0.108605367420595,,,0,0,,0,0,0.0326440904713951,0.000227869129613431,0,,,,0.000294024683372169,,,,0.00116874811640437,0.000779165410936248,,,,0,,0.00332247892210551,,,,,,,,0,0.360650676624303,0,,0.00274913078952978,0,0.014304300846056,0,0,0.000610101217997251,,0,0.00163918760979984,,,0,0.223399954426174
0,0,2021,2021-09-26,168,Kassel,06,Hessen,erststimme,218474,162809,160596,2213,0.745209956333477,spd,,,,0.0706617848514284,,,,0,,,,0,,,0,0,0,0.00186181474009315,,0.204021270766395,,0,,0,,,0,0.0179082916137388,,0.0125283319634362,0,,,0,,0,0.0807367555854442,,,0.0159593016015343,,0,0,0,0.172756482104162,,,0,0,,0,0,0.0582642157961593,0,0,,,,0.00151934045679843,,,,0,0,,,,0,,0,,,,,,,,0,0.360650327529951,0,,0,0,0,0,0,0,,0,0,,,0.00313208299085905,0.204021270766395
0,0,2021,2021-09-26,168,Kassel,06,Hessen,zweitstimme,218474,162809,160829,1980,0.745209956333477,spd,,,,0.0754901168321634,,,,0,,,,0,,,0.000298453637092813,0,0,0.00134925915102376,,0.175235809462224,,0,,0,,,0.00111920113909805,0.0104023528095057,,0.0115277717327099,0.000553382785442924,,,0,,0,0.102270112977137,,,0.0113412382095269,,0,0.00133682358281156,0,0.188697312051931,,,0,0,,0,0,0.0653986532279626,0.000192751307289108,0,,,,0.000826965286111336,,,,0.000889143127172338,0.00108811221856755,,,,0,,0.00431514216963359,,,,,,,,0,0.322155830105267,0,,0.00720641177897021,0,0.0145869215129112,0,0,0.000969974320551642,,0,0.00274826057489632,,,0,0.175235809462224
0,0,2021,2021-09-26,169,Werra-Meißner – Hersfeld-Rotenburg,06,Hessen,erststimme,171886,130905,129040,1865,0.761580349766706,spd,,,,0.110074395536268,,,,0,,,,0,,,0.00133292002479851,0,0,0,,0.267568195908246,,0,,0,,,0,0,,0.0110818350898946,0,,,0,,0,0.0552929324240546,,,0.0244885306881587,,0,0,0,0.0622442653440794,,,0,0,,0,0,0.0301456912585245,0,0,,,,0,,,,0,0,,,,0,,0,,,,,,,,0,0.436942033477991,0,,0,0,0,0,0,0,,0,0,,,0.000829200247985121,0.267568195908246
0,0,2021,2021-09-26,169,Werra-Meißner – Hersfeld-Rotenburg,06,Hessen,zweitstimme,171886,130905,129026,1879,0.761580349766706,spd,,,,0.115472850433246,,,,0,,,,0,,,0.000697533830390774,0,0,0.00158107668221909,,0.215979725016663,,0,,0,,,0.000627780447351697,0.00765737138251205,,0.0104165052005022,0.00018600902143754,,,0,,0,0.0992590640646071,,,0.0211895276920931,,0,0.00162757893757847,0,0.0898656084820114,,,0,0,,0,0,0.0350627005409762,0.000170508269651078,0,,,,0.000271263156263079,,,,0.0015578255545394,0.000937795483080929,,,,0,,0.00265837893137817,,,,,,,,0,0.37650551051726,0,,0.0015345744268597,0,0.0137646675863779,0,0,0.000550276688419388,,0,0.00242586765458125,,,0,0.215979725016663
0,0,2021,2021-09-26,170,Schwalm-Eder,06,Hessen,erststimme,185944,141494,139254,2240,0.760949533192789,spd,,,,0.103264538182027,,,,0,,,,0,,,0,0,0,0.00188145403363638,,0.240158271934738,,0,,0,,,0,0.0145345914659543,,0.0104198084076579,0,,,0,,0,0.0878538497996467,,,0.029528774756919,,0,0,0,0.0887586712051359,,,0,0,,0,0,0.0270082008416275,0,0,,,,0,,,,0,0,,,,0,,0,,,,,,,,0,0.39346805118704,0,,0,0,0,0,0,0,,0,0,,,0.00312378818561765,0.240158271934738
0,0,2021,2021-09-26,170,Schwalm-Eder,06,Hessen,zweitstimme,185944,141494,139171,2323,0.760949533192789,spd,,,,0.108118789115548,,,,0,,,,0,,,0.00034489944025695,0,0,0.00167419936624728,,0.214937019925128,,0,,0,,,0.000661057260492488,0.00868715465147193,,0.010030825387473,0.000308972415230184,,,0,,0,0.110813315992556,,,0.0247177932184148,,0,0.00180353665634363,0,0.10123517112042,,,0,0,,0,0,0.0316948214786126,0.000244303770182006,0,,,,0.000107781075080297,,,,0.00175323882130616,0.000905361030674494,,,,0,,0.00362144412269798,,,,,,,,0,0.359988790768192,0,,0.00194005935144534,0,0.0143420683906848,0,0,0.000524534565390778,,0,0.00154486207615092,,,0,0.214937019925128
0,0,2021,2021-09-26,171,Marburg,06,Hessen,erststimme,181588,141581,140078,1503,0.77968257814393,spd,,,,0.0898856351461329,,,,0,,,,0,,,0,0,0,0,,0.2607690001285,,0,,0,,,0,0,,0.015320035979954,0,,,0,,0,0.0666343037450563,,,0.0155484801324976,,0,0,0,0.133561301560559,,,0,0,,0,0,0.0470309399049101,0,0,,,,0,,,,0,0,,,,0,,0,,,,,,,,0,0.368580362369537,0,,0,0,0,0,0,0,,0,0,,,0.00266994103285313,0.2607690001285
0,0,2021,2021-09-26,171,Marburg,06,Hessen,zweitstimme,181588,141581,140269,1312,0.77968257814393,spd,,,,0.08952797838439,,,,0,,,,0,,,0.000306553835843986,0,0,0.00196051871760688,,0.221303352843465,,0,,0,,,0.00094817814342442,0.00839814927033058,,0.0130321026028559,0.000434878697360072,,,0,,0,0.105433132053412,,,0.0125972239054959,,0,0.00126186113824152,0,0.159315315572222,,,0,0,,0,0,0.0576677669335349,0.00022813308713971,0,,,,0.000163970656381667,,,,0.00125473197926841,0.00207458526117674,,,,0,,0.00322950901482152,,,,,,,,0,0.300123334450235,0,,0.00354319200963862,0,0.013281623166915,0,0,0.000819853281908333,,0,0.00309405499433232,,,0,0.221303352843465
0,0,2021,2021-09-26,172,Lahn-Dill,06,Hessen,erststimme,206532,153384,151045,2339,0.742664574981117,spd,,,,0.104710516733424,,,,0,,,,0,,,0,0,0,0,,0.300844119302195,,0,,0,,,0,0.0160018537521931,,0.0135059088351154,0,,,0,,0,0.0798437551722997,,,0.0303154688999967,,0,0,0,0.0910589559402827,,,0,0,,0,0,0.0314873051077493,0,0,,,,0,,,,0,0,,,,0,,0,,,,,,,,0,0.330517395478169,0,,0,0,0,0,0,0,,0,0,,,0.00171472077857592,0.300844119302195
0,0,2021,2021-09-26,172,Lahn-Dill,06,Hessen,zweitstimme,206532,153384,151400,1984,0.742664574981117,spd,,,,0.115673712021136,,,,0,,,,0,,,0.000257595772787318,0,0,0.00346103038309115,,0.249174372523118,,0,,0,,,0.000785997357992074,0.0108058124174373,,0.0128533685601057,0.000488771466314399,,,0,,0,0.114445178335535,,,0.0201519154557464,,0,0.00157859973579921,0,0.112001321003963,,,0,0,,0,0,0.0336988110964333,0.000257595772787318,0,,,,0.000112285336856011,,,,0.00252311756935271,0.00157199471598415,,,,0,,0.00296565389696169,,,,,,,,0,0.294227212681638,0,,0.0047556142668428,0,0.0147952443857332,0,0,0.000779392338177015,,0,0.00263540290620872,,,0,0.249174372523118
0,0,2021,2021-09-26,173,Gießen,06,Hessen,erststimme,217514,161919,159775,2144,0.744407256544406,spd,,,,0.0907275856673447,,,,0,,,,0,,,0,0,0,0,,0.295934908465029,,0,,0,,,0,0.0187951807228916,,0.0122296980128305,0.00145830073540917,,,0,,0,0.0757878266312001,,,0.0287591926146143,,0,0,0,0.132993271788453,,,0,0,,0,0,0.0396745423251447,0,0,,,,0,,,,0,0,,,,0,,0,,,,,,,,0,0.303639493037083,0,,0,0,0,0,0,0,,0,0,,,0,0.295934908465029
0,0,2021,2021-09-26,173,Gießen,06,Hessen,zweitstimme,217514,161919,159702,2217,0.744407256544406,spd,,,,0.0928980225670311,,,,0,,,,0,,,0.000313083117305982,0,0,0.00157167724887603,,0.226678438591877,,0,,0,,,0.00132121075503125,0.0113837021452455,,0.0118470651588584,0.000732614494495999,,,0,,0,0.107111996092723,,,0.0231493656936043,,0,0.00135251906676184,0,0.163485742194838,,,0,0,,0,0,0.0502686253146485,0.000256728156190906,0,,,,0.000212896519768068,,,,0.00147149065133812,0.00157167724887603,,,,0,,0.0034752226020964,,,,,,,,0,0.275801179697186,0,,0.00395737060274762,0,0.0144080850584213,0,0,0.00110831423526318,,0,0.00562297278681544,,,0,0.226678438591877
0,0,2021,2021-09-26,174,Fulda,06,Hessen,erststimme,208542,163560,161665,1895,0.784302442673418,cdu,,,,0.151597439148857,,,,0,,,,0,,,0,0,0,0.00284539015866143,,0.380867843998392,,0,,0,,,0,0,,0.0162001670120311,0,,,0,,0,0.0859431540531346,,,0.0274765719234219,,0,0,0,0.0855658305755729,,,0,0,,0,0,0.0287508118640398,0,0,,,,0,,,,0,0,,,,0,,0,,,,,,,,0,0.217536263260446,0,,0,0,0,0,0,0,,0,0,,,0.00321652800544336,0.380867843998392
0,0,2021,2021-09-26,174,Fulda,06,Hessen,zweitstimme,208542,163560,161704,1856,0.784302442673418,cdu,,,,0.132606490872211,,,,0,,,,0,,,0.000439073863355266,0,0,0.00289417701479246,,0.31113639736803,,0,,0,,,0.000803938059664572,0.00820016820857864,,0.0152006134665809,0.000173155889773908,,,0,,0,0.126948003759956,,,0.0193934596546777,,0,0.00142853609063474,0,0.100949883738188,,,0,0,,0,0,0.0275008657794489,0.000315391084945332,0,,,,0.000123682778409934,,,,0.00147800920199871,0.00116880225597388,,,,0,,0.00273338940285955,,,,,,,,0,0.224750160787612,0,,0.00246747142927819,0,0.0124115668134369,0,0,0.000933804976995003,,0,0.00594295750259734,,,0,0.31113639736803
0,0,2021,2021-09-26,175,Main-Kinzig – Wetterau II – Schotten,06,Hessen,erststimme,178307,137070,134884,2186,0.768730335881373,spd,,,,0.130378695768216,,,,0,,,,0,,,0,0,0,0,,0.275184603066338,,0,,0,,,0,0,,0.0164141039708194,0,,,0,,0,0.111933216689897,,,0.0366166483793482,,0,0,0,0.0940882536105098,,,0,0,,0,0,0.0302333857240295,0,0,,,,0,,,,0,0,,,,0,,0,,,,,,,,0,0.305151092790843,0,,0,0,0,0,0,0,,0,0,,,0,0.275184603066338
0,0,2021,2021-09-26,175,Main-Kinzig – Wetterau II – Schotten,06,Hessen,zweitstimme,178307,137070,135037,2033,0.768730335881373,spd,,,,0.126476447195954,,,,0,,,,0,,,0.000444322667120863,0,0,0.00108118515666077,,0.24204477291409,,0,,0,,,0.000918266845383117,0.00929374912061139,,0.0138702725919563,0.000273998978057866,,,0,,0,0.126232069729037,,,0.0254374726926694,,0,0.00194761435754645,0,0.111147315180284,,,0,0,,0,0,0.031902367499278,0.000207350577989736,0,,,,0.000185134444633693,,,,0.00368047275931782,0.00101453675659264,,,,0,,0.00432474062664307,,,,,,,,0,0.273576871524101,0,,0.00263631449158379,0,0.0190984693084118,0,0,0.000859023823100335,,0,0.00334723075897717,,,0,0.24204477291409
0,0,2021,2021-09-26,176,Hochtaunus,06,Hessen,erststimme,179842,144012,142456,1556,0.800769564395414,cdu,,,,0.0751740888414668,,,,0,,,,0,,,0,0,0,0,,0.312721120907508,,0,,0,,,0,0,,0.0164752625372045,0,,,0,,0,0.113241983489639,,,0.0236494075363621,,0,0,0,0.152812096366597,,,0,0,,0,0,0.0264783512101982,0,0,,,,0,,,,0,0,,,,0,,0.00972230021901499,,,,,,,,0,0.269725388892009,0,,0,0,0,0,0,0,,0,0,,,0,0.312721120907508
0,0,2021,2021-09-26,176,Hochtaunus,06,Hessen,zweitstimme,179842,144012,142682,1330,0.800769564395414,cdu,,,,0.0781878583142933,,,,0,,,,0,,,0.000476584292342412,0,0,0.000791970956392537,,0.26163776790345,,0,,0,,,0.00103727169509819,0.00738004793877294,,0.0131761539647608,0.000224274961102311,,,0,,0,0.154161001387701,,,0.0157412988323685,,0,0.00140171850688945,0,0.15759521172958,,,0,0,,0,0,0.0311251594454802,0.00032940384911902,0,,,,8.41031104133668e-05,,,,0.00108633184283932,0.000890091251874799,,,,0,,0.00517934988295651,,,,,,,,0,0.246499208029044,0,,0.00373557982086038,0,0.0141994084747901,0,0,0.000897099844409246,,0,0.00416310396546166,,,0,0.26163776790345
0,0,2021,2021-09-26,177,Wetterau I,06,Hessen,erststimme,176897,138935,136925,2010,0.785400543819285,spd,,,,0.0826583896293591,,,,0,,,,0,,,0,0,0,0,,0.283417929523462,,0,,0,,,0,0,,0.017608179660398,0,,,0,,0,0.109549023187877,,,0.0309512506846814,,0,0,0,0.138732882965127,,,0,0,,0,0,0.028511959101698,0,0,,,,0,,,,0,0,,,,0,,0.0119262369910535,,,,,,,,0,0.296644148256345,0,,0,0,0,0,0,0,,0,0,,,0,0.283417929523462
0,0,2021,2021-09-26,177,Wetterau I,06,Hessen,zweitstimme,176897,138935,137257,1678,0.785400543819285,spd,,,,0.0850958421064135,,,,0,,,,0,,,0.000364280146003483,0,0,0.00083055873288794,,0.236191961065738,,0,,0,,,0.00101269880588968,0.00840030016684031,,0.0139519295919334,0.00021128248468202,,,0,,0,0.138739736406886,,,0.0204871154112359,,0,0.00167568867161602,0,0.159678559199167,,,0,0,,0,0,0.0357358823229416,0.000284138513882716,0,,,,0.000160283264241532,,,,0.00256453222786452,0.0010564124234101,,,,0,,0.0056171998513737,,,,,,,,0,0.261618715256781,0,,0.00464092906008437,0,0.0164290345847571,0,0,0.00118026767305128,,0,0.00407265203231894,,,0,0.236191961065738
0,0,2021,2021-09-26,178,Rheingau-Taunus – Limburg,06,Hessen,erststimme,220466,172247,169980,2267,0.781286003283953,cdu,,,,0.079697611483704,,,,0,,,,0,,,0,0,0,0.00195317096128956,,0.301906106600777,,0,,0,,,0,0,,0.0157136133662784,0,,,0,,0,0.106636074832333,,,0.035904224026356,,0,0,0,0.143652194375809,,,0,0,,0,0,0.0268443346276033,0,0,,,,0,,,,0,0,,,,0,,0,,,,,,,,0,0.284980585951288,0,,0,0,0,0,0,0,,0,0,,,0.00271208377456171,0.301906106600777
0,0,2021,2021-09-26,178,Rheingau-Taunus – Limburg,06,Hessen,zweitstimme,220466,172247,170482,1765,0.781286003283953,cdu,,,,0.0851878790722774,,,,0,,,,0,,,0.000316748982297251,0,0,0.00129045881676658,,0.2605143064957,,0,,0,,,0.0010910242723572,0.00795978461069204,,0.013995612440023,0.000211165988198168,,,0,,0,0.139281566382375,,,0.020330592085968,,0,0.00143710186412642,0,0.1485670041412,,,0,0,,0,0,0.0316455696202532,0.000322614704191645,0,,,,0.000140777325465445,,,,0.00114381576940674,0.000932649781208573,,,,0,,0.00387724217219413,,,,,,,,0,0.256378972560153,0,,0.00320268415433887,0,0.0162597810912589,0,0,0.00104409849720205,,0,0.00486854917234664,,,0,0.2605143064957
0,0,2021,2021-09-26,179,Wiesbaden,06,Hessen,erststimme,186735,136214,134607,1607,0.729450826036897,cdu,,,,0.0682876819184738,,,,0,,,,0,,,0,0,0.000913771200606209,0,,0.262802083101176,,0,,0,,,0.00350650411939944,0.0115818642418299,,0.0172873624700053,0,,,0,,0,0.103969332947024,,,0.0119013127103345,,0,0,0,0.19175080047843,,,0,0,,0,0,0.049417935174248,0.000765190517580809,0,,,,0,,,,0,0,,,,0,,0.00551234334024234,,,,,,,,0,0.258158936756632,0,,0,0,0,0,0,0,,0,0.0141448810240181,,,0,0.262802083101176
0,0,2021,2021-09-26,179,Wiesbaden,06,Hessen,zweitstimme,186735,136214,134866,1348,0.729450826036897,cdu,,,,0.0710927883973722,,,,0,,,,0,,,0.000252102086515504,0,0,0.000830453932051073,,0.211491406284757,,0,,0,,,0.00186852134711491,0.00777809084572835,,0.0141696202156214,0.00025951685376596,,,0,,0,0.14048759509439,,,0.0104622365903934,,0,0.00112704462206931,0,0.198849228122729,,,0,0,,0,0,0.0528524609612504,0.000600596147286937,0,,,,0.000252102086515504,,,,0.000771135794047425,0.00103065264781339,,,,0,,0.0038927528064894,,,,,,,,0,0.248735782183797,0,,0.0101359868313734,0,0.0122417807305029,0,0,0.00100099357881156,,0,0.00981715183960375,,,0,0.211491406284757
0,0,2021,2021-09-26,180,Hanau,06,Hessen,erststimme,176271,131412,129376,2036,0.745511173136818,spd,,,,0.103295819935691,,,,0,,,,0,,,0,0,0,0,,0.27840557754143,,0,,0,,,0,0,,0.0154433588919119,0,,,0,,0,0.10130163245115,,,0.0255688844917141,,0,0,0,0.123631894632699,,,0,0,,0,0,0.0344886223101657,0,0,,,,0,,,,0,0,,,,0,,0,,,,,,,,0,0.311425612169181,0,,0,0,0,0,0,0,,0,0,,,0.00643859757605738,0.27840557754143
0,0,2021,2021-09-26,180,Hanau,06,Hessen,zweitstimme,176271,131412,129652,1760,0.745511173136818,spd,,,,0.102250640175238,,,,0,,,,0,,,0.000377934779255237,0,0,0.000655601147687656,,0.225395674575016,,0,,0,,,0.00136519297812606,0.00914756424891247,,0.0119473667972727,0.00040878659796995,,,0,,0,0.132338876376762,,,0.0168142411995187,,0,0.00195909048838429,0,0.140823126523309,,,0,0,,0,0,0.0381636997501003,0.000269953413753741,0,,,,0.000246814549717706,,,,0.00182025730416808,0.00115694320180175,,,,0,,0.00428068984666646,,,,,,,,0,0.275653287261284,0,,0.010404775861537,0,0.0193132385154105,0,0,0.00107981365501496,,0,0.0041264307530929,,,0,0.225395674575016
0,0,2021,2021-09-26,181,Main-Taunus,06,Hessen,erststimme,195514,157718,155936,1782,0.806683920333071,cdu,,,,0.0678996511389288,,,,0,,,,0,,,0,0,0,0,,0.333373948286476,,0,,0,,,0,0.0176418530679253,,0,0,,,0,,0,0.130149548532731,,,0.0267994561871537,,0,0,0,0.169127077775498,,,0,0,,0,0,0.0273958547096245,0,0,,,,0,,,,0,0,,,,0,,0,,,,,,,,0,0.227612610301662,0,,0,0,0,0,0,0,,0,0,,,0,0.333373948286476
0,0,2021,2021-09-26,181,Main-Taunus,06,Hessen,zweitstimme,195514,157718,156281,1437,0.806683920333071,cdu,,,,0.0667195628387328,,,,0,,,,0,,,0.000358328907544743,0,0,0.000595081935743948,,0.270410350586444,,0,,0,,,0.000985404495748044,0.00801760930631363,,0.0119720247502895,0.000121575879345538,,,0,,0,0.168510567503407,,,0.0158112630454118,,0,0.00133733467280092,0,0.171300413997863,,,0,0,,0,0,0.0301252231557259,0.000217556836723594,0,,,,0.000198360645247983,,,,0.000742252737056968,0.00104299307017488,,,,0,,0.00326335255085391,,,,,,,,0,0.220551442593789,0,,0.00731374895220788,0,0.0130662076643994,0,0,0.000863828616402506,,0,0.00647551525777286,,,0,0.270410350586444
0,0,2021,2021-09-26,182,Frankfurt am Main I,06,Hessen,erststimme,201216,145010,143503,1507,0.720668336513995,spd,,,,0.0551138303728842,,,,0,,,,0,,,0,0,0,0,,0.217159223152129,,0,,0,,,0,0,,0.0142993526267744,0,,,0,,0,0.114067301728884,,,0.0145920294349247,,0,0,0,0.187605834024376,,,0,0,,0,0,0.0875382396186839,0,0,,,,0.000996494846797628,,,,0,0,,,,0,,0,,,,,,,,0,0.28991728395922,0,,0,0,0,0,0,0,,0,0.0187104102353261,,,0,0.217159223152129
0,0,2021,2021-09-26,182,Frankfurt am Main I,06,Hessen,zweitstimme,201216,145010,143763,1247,0.720668336513995,spd,,,,0.0545759340024902,,,,0,,,,0,,,0.000243456243957068,0,0,0.000925133727036859,,0.180261958918498,,0,,0,,,0.00146073746374241,0.00966173493875337,,0.0111085606171268,0.000674721590395303,,,0,,0,0.148584823633341,,,0.0082357769384334,,0,0.00124510479052329,0,0.235255246482057,,,0,0,,0,0,0.0722299896357199,0.000271279814695019,0,,,,0.000500824273283112,,,,0.000869486585560958,0.000820795336769544,,,,0,,0.00448655078149454,,,,,,,,0,0.226059556353165,0,,0.0173619081404812,0,0.0119363118465808,0,0,0.00116858997099393,,0,0.0120615179149016,,,0,0.180261958918498
0,0,2021,2021-09-26,183,Frankfurt am Main II,06,Hessen,erststimme,227207,175004,173252,1752,0.770240353510235,gruene,,,,0.0461177937339829,,,,0,,,,0,,,0,0,0,0,,0.225076766790571,,0,,0,,,0,0,,0.0147011289912959,0,,,0,,0,0.114088149054556,,,0.0143028651905894,,0,0,0,0.28992450303604,,,0,0,,0,0,0.0613499411262208,0,0,,,,0.00107358068016531,,,,0,0,,,,0,,0,,,,,,,,0,0.233365271396578,0,,0,0,0,0,0,0,,0,0,,,0,0.225076766790571
0,0,2021,2021-09-26,183,Frankfurt am Main II,06,Hessen,zweitstimme,227207,175004,173651,1353,0.770240353510235,gruene,,,,0.0471520463458316,,,,0,,,,0,,,0.000207312367910349,0,0,0.00077166270277741,,0.182319710223379,,0,,0,,,0.00109414860841573,0.00901232932721378,,0.0110739356525445,0.000501004889116677,,,0,,0,0.147019020909756,,,0.00870711945223466,,0,0.00109414860841573,0,0.255512493449505,,,0,0,,0,0,0.0685340136250295,0.000322485905638321,0,,,,0.000276416490547132,,,,0.000437659443366292,0.000737110641459018,,,,0,,0.00395045234406943,,,,,,,,0,0.223304213623878,0,,0.0113158000817732,0,0.0101007192587431,0,0,0.00115749405416611,,0,0.0153987019942298,,,0,0.182319710223379
0,0,2021,2021-09-26,184,Groß-Gerau,06,Hessen,erststimme,174082,129261,127336,1925,0.742529382704702,spd,,,,0.0854432367908525,,,,0,,,,0,,,0,0,0,0,,0.277486335364704,,0,,0,,,0,0.0190833699817805,,0.0144028397311051,0,,,0,,0,0.0842338380348055,,,0.0272507382044355,,0,0,0,0.116934723880128,,,0,0,,0,0,0.0396352955959038,0,0,,,,0.000997361311804988,,,,0,0,,,,0,,0,,,,,,,,0,0.334532261104479,0,,0,0,0,0,0,0,,0,0,,,0,0.277486335364704
0,0,2021,2021-09-26,184,Groß-Gerau,06,Hessen,zweitstimme,174082,129261,127584,1677,0.742529382704702,spd,,,,0.0881458490092802,,,,0,,,,0,,,0.000438926511161274,0,0,0.00123056182593429,,0.213984512164535,,0,,0,,,0.00137164534737898,0.0108712691246551,,0.0114591171306747,0.000721093554050665,,,0,,0,0.117561763230499,,,0.0194224981188864,,0,0.00167732631050915,0,0.148357160772511,,,0,0,,0,0,0.042278028592927,0.000305680963130173,0,,,,0.000634875846501129,,,,0.00116785803862553,0.0010738023576624,,,,0,,0.00427169551040883,,,,,,,,0,0.297631364434412,0,,0.0156602708803612,0,0.0169535364936042,0,0,0.00110515425131678,,0,0.00367600953097567,,,0,0.213984512164535
0,0,2021,2021-09-26,185,Offenbach,06,Hessen,erststimme,219511,158052,155721,2331,0.720018586767861,cdu,,,,0.0761040578984209,,,,0,,,,0,,,0,0,0,0,,0.278363226539773,,0,,0,,,0,0.0130297133976792,,0.0159323405321055,0,,,0,,0,0.0952215821886579,,,0.0239723608248085,,0,0,0,0.168435856435548,,,0,0,,0,0,0.0481437956345002,0,0,,,,0,,,,0,0,,,,0,,0.00742995485515762,,,,,,,,0,0.263516160312354,0,,0,0,0,0,0,0,,0,0.0098509513809955,,,0,0.278363226539773
0,0,2021,2021-09-26,185,Offenbach,06,Hessen,zweitstimme,219511,158052,155814,2238,0.720018586767861,cdu,,,,0.0776438574197441,,,,0,,,,0,,,0.000301641701002477,0,0,0.00061611921906889,,0.22946590165197,,0,,0,,,0.00104611909071072,0.00885671377411529,,0.0139782047826254,0.000410746146045927,,,0,,0,0.132369363471832,,,0.0149922343306763,,0,0.00144402941969271,0,0.173681440692107,,,0,0,,0,0,0.0499762537384317,0.000243880524214769,0,,,,0.000166865621831158,,,,0.000815074383559885,0.000821492292091853,,,,0,,0.0054488043436405,,,,,,,,0,0.249008433131811,0,,0.0155890998241493,0,0.0143889509286714,0,0,0.00117447726135007,,0,0.00756029625065784,,,0,0.22946590165197
0,0,2021,2021-09-26,186,Darmstadt,06,Hessen,erststimme,240763,188916,186454,2462,0.784655449549972,spd,,,,0.0601220676413485,,,,0,,,,0,,,0,0,0,0,,0.227139133512824,,0,,0,,,0,0.019736771536143,,0.0167816190588563,0,,,0,,0,0.0922050478938505,,,0.0173608503974171,,0,0,0,0.237935362073219,,,0,0,,0,0,0.0500498782541538,0,0,,,,0.00144271509326697,,,,0,0,,,,0,,0,,,,,,,,0,0.273772619520096,0,,0,0,0,0,0,0,,0,0,,,0.00345393501882502,0.227139133512824
0,0,2021,2021-09-26,186,Darmstadt,06,Hessen,zweitstimme,240763,188916,187028,1888,0.784655449549972,spd,,,,0.0651987937635007,,,,0,,,,0,,,0.000336847958594435,0,0,0.00187672434074042,,0.184314648074085,,0,,0,,,0.00156126355412024,0.0106080372992279,,0.0143240584297538,0.000459824197446372,,,0,,0,0.118998224864726,,,0.0114367902132301,,0,0.00120837521654512,0,0.224287272493958,,,0,0,,0,0,0.0575528797827063,0.00030476720063306,0,,,,0.000572106850311183,,,,0.000882220843937806,0.00161473148405586,,,,0,,0.00452338687255384,,,,,,,,0,0.263452531171803,0,,0.00775284984066557,0,0.014040678401095,0,0,0.000882220843937806,,0,0.0138107663023718,,,0,0.184314648074085
0,0,2021,2021-09-26,187,Odenwald,06,Hessen,erststimme,233901,179830,176810,3020,0.768829547543619,spd,,,,0.0846275663141225,,,,0,,,,0,,,0,0,0,0,,0.279209320739777,,0,,0,,,0,0,,0.0209207624003167,0,,,0,,0,0.0967705446524518,,,0.0282959108647701,,0,0,0,0.12233470957525,,,0,0,,0,0,0.0338838301001075,0,0,,,,0,,,,0,0,,,,0,,0,,,,,,,,0,0.323352751541202,0,,0,0,0,0,0,0,,0,0.00906057349697415,,,0.00154403031502743,0.279209320739777
0,0,2021,2021-09-26,187,Odenwald,06,Hessen,zweitstimme,233901,179830,177126,2704,0.768829547543619,spd,,,,0.0902351998012714,,,,0,,,,0,,,0.000366970405248241,0,0,0.001106556914287,,0.241957702426521,,0,,0,,,0.000875083274053499,0.00872260424782358,,0.0179025100775719,0.000739586509038763,,,0,,0,0.126649955398982,,,0.0187550105574563,,0,0.0016316068787191,0,0.139414879803078,,,0,0,,0,0,0.0357542088682633,0.000316159118367716,0,,,,0.000321804816909996,,,,0.00111784831137157,0.00114043110554069,,,,0,,0.00410442284023802,,,,,,,,0,0.279563700416653,0,,0.00477626096676942,0,0.0181396294163477,0,0,0.00105574562740648,,0,0.00535212221808204,,,0,0.241957702426521
0,0,2021,2021-09-26,188,Bergstraße,06,Hessen,erststimme,197782,153176,151250,1926,0.774468859653558,cdu,,,,0.0948826446280992,,,,0,,,,0,,,0,0,0,0,,0.30495867768595,,0,,0,,,0,0,,0.0181685950413223,0,,,0,,0,0.106942148760331,,,0.0283438016528926,,0,0,0,0.138545454545455,,,0,0,,0,0,0.0274314049586777,0,0,,,,0,,,,0,0,,,,0,,0,,,,,,,,0,0.271894214876033,0,,0,0,0,0,0.00628760330578512,0,,0,0,,,0.00254545454545455,0.30495867768595
0,0,2021,2021-09-26,188,Bergstraße,06,Hessen,zweitstimme,197782,153176,151443,1733,0.774468859653558,cdu,,,,0.0949334072885508,,,,0,,,,0,,,0.000415998098294408,0,0,0.00116215341745739,,0.244738944685459,,0,,0,,,0.00101028109585785,0.00806243933361067,,0.0162767509888209,0.000217903765773261,,,0,,0,0.134915446735736,,,0.0179803622485027,,0,0.00170361125968186,0,0.141683669763541,,,0,0,,0,0,0.0305659555080129,0.000310347787616463,0,,,,0.000118856599512688,,,,0.00156494522691706,0.000997074807023104,,,,0,,0.00407414010551825,,,,,,,,0,0.271547711019988,0,,0.00351947597445904,0,0.0200009244402184,0,0,0.000957455940518875,,0,0.00324214390892943,,,0,0.244738944685459
0,0,2021,2021-09-26,189,Eichsfeld – Nordhausen – Kyffhäuserkreis,16,Thüringen,erststimme,209203,154488,152490,1998,0.738459773521412,cdu,,,,0.227195225916454,,,,0,,,,0,,,0,0,0,0,,0.266240409207161,,0,,0,,,0,0.0201718145452161,,0.0139615712505738,0,,,0,,0,0.0678601875532822,,,0.0261066299429471,,0,0,0,0.0386976195160338,,,0,0,,0,0,0.108767788051676,0,0,,,,0.00240015738736966,,,,0,0.0055675782018493,,,,0,,0,,,,,,,,0,0.223031018427438,0,,0,0,0,0,0,0,,0,0,,,0,0.266240409207161
0,0,2021,2021-09-26,189,Eichsfeld – Nordhausen – Kyffhäuserkreis,16,Thüringen,zweitstimme,209203,154488,152678,1810,0.738459773521412,cdu,,,,0.224629612648843,,,,0,,,,0,,,0,0,0,0,,0.220477082487326,,0,,0,,,0.000766318657566906,0.0109249531694154,,0.012935720929014,0,,,0,,0,0.0896985813280237,,,0.0185095429596929,,0,0,0,0.0470008776641035,,,0,0,,0,0,0.0993332372705956,0,0.0023317046332805,,,,0.0016701816895689,,,,0.00410013230458874,0.00313077195142719,,,,0,,0.00316352061200697,,,,,,,,0,0.244187112747089,0,,0.00137544374435086,0,0.0134204011055948,0,0,0.000523978569276517,,0,0.0018208255282359,,,0,0.220477082487326
0,0,2021,2021-09-26,190,Eisenach – Wartburgkreis – Unstrut-Hainich-Kreis,16,Thüringen,erststimme,212267,156113,154008,2105,0.735455817437473,afd,,,,0.247818295153499,,,,0,,,,0,,,0,0,0,0,,0.229955586722768,,0,,0,,,0,0.0162459093034128,,0.019524959742351,0,,,0,,0,0.0575879175107787,,,0.0359007324294842,,0,0,0,0.0353682925562308,,,0,0,,0,0,0.111786400706457,0.000844111994182121,0,,,,0.00279855591917303,,,,0,0.00368162692847125,,,,0,,0,,,,,,,,0,0.238487611033193,0,,0,0,0,0,0,0,,0,0,,,0,0.229955586722768
0,0,2021,2021-09-26,190,Eisenach – Wartburgkreis – Unstrut-Hainich-Kreis,16,Thüringen,zweitstimme,212267,156113,154221,1892,0.735455817437473,afd,,,,0.244694302332367,,,,0,,,,0,,,0,0,0,0,,0.183172200932428,,0,,0,,,0.000836461960433404,0.0106924478508115,,0.0166190077875257,0,,,0,,0,0.0859675400885742,,,0.0251716692279262,,0,0,0,0.0484304990889697,,,0,0,,0,0,0.102917242139527,0,0.00246399647259452,,,,0.0019322919706136,,,,0.00404614157604995,0.00199064978180663,,,,0,,0.00361818429396775,,,,,,,,0,0.248753412310905,0,,0.00147191368231304,0,0.014433831968409,0,0,0.000590062313173952,,0,0.00219814422160406,,,0,0.183172200932428
0,0,2021,2021-09-26,191,Jena – Sömmerda – Weimarer Land I,16,Thüringen,erststimme,198697,154163,152251,1912,0.775869791692879,spd,,,,0.194271301994732,,,,0,,,,0,,,0,0,0,0,,0.185023415281345,,0,,0,,,0,0.0250638747857157,,0.0155269916125346,0,,,0,,0,0.0701867311216347,,,0.039526833978102,,0,0,0,0.0962620935166271,,,0,0,,0,0,0.169069497080479,0.00136616508265956,0,,,,0.0022397225633986,,,,0,0,,,,0,,0,,,,,,,,0,0.201463372982772,0,,0,0,0,0,0,0,,0,0,,,0,0.185023415281345
0,0,2021,2021-09-26,191,Jena – Sömmerda – Weimarer Land I,16,Thüringen,zweitstimme,198697,154163,152575,1588,0.775869791692879,spd,,,,0.198348353268884,,,,0,,,,0,,,0,0,0,0,,0.156441094543667,,0,,0,,,0.00155988857938719,0.0140455513681796,,0.0153957070293298,0,,,0,,0,0.0922169424873013,,,0.0243290185154842,,0,0,0,0.109513354088153,,,0,0,,0,0,0.127838767819105,0,0.00208422087497952,,,,0.00177617565131902,,,,0.00356545961002786,0.0014222513517942,,,,0,,0.00563001802392266,,,,,,,,0,0.224119285597247,0,,0.00224152056365722,0,0.0138161559888579,0,0,0.00091758151728658,,0,0.0047386531214157,,,0,0.156441094543667
0,0,2021,2021-09-26,192,Gotha – Ilm-Kreis,16,Thüringen,erststimme,190519,142566,140584,1982,0.748303318829093,afd,,,,0.264959028054402,,,,0,,,,0,,,0,0,0,0,,0.184359528822626,,0,,0,,,0,0.0197959938542082,,0.0173206054743072,0,,,0,,0,0.0675325783872987,,,0.0399903260684004,,0,0,0.00683577078472657,0.0462214761281511,,,0,0,,0,0,0.110816309110567,0,0,,,,0.00292351903488306,,,,0,0,,,,0,,0,,,,,,,,0,0.235339725715586,0,,0,0.00390513856484379,0,0,0,0,,0,0,,,0,0.184359528822626
0,0,2021,2021-09-26,192,Gotha – Ilm-Kreis,16,Thüringen,zweitstimme,190519,142566,140648,1918,0.748303318829093,afd,,,,0.259669529605824,,,,0,,,,0,,,0,0,0,0,,0.155139070587566,,0,,0,,,0.00123002104544679,0.0127339172970821,,0.0167154883112451,0,,,0,,0,0.0862152323531085,,,0.0270889027927877,,0,0,0,0.0575905807405722,,,0,0,,0,0,0.10987714009442,0,0.00287952903702861,,,,0.00167083783630055,,,,0.00310704738069507,0.00115181161481144,,,,0,,0.0053964507138388,,,,,,,,0,0.23773533928673,0,,0.00211165462715431,0,0.0154143677834025,0,0,0.000945623115863717,,0,0.00332745577612195,,,0,0.155139070587566
0,0,2021,2021-09-26,193,Erfurt – Weimar – Weimarer Land II,16,Thüringen,erststimme,217944,166604,164662,1942,0.764434900708439,spd,,,,0.165399424275182,,,,0,,,,0,,,0,0,0,0,,0.173925981707984,,0,,0,,,0,0.0299522658536882,,0.025859032442215,0,,,0,,0,0.0747531306555247,,,0,,0,0,0,0.118321166996636,,,0,0,,0,0,0.163802213018183,0,0,,,,0.00394140724635921,,,,0,0,,,,0,,0,,,,,,,,0,0.244045377804229,0,,0,0,0,0,0,0,,0,0,,,0,0.173925981707984
0,0,2021,2021-09-26,193,Erfurt – Weimar – Weimarer Land II,16,Thüringen,zweitstimme,217944,166604,164998,1606,0.764434900708439,spd,,,,0.162444393265373,,,,0,,,,0,,,0,0,0,0,,0.142910823161493,,0,,0,,,0.00143032036751961,0.0160608007369786,,0.0184729511872871,0,,,0,,0,0.0939647753306101,,,0.0131031891295652,,0,0,0,0.132310694675087,,,0,0,,0,0,0.139728966411714,0,0.00265457763124402,,,,0.00209093443556892,,,,0.00176971842082934,0.00180608249796967,,,,0,,0.00729099746663596,,,,,,,,0,0.238657438271979,0,,0.0028182159783755,0,0.0168305070364489,0,0,0.00118789318658408,,0,0.00446672080873708,,,0,0.142910823161493
0,0,2021,2021-09-26,194,Gera – Greiz – Altenburger Land,16,Thüringen,erststimme,229588,168147,165630,2517,0.732385838981131,afd,,,,0.290007848819658,,,,0,,,,0,,,0,0,0,0,,0.199643784338586,,0,,0,,,0,0,,0.0174304171949526,0,,,0,,0,0.0861740022942704,,,0,,0,0,0,0.0379943246996317,,,0,0,,0,0,0.117255328141037,0,0,,,,0.00466099136629838,,,,0,0,,,,0,,0,,,,,,,,0,0.221940469721669,0,,0,0,0,0,0,0,,0,0,,,0.0248928334238966,0.199643784338586
0,0,2021,2021-09-26,194,Gera – Greiz – Altenburger Land,16,Thüringen,zweitstimme,229588,168147,166043,2104,0.732385838981131,afd,,,,0.281005522665815,,,,0,,,,0,,,0,0,0,0,,0.164433309443939,,0,,0,,,0.00105996639424727,0.0118643965719723,,0.0164234565745018,0,,,0,,0,0.0976373589973682,,,0.0146528308932024,,0,0,0,0.0441512138421975,,,0,0,,0,0,0.11241666315352,0,0.00357738658058455,,,,0.00286070475720145,,,,0.00323410200972037,0.000927470594966364,,,,0,,0.00425191064965099,,,,,,,,0,0.218774654758105,0,,0.0021380003974874,0,0.0174834229687491,0,0,0.000885312840649711,,0,0.0022223159061207,,,0,0.164433309443939
0,0,2021,2021-09-26,195,Saalfeld-Rudolstadt – Saale-Holzland-Kreis – Saale-Orla-Kreis,16,Thüringen,erststimme,219437,166531,164494,2037,0.758901188040303,afd,,,,0.292879983464443,,,,0,,,,0,,,0,0,0,0,,0.20966722190475,,0,,0,,,0,0.0214354322954029,,0.0173380184079662,0,,,0,,0,0.0750361715320924,,,0.0312655780757961,,0,0,0,0.03825063528153,,,0,0,,0,0,0.121390445852128,0,0,,,,0.00280861308011234,,,,0,0.00274174134010967,,,,0,,0,,,,,,,,0,0.187186158765669,0,,0,0,0,0,0,0,,0,0,,,0,0.20966722190475
0,0,2021,2021-09-26,195,Saalfeld-Rudolstadt – Saale-Holzland-Kreis – Saale-Orla-Kreis,16,Thüringen,zweitstimme,219437,166531,164623,1908,0.758901188040303,afd,,,,0.28174070451881,,,,0,,,,0,,,0,0,0,0,,0.164059700041914,,0,,0,,,0.000923321771562904,0.0138680500294613,,0.0162067268850647,0,,,0,,0,0.0937171598136348,,,0.0247778256987177,,0,0,0,0.0448479252595324,,,0,0,,0,0,0.112311159437017,0,0.00299472127224021,,,,0.00205317604465962,,,,0.00332274348055861,0.00177982420439428,,,,0,,0.00391804304380311,,,,,,,,0,0.212722402094483,0,,0.00227185751687188,0,0.0152469582014664,0,0,0.000880800374188297,,0,0.0023569003116211,,,0,0.164059700041914
0,0,2021,2021-09-26,196,Suhl – Schmalkalden-Meiningen – Hildburghausen – Sonneberg,16,Thüringen,erststimme,230071,171108,168962,2146,0.743718243498746,spd,,,,0.212396870302198,,,,0,,,,0,,,0,0,0,0,,0.223298729891928,,0,,0,,,0,0.0132988482617393,,0,0,,,0,,0,0.063244989997751,,,0.0289828482143914,,0,0,0,0.0213953433316367,,,0,0,,0,0,0.0836578638983914,0,0,,,,0.00262189131283957,,,,0,0.00501887998484866,,,,0,,0.00777097808974799,,,,,,,,0,0.336116996721156,0,,0,0,0,0,0,0,,0,0,,,0.00219575999337129,0.223298729891928
0,0,2021,2021-09-26,196,Suhl – Schmalkalden-Meiningen – Hildburghausen – Sonneberg,16,Thüringen,zweitstimme,230071,171108,169125,1983,0.743718243498746,spd,,,,0.263544715447154,,,,0,,,,0,,,0,0,0,0,,0.16510273466371,,0,,0,,,0.000804138950480414,0.0109918699186992,,0.0148292682926829,0,,,0,,0,0.082719881744272,,,0.0251116038433112,,0,0,0,0.0426962305986696,,,0,0,,0,0,0.10930376940133,0,0.00245971914264597,,,,0.00208721359940872,,,,0.00293274205469327,0.00323429416112343,,,,0,,0.0063739837398374,,,,,,,,0,0.250974131559497,0,,0.00136585365853659,0,0.0131973392461197,0,0,0.000709534368070954,,0,0.0015609756097561,,,0,0.16510273466371
0,0,2021,2021-09-26,197,Neuwied,07,Rheinland-Pfalz,erststimme,238118,181837,179779,2058,0.763642395786963,cdu,,,,0.0935036906423998,,,,0,,,,0,,,0,0,0,0,,0.319447766424332,,0,,0,,,0,0.0154411805605772,,0.0121093119886082,0,,,0,,0,0.0886143542905456,,,0.0446770757429956,,0,0,0,0.0921075320254312,,,0,0,,0,0,0.0278397365654498,0,0,,,,0,,,,0,0,,,,0,,0,,,,,,,,0,0.302148749297749,0,,0,0,0,0,0.00303149978584818,0,,0,0,,,0.00107910267606339,0.319447766424332
0,0,2021,2021-09-26,197,Neuwied,07,Rheinland-Pfalz,zweitstimme,238118,181837,180293,1544,0.763642395786963,cdu,,,,0.0970864093447888,,,,0,,,,0,,,0,0,0,0,,0.268108024160672,,0,,0.000549106177167167,,,0.000848618637440167,0.00968423621549367,,0.0126793608182237,0,,,0,,0,0.115095982650463,,,0.0325026484666626,,0,0,0,0.104995756906813,,,0,0,,0,0,0.0300455369870156,0.000388256892946482,0,,,,0.00017194233830487,,,,0.00118695678700782,0.00135889912531269,,,,0,,0.00388811545650691,,,,,,,,0,0.299612297759758,0,,0.00383819671312808,0,0.0141214578491677,0,0,0.000843072110398074,,0,0.00299512460273,,,0,0.268108024160672
0,0,2021,2021-09-26,198,Ahrweiler,07,Rheinland-Pfalz,erststimme,195109,148466,146605,1861,0.760938757310017,cdu,,,,0.0738242215476962,,,,0,,,,0,,,0,0,0,0,,0.342969202960336,,0,,0,,,0,0,,0.0128099314484499,0,,,0,,0,0.0826984072848812,,,0.0473517274308516,,0,0,0,0.106087786910406,,,0,0,,0,0,0.0241260529995566,0,0,,,,0,,,,0,0.00467924013505679,,,,0,,0,,,,,,,,0,0.302343030592408,0,,0,0,0,0,0,0,,0,0,,,0.00311039869035845,0.342969202960336
0,0,2021,2021-09-26,198,Ahrweiler,07,Rheinland-Pfalz,zweitstimme,195109,148466,147087,1379,0.760938757310017,cdu,,,,0.0769748516184299,,,,0,,,,0,,,0,0,0,0,,0.285150965075092,,0,,0.000727460618545487,,,0.000788648894871743,0.00821282642245746,,0.010966298857139,0,,,0,,0,0.118868424809806,,,0.0333680066899182,,0,0,0,0.120234962981093,,,0,0,,0,0,0.0261817835702679,0.000421519236914207,0,,,,0.000176766131609184,,,,0.000985811118589678,0.0022503688293323,,,,0,,0.00457552332973002,,,,,,,,0,0.287605294825511,0,,0.00414040669807665,0,0.0137401673839292,0,0,0.000843038473828415,,0,0.00378687443485828,,,0,0.285150965075092
0,0,2021,2021-09-26,199,Koblenz,07,Rheinland-Pfalz,erststimme,193035,147127,145312,1815,0.762177843396275,cdu,,,,0.0671176502972913,,,,0,,,,0,,,0,0,0,0,,0.317062596344418,,0,,0,,,0,0.0161996256331205,,0.0120981061440211,0,,,0,,0,0.0769310173970491,,,0.0483648975996477,,0,0,0,0.123733759083902,,,0,0,,0,0,0.0278985906188064,0,0,,,,0,,,,0,0.00422539088306541,,,,0,,0,,,,,,,,0,0.298777802246201,0,,0,0,0,0,0,0,,0,0.00477593041180357,,,0.00281463334067386,0.317062596344418
0,0,2021,2021-09-26,199,Koblenz,07,Rheinland-Pfalz,zweitstimme,193035,147127,145903,1224,0.762177843396275,cdu,,,,0.071458434713474,,,,0,,,,0,,,0,0,0,0,,0.260159146830428,,0,,0.000808756502607897,,,0.000938980007265101,0.00960227000130224,,0.0102602413932544,0,,,0,,0,0.112204683933846,,,0.033775864786879,,0,0,0,0.143979219070204,,,0,0,,0,0,0.032925985072274,0.000383816645305443,0,,,,0.000178200585320384,,,,0.000678532997950693,0.00218638410450779,,,,0,,0.00496905478297225,,,,,,,,0,0.293462094679342,0,,0.00409861346236883,0,0.0124603332350946,0,0,0.0010692035119223,,0,0.00440018368368025,,,0,0.260159146830428
0,0,2021,2021-09-26,200,Mosel/Rhein-Hunsrück,07,Rheinland-Pfalz,erststimme,171102,134717,132369,2348,0.787349066638613,cdu,,,,0.0804266860065423,,,,0,,,,0,,,0,0,0,0,,0.34270864024054,,0,,0,,,0,0,,0.0176325272533599,0,,,0,,0,0.118335864137374,,,0.0574832475881815,,0,0,0,0.0969486813377755,,,0,0,,0,0,0,0,0,,,,0,,,,0,0.00737332759180775,,,,0,,0,,,,,,,,0,0.268718506598977,0,,0,0,0,0,0,0,,0,0.00849141415286056,,,0.0018811050925821,0.34270864024054
0,0,2021,2021-09-26,200,Mosel/Rhein-Hunsrück,07,Rheinland-Pfalz,zweitstimme,171102,134717,133262,1455,0.787349066638613,cdu,,,,0.0830019060197206,,,,0,,,,0,,,0,0,0,0,,0.290135222343954,,0,,0.000667857303657457,,,0.000712881391544476,0.00824691209797242,,0.0132821059266708,0,,,0,,0,0.125046900091549,,,0.043673365250409,,0,0,0,0.0917740991430415,,,0,0,,0,0,0.0279524545631913,0.000382704747039666,0,,,,0.000142576278308895,,,,0.000930497816331738,0.00280650147829089,,,,0,,0.00379703141180532,,,,,,,,0,0.285265116837508,0,,0.00177845147153727,0,0.0138449070252585,0,0,0.000922993801683901,,0,0.00563551500052528,,,0,0.290135222343954
0,0,2021,2021-09-26,201,Kreuznach,07,Rheinland-Pfalz,erststimme,182380,138109,136101,2008,0.757259567935081,spd,,,,0.0953115700839817,,,,0,,,,0,,,0,0,0,0,,0.290879567380107,,0,,0,,,0,0.013497329189352,,0.0146729267235362,0,,,0,,0,0.0716600171931139,,,0.0561935621340034,,0,0,0,0.0731662515337874,,,0,0,,0,0,0.0315500988236677,0.00166053151703514,0,,,,0,,,,0,0.0126229785233025,,,,0,,0,,,,,,,,0,0.330460466859171,0,,0,0,0,0,0,0,,0,0.00566491061784998,,,0.00265978942109169,0.290879567380107
0,0,2021,2021-09-26,201,Kreuznach,07,Rheinland-Pfalz,zweitstimme,182380,138109,136658,1451,0.757259567935081,spd,,,,0.0988599277027324,,,,0,,,,0,,,0,0,0,0,,0.244647221531121,,0,,0.000673213423290257,,,0.000841516779112822,0.00864932898183787,,0.0141228468146761,0,,,0,,0,0.114914604340763,,,0.0337777517598677,,0,0,0,0.0944181826164586,,,0,0,,0,0,0.0325923107319001,0.000768341407016055,0,,,,0.000219526116290301,,,,0.00130252162332245,0.00392951748159639,,,,0,,0.00363681599320933,,,,,,,,0,0.323866879363082,0,,0.00248064511408041,0,0.015030221428676,0,0,0.000819564167483792,,0,0.00444906262348344,,,0,0.244647221531121
0,0,2021,2021-09-26,202,Bitburg,07,Rheinland-Pfalz,erststimme,163493,124449,122597,1852,0.761188552415088,cdu,,,,0.0648221408354201,,,,0,,,,0,,,0,0,0,0,,0.377986410760459,,0,,0,,,0,0.0132058696379194,,0.0117131740580928,0,,,0,,0,0.0735009828951769,,,0.0861848169204793,,0,0,0,0.0694307364780541,,,0,0,,0,0,0.023450818535527,0,0,,,,0,,,,0,0.00537533544866514,,,,0,,0,,,,,,,,0,0.274329714430206,0,,0,0,0,0,0,0,,0,0,,,0,0.377986410760459
0,0,2021,2021-09-26,202,Bitburg,07,Rheinland-Pfalz,zweitstimme,163493,124449,123054,1395,0.761188552415088,cdu,,,,0.0714645602743511,,,,0,,,,0,,,0,0,0,0,,0.301379882003023,,0,,0.000625741544362638,,,0.000650121085052091,0.00843532107855088,,0.0116534204495587,0,,,0,,0,0.113746810343426,,,0.0687503047442586,,0,0,0,0.0927316462691176,,,0,0,,0,0,0.0265330667836885,0.00035756659677865,0,,,,9.75181627578136e-05,,,,0.000869536951257172,0.0028930388284818,,,,0,,0.00295805093698701,,,,,,,,0,0.2790888552993,0,,0.00190160417377737,0,0.0119703544785216,0,0,0.00056885594942058,,0,0.00332374404732882,,,0,0.301379882003023
0,0,2021,2021-09-26,203,Trier,07,Rheinland-Pfalz,erststimme,190530,147171,145433,1738,0.77242953865533,spd,,,,0.0565896323392903,,,,0,,,,0,,,0,0,0,0,,0.277096669944235,,0,,0,,,0,0.0149484642412657,,0.0118955120227184,0.0020215494420111,,,0,,0,0.0696884476013009,,,0.0517145352155288,,0,0,0,0.13022491456547,,,0,0,,0,0,0.0352464708834996,0,0,,,,0,,,,0,0.00451754416122888,,,,0,,0,,,,,,,,0,0.329650079418014,0,,0,0,0,0,0.00409123101359389,0,,0,0.00664910989940385,,,0.00566583925243927,0.277096669944235
0,0,2021,2021-09-26,203,Trier,07,Rheinland-Pfalz,zweitstimme,190530,147171,145631,1540,0.77242953865533,spd,,,,0.0618068955098846,,,,0,,,,0,,,0,0,0,0,,0.237435710803332,,0,,0.000796533705049062,,,0.00122913390692916,0.0103480714957667,,0.011522272043727,0,,,0,,0,0.111281251931251,,,0.0369358172367147,,0,0,0,0.155928339433225,,,0,0,,0,0,0.0392224183037952,0.00034333349355563,0,,,,0.000206000096133378,,,,0.000782800365306837,0.00249260116321388,,,,0,,0.00369426839065858,,,,,,,,0,0.302978074723102,0,,0.00235526776579162,0,0.0137539397518386,0,0,0.000988800461440215,,0,0.00589846941928573,,,0,0.237435710803332
0,0,2021,2021-09-26,204,Montabaur,07,Rheinland-Pfalz,erststimme,210816,164165,161993,2172,0.77871224195507,spd,,,,0.0869790669967221,,,,0,,,,0,,,0,0,0,0,,0.300056175266833,,0,,0,,,0,0.0178217577302723,,0.0147166852888705,0,,,0,,0,0.0932200774107523,,,0.0552739933206991,,0,0,0,0.0875099541338206,,,0,0,,0,0,0.0276740352978215,0,0,,,,0,,,,0,0,,,,0,,0,,,,,,,,0,0.314674090855778,0,,0,0,0,0,0,0,,0,0,,,0.00207416369843141,0.300056175266833
0,0,2021,2021-09-26,204,Montabaur,07,Rheinland-Pfalz,zweitstimme,210816,164165,162711,1454,0.77871224195507,spd,,,,0.0895145380459834,,,,0,,,,0,,,0,0,0,0,,0.2650404705275,,0,,0.000639170062257623,,,0.000848129505687999,0.0101836999342392,,0.0129063185648174,0,,,0,,0,0.116900516867329,,,0.0395302100042406,,0,0,0,0.103447216230003,,,0,0,,0,0,0.0288241114614255,0.000411773020877507,0,,,,0.000147500783597913,,,,0.00118615213476655,0.00137052811426394,,,,0,,0.00361376919814887,,,,,,,,0,0.303273902809275,0,,0.00331262176496979,0,0.0148975791433892,0,0,0.000854275371671245,,0,0.00309751645555617,,,0,0.2650404705275
0,0,2021,2021-09-26,205,Mainz,07,Rheinland-Pfalz,erststimme,249630,202670,200001,2669,0.811881584745423,spd,,,,0.051799741001295,,,,0,,,,0,,,0,0,0,0,,0.235763821180894,,0,,0,,,0.00242998785006075,0.00920495397523012,,0.0104649476752616,0,,,0,,0,0.072039639801801,,,0.0237548812255939,,0,0,0,0.186594067029665,,,0,0,,0,0,0.124314378428108,0,0,,,,0,,,,0,0.0072199639001805,,,,0,,0.00558997205013975,,,,,,,,0,0.249388753056235,0,,0,0,0,0,0,0,,0,0.0106649466752666,,,0.0107699461502693,0.235763821180894
0,0,2021,2021-09-26,205,Mainz,07,Rheinland-Pfalz,zweitstimme,249630,202670,201288,1382,0.811881584745423,spd,,,,0.0538184094431859,,,,0,,,,0,,,0,0,0,0,,0.211930169707086,,0,,0.000849529033027304,,,0.00158976193315051,0.00794880966575255,,0.00983168395532769,0,,,0,,0,0.115148444020508,,,0.0179096617781487,,0,0,0,0.229437422995906,,,0,0,,0,0,0.046788680895036,0.000332856404753388,0,,,,0.000188784229561623,,,,0.000541512658479393,0.00511207821628711,,,,0,,0.00481896585986249,,,,,,,,0,0.267720877548587,0,,0.00623484758157466,0,0.0100602122332181,0,0,0.00108799332299988,,0,0.008649298517547,,,0,0.211930169707086
0,0,2021,2021-09-26,206,Worms,07,Rheinland-Pfalz,erststimme,212943,166636,164145,2491,0.782538050088521,cdu,,,,0.0977367571354595,,,,0,,,,0,,,0,0,0,0,,0.321831307685278,,0,,0,,,0,0,,0.0190928752018033,0,,,0,,0,0.0789911358859545,,,0.0351031100551342,,0,0,0,0.0971640927228975,,,0,0,,0,0,0.0308873252307411,0,0,,,,0,,,,0,0.00442291876085169,,,,0,,0,,,,,,,,0,0.30307350208657,0,,0,0,0,0,0,0,,0,0.00832800268055683,,,0.00336897255475342,0.321831307685278
0,0,2021,2021-09-26,206,Worms,07,Rheinland-Pfalz,zweitstimme,212943,166636,164822,1814,0.782538050088521,cdu,,,,0.10334178689738,,,,0,,,,0,,,0,0,0,0,,0.227809394376964,,0,,0.000661319484049459,,,0.00112849012874495,0.00736552159299123,,0.0139665821310262,0,,,0,,0,0.121919403963063,,,0.0288129011903751,,0,0,0,0.126190678428851,,,0,0,,0,0,0.030748322432685,0.000521775005763794,0,,,,0.000212350293043404,,,,0.00160172792467025,0.00276662096079407,,,,0,,0.00539976459453228,,,,,,,,0,0.301270461467523,0,,0.00380410382109184,0,0.0158473990122678,0,0,0.00101321425537853,,0,0.0056181820388055,,,0,0.227809394376964
0,0,2021,2021-09-26,207,Ludwigshafen/Frankenthal,07,Rheinland-Pfalz,erststimme,210969,154911,152789,2122,0.734283235925657,spd,,,,0.116107834988121,,,,0,,,,0,,,0,0,0,0,,0.249972183861404,,0,,0,,,0,0,,0.0127430639640288,0,,,0,,0,0.0895876012016572,,,0.048504800738273,,0,0,0,0.11166379778649,,,0,0,,0,0,0.0304210381637422,0.00126317994096434,0,,,,0.00102756088461866,,,,0,0,,,,0,,0,,,,,,,,0,0.327955546538036,0,,0,0,0,0,0,0,,0,0,,,0.0107533919326653,0.249972183861404
0,0,2021,2021-09-26,207,Ludwigshafen/Frankenthal,07,Rheinland-Pfalz,zweitstimme,210969,154911,153258,1653,0.734283235925657,spd,,,,0.117938378420702,,,,0,,,,0,,,0,0,0,0,,0.220060290490545,,0,,0.000991791619360816,,,0.00104399117827454,0.00853462788239439,,0.0110206318756607,0,,,0,,0,0.120196009343721,,,0.0312479609547299,,0,0,0,0.118284200498506,,,0,0,,0,0,0.0303475185634681,0.000665544376150022,0,,,,0.000443696250766681,,,,0.00165081105064662,0.00147463753931279,,,,0,,0.00429341372065406,,,,,,,,0,0.299462344543189,0,,0.00831930470187527,0,0.0180806222187423,0,0,0.00107009095773141,,0,0.00487413381356928,,,0,0.220060290490545
0,0,2021,2021-09-26,208,Neustadt – Speyer,07,Rheinland-Pfalz,erststimme,219416,173828,171650,2178,0.792230284026689,cdu,,,,0.100227206524905,,,,0,,,,0,,,0,0,0,0,,0.301602097290999,,0,,0,,,0,0,,0.0158578502767259,0,,,0,,0,0.0851966210311681,,,0.0564986891931256,,0,0,0,0.121578794057676,,,0,0,,0,0,0.0264200407806583,0,0,,,,0,,,,0,0,,,,0,,0,,,,,,,,0,0.280559277599767,0,,0,0,0,0,0,0,,0,0.0073871249635887,,,0.00467229828138654,0.301602097290999
0,0,2021,2021-09-26,208,Neustadt – Speyer,07,Rheinland-Pfalz,zweitstimme,219416,173828,172322,1506,0.792230284026689,cdu,,,,0.101548264295911,,,,0,,,,0,,,0,0,0,0,,0.239795267000151,,0,,0.00088206961386242,,,0.00103294994254941,0.00714940634393751,,0.0140028551200659,0,,,0,,0,0.126640823574471,,,0.0370237114239621,,0,0,0,0.138978191989415,,,0,0,,0,0,0.0283190770766356,0.000359791553022829,0,,,,0.000150880328686993,,,,0.00102714685298453,0.00188020101902253,,,,0,,0.00334838267893827,,,,,,,,0,0.273447383386915,0,,0.00297118185722078,0,0.0149487587191421,0,0,0.00105616230080895,,0,0.00543749492229663,,,0,0.239795267000151
0,0,2021,2021-09-26,209,Kaiserslautern,07,Rheinland-Pfalz,erststimme,224701,169206,166797,2409,0.753027356353554,spd,,,,0.119918223948872,,,,0,,,,0,,,0,0,0,0,,0.214650143587714,,0,,0,,,0,0.0129139013291606,,0.012943877887492,0,,,0,,0,0.0711643494787077,,,0.073292685120236,,0,0,0,0.0874656018993147,,,0,0,,0,0,0.0404863396823684,0.000923277996606654,0,,,,0,,,,0,0,,,,0,,0,,,,,,,,0,0.338873001312973,0,,0,0,0.0191670113970875,0,0,0,,0,0.00480224464468785,,,0.00339934171477904,0.214650143587714
0,0,2021,2021-09-26,209,Kaiserslautern,07,Rheinland-Pfalz,zweitstimme,224701,169206,167464,1742,0.753027356353554,spd,,,,0.123620599054125,,,,0,,,,0,,,0,0,0,0,,0.198406821764678,,0,,0.000722543352601156,,,0.00102111498590742,0.00979912100511155,,0.0122712941288874,0,,,0,,0,0.102959442029332,,,0.0480222615009793,,0,0,0,0.105162900683132,,,0,0,,0,0,0.0381156547078775,0.000603114699278651,0,,,,0.000214971575980509,,,,0.00177948693450533,0.00151077246452969,,,,0,,0.00415014570295705,,,,,,,,0,0.325204222997182,0,,0.00257965891176611,0,0.0189174986862848,0,0,0.000847943438589786,,0,0.0040904313762958,,,0,0.198406821764678
0,0,2021,2021-09-26,210,Pirmasens,07,Rheinland-Pfalz,erststimme,174093,132470,130466,2004,0.760915143055723,spd,,,,0.126561709564178,,,,0,,,,0,,,0,0,0,0,,0.300737356859258,,0,,0,,,0,0.0153219996014287,,0.0126776324866249,0,,,0,,0,0.0758435147854614,,,0.0459123449787684,,0,0,0,0.0604831910229485,,,0,0,,0,0,0.0281912528934742,0,0,,,,0,,,,0,0,,,,0,,0,,,,,,,,0,0.304378152162249,0,,0,0,0.0250716661812273,0,0,0,,0,0.00357181181303941,,,0.00124936765134211,0.300737356859258
0,0,2021,2021-09-26,210,Pirmasens,07,Rheinland-Pfalz,zweitstimme,174093,132470,130723,1747,0.760915143055723,spd,,,,0.131407632933761,,,,0,,,,0,,,0,0,0,0,,0.256320616876908,,0,,0.000818524666661567,,,0.000803225140181911,0.0114440458067823,,0.0121172249718871,0,,,0,,0,0.109957696809284,,,0.0377515815885498,,0,0,0,0.0755567115197785,,,0,0,,0,0,0.0321825539499553,0.000367188635511731,0,,,,0.000229492897194832,,,,0.00218783228659073,0.00117806353893347,,,,0,,0.00374073422427576,,,,,,,,0,0.292687591319049,0,,0.00169059767600193,0,0.0254354627724272,0,0,0.000872073009340361,,0,0.00325114937692678,,,0,0.256320616876908
0,0,2021,2021-09-26,211,Südpfalz,07,Rheinland-Pfalz,erststimme,217000,171259,169632,1627,0.78921198156682,spd,,,,0.0982008111677042,,,,0,,,,0,,,0,0,0,0,,0.282140162233541,,0,,0,,,0,0.0113363044708546,,0.01407753254103,0,,,0,,0,0.100281786455386,,,0.0376579890586682,,0,0,0,0.112349085078287,,,0,0,,0,0,0.0307842859837766,0,0,,,,0,,,,0,0.00343095642331636,,,,0,,0,,,,,,,,0,0.282381861912847,0,,0,0,0.0177973495566874,0,0,0,,0,0.00488704961328051,,,0.00467482550462177,0.282140162233541
0,0,2021,2021-09-26,211,Südpfalz,07,Rheinland-Pfalz,zweitstimme,217000,171259,169676,1583,0.78921198156682,spd,,,,0.104328249133643,,,,0,,,,0,,,0,0,0,0,,0.232331030905962,,0,,0.00107263254673613,,,0.000889931398665692,0.00892878191376506,,0.0140797755722671,0,,,0,,0,0.124472524104764,,,0.0323734647209977,,0,0,0,0.134857021617671,,,0,0,,0,0,0.0329922911902685,0.000430231735778778,0,,,,0.00022395624602183,,,,0.00128480162191471,0.00277587873358636,,,,0,,0.00388387279285226,,,,,,,,0,0.277163535208279,0,,0.00391923430538202,0,0.0182583276362008,0,0,0.00114335557179566,,0,0.00459110304344751,,,0,0.232331030905962
0,0,2021,2021-09-26,212,Altötting,09,Bayern,erststimme,168656,129441,128561,880,0.76748529551276,csu,,,,0.110608971616587,,,,0,,,,0.0110142267094998,,,0,0,0,0,,0,,0.433202915347578,,0,,,0,0,,0.0272944361042618,0,,,0,,0,0.0719113883681676,,,0.101500455036909,,0,0,0,0.0866903648851518,,,0,0,,0,0,0.0245408794268869,0,0,,,,0,,,,0,0.0195160274111122,,,,0,,0,,,,,,,,0,0.113720335093847,0,,0,0,0,0,0,0,,0,0,,,0,0.433202915347578
0,0,2021,2021-09-26,212,Altötting,09,Bayern,zweitstimme,168656,129441,128760,681,0.76748529551276,csu,,,,0.108263435849643,,,,0,,,,0.00684218701460081,,,0,0,0,0.000427151289220255,,0,,0.342187014600808,,0,,,0.000730040385212799,0.00677228953091022,,0.0233224603914259,0.000116495806150979,,,0.000411618515066791,,0,0.103277415346381,,,0.115385212799006,,0,0.00128145386766076,0,0.0951227089158124,,,0.000388319353836595,0,,0,0,0.0215051258154706,0.000186393289841566,0,,,,0.000147561354457906,,,,0.000799937868903386,0.0101118359739049,,,,0,,0.00302112457284871,,,,,,,,0,0.142194780987884,0,,0.00259397328362846,0,0.0108418763591177,0,0.00172413793103448,0.000823237030133582,,0,0.00152221186703945,,,0,0.342187014600808
0,0,2021,2021-09-26,213,Erding – Ebersberg,09,Bayern,erststimme,200569,168337,167205,1132,0.839297199467515,csu,,,,0.0684668520678209,,,,0,,,,0.0122843216410993,,,0,0,0,0,,0,,0.422571095361981,,0,,,0,0,,0.0176908585269579,0,,,0,,0,0.0791005053676624,,,0.0727071558864866,,0,0,0,0.148560150713196,,,0,0,,0,0,0.0200651894381149,0,0,,,,0,,,,0,0.0137914536048563,,,,0,,0,,,,,,,,0,0.144762417391824,0,,0,0,0,0,0,0,,0,0,,,0,0.422571095361981
0,0,2021,2021-09-26,213,Erding – Ebersberg,09,Bayern,zweitstimme,200569,168337,167603,734,0.839297199467515,csu,,,,0.0729581212746789,,,,0,,,,0.00805474842335758,,,0,0,0,0.000548916188851035,,0,,0.334075165718991,,0,,,0.000900938527353329,0.0076311283210921,,0.0170462342559501,0.000125296086585562,,,0.000668245795122999,,0,0.120689963783465,,,0.0827252495480391,,0,0.00103220109425249,0,0.146894745320788,,,0.000352022338502294,0,,0,0,0.0217657201840063,0.000178994409407946,0,,,,0.000131262566899161,,,,0.000489251385715053,0.00800701658084879,,,,0,,0.00318610048746144,,,,,,,,0,0.153296778697279,0,,0.00286987703084074,0,0.0113363125958366,0,0.00161691616498511,0.000960603330489311,,0,0.00245818988920246,,,0,0.334075165718991
0,0,2021,2021-09-26,214,Freising,09,Bayern,erststimme,237250,194002,192765,1237,0.817711275026344,csu,,,,0.0935958291183566,,,,0,,,,0.00870489974839831,,,0,0,0,0,,0,,0.361523098072783,,0,,,0,0.0112312919876534,,0.0248748476123778,0,,,0,,0,0.0761912172852956,,,0.12047311493269,,0,0,0,0.124804814151947,,,0,0,,0,0,0.0202215132415117,0,0,,,,0,,,,0,0.0157653100925998,,,,0,,0,,,,,,,,0,0.134619873939771,0,,0,0,0,0,0,0.00472077399942936,,0,0.00327341581718673,,,0,0.361523098072783
0,0,2021,2021-09-26,214,Freising,09,Bayern,zweitstimme,237250,194002,193119,883,0.817711275026344,csu,,,,0.0906953743546725,,,,0,,,,0.00553026890155811,,,0,0,0,0.000445321278589885,,0,,0.325861256530947,,0,,,0.000957958564408474,0.00717174384705803,,0.0175435871146806,0.000103563088044159,,,0.000455677587394301,,0,0.112562720395197,,,0.0972405615190634,,0,0.00112883765968134,0,0.134916812949529,,,0.000548884366634044,0,,0,0,0.0230738560162387,0.000264085874512606,0,,,,9.83849336419513e-05,,,,0.00055924067543846,0.00750314572879934,,,,0,,0.00286869753882321,,,,,,,,0,0.150606620788219,0,,0.00404413858812442,0,0.00974010843055318,0,0.00173468172473967,0.00153273370305356,,0,0.00281173784039893,,,0,0.325861256530947
0,0,2021,2021-09-26,215,Fürstenfeldbruck,09,Bayern,erststimme,231905,192779,191290,1489,0.831284362131045,csu,,,,0.068252391656647,,,,0,,,,0,,,0,0,0,0,,0,,0.380161012075906,,0,,,0,0.0124627528882848,,0.0265303988708244,0,,,0,,0,0.0837942391133881,,,0.0684039939359088,,0,0,0,0.132589262376496,,,0,0,,0,0,0.0168121700036594,0,0,,,,0,,,,0,0.011093104710126,,,,0,,0,,,,,,,,0,0.192540122327356,0,,0,0,0,0,0,0,,0,0.00736055204140311,,,0,0.380161012075906
0,0,2021,2021-09-26,215,Fürstenfeldbruck,09,Bayern,zweitstimme,231905,192779,191852,927,0.831284362131045,csu,,,,0.0688499468340179,,,,0,,,,0.00414381919396201,,,0,0,0,0.000469111606863624,,0,,0.333298584325418,,0,,,0.000927798511352501,0.00664053541271397,,0.0213810645706065,6.77605654358568e-05,,,0.000536872172299481,,0,0.120123845464212,,,0.0642422283843796,,0,0.00119884077309593,0,0.159169568208828,,,0.000375289285490899,0,,0,0,0.0218501761774701,0.000229343452244438,0,,,,8.33976189979776e-05,,,,0.000474323958050998,0.00708358526364072,,,,0,,0.00356003586097617,,,,,,,,0,0.162317828326001,0,,0.00328899359923274,0,0.0124470946354482,0,0.00168358943352167,0.00105810729103684,,0,0.00449825907470342,,,0,0.333298584325418
0,0,2021,2021-09-26,216,Ingolstadt,09,Bayern,erststimme,238384,187395,186228,1167,0.78610561111484,csu,,,,0.0956139785639109,,,,0,,,,0.00999312670489937,,,0,0,0,0,,0,,0.449250381253088,,0,,,0,0.0124309985609038,,0.0159428227763816,0,,,0,,0,0.0584068990699573,,,0.0833118542861439,,0,0,0,0.0976330089997208,,,0,0,,0,0,0.0249586528341603,0,0,,,,0,,,,0,0.0130914792619799,,,,0,,0,,,,,,,,0,0.139366797688855,0,,0,0,0,0,0,0,,0,0,,,0,0.449250381253088
0,0,2021,2021-09-26,216,Ingolstadt,09,Bayern,zweitstimme,238384,187395,186539,856,0.78610561111484,csu,,,,0.100214968451637,,,,0,,,,0.00595585909648921,,,0,0,0,0.000525359308241172,,0,,0.346184980084594,,0,,,0.000761234916022923,0.00694224800175835,,0.0154927387838468,0.000160824278033012,,,0.000461029597027967,,0,0.106127941073985,,,0.0835214083918108,,0,0.00115793480183769,0,0.111681739475391,,,0.000412782313618064,0,,0,0,0.0238556012415634,0.000166185087300779,0,,,,0.000166185087300779,,,,0.000691544395541951,0.00659915620862125,,,,0,,0.00285731133971984,,,,,,,,0,0.169358686387297,0,,0.00344700035917422,0,0.00885605691035119,0,0.00157607792472352,0.000884533529181565,,0,0.00194061295493168,,,0,0.346184980084594
0,0,2021,2021-09-26,217,München-Nord,09,Bayern,erststimme,223683,175551,174671,880,0.784820482557906,csu,,,,0.0434588454866578,,,,0,,,,0.00322320247780112,,,0,0,0.000234727001047684,0,,0,,0.256791339146166,,0,,,0,0.00894252623503615,,0.0145416239673443,0,,,0.00230146962002851,,0,0.111506775595262,,,0.022722718711177,,0,0,0,0.242278340422852,,,0,0,,0,0,0.0355869033783513,0,0,,,,0.000343502928362464,,,,0,0.0106600408768485,,,,0,,0,,,,,,,,0,0.2185365630242,0,,0,0,0.0118623011261171,0,0,0.00185491581315731,,0,0.013797367622559,,,0.00135683656703173,0.256791339146166
0,0,2021,2021-09-26,217,München-Nord,09,Bayern,zweitstimme,223683,175551,174902,649,0.784820482557906,csu,,,,0.0471692719351408,,,,0,,,,0.00233845239048153,,,0,0,0,0.000343049250437388,,0,,0.22861945546649,,0,,,0.00124641227658918,0.0066151330459343,,0.0126699523161542,0.000205829550262433,,,0.000794730763513282,,0,0.148385953276692,,,0.0251340750820459,,0,0.000806165738527861,0,0.256492207064528,,,0.000160089650204114,0,,0,0,0.0402739820013493,0.00028587437536449,0,,,,0.000200112062755143,,,,0.000171524625218694,0.00653508822083224,,,,0,,0.00279013390355742,,,,,,,,0,0.19005500222982,0,,0.00916513247418554,0,0.00859910121096385,0,0.00100056031377571,0.00105201770134132,,0,0.00889069307383563,,,0,0.22861945546649
0,0,2021,2021-09-26,218,München-Ost,09,Bayern,erststimme,242591,193958,193052,906,0.79952677551929,csu,,,,0.0417814889252637,,,,0,,,,0.00299919192756356,,,0,0,0.000264177527298344,0.00078735263037938,,0,,0.316800654745872,,0,,,0,0.00887843689783064,,0.0125976420860701,0,,,0,,0,0.0937778422393966,,,0.0261121355904109,,0,0,0,0.219459005863705,,,0,0,,0,0,0.0254180220873133,0,0,,,,0,,,,0,0.00999730642521186,,,,0,,0,,,,,,,,0,0.198096885813149,0,,0.0130845575285415,0,0.0129550587406502,0,0,0,,0,0.00844332097051572,,,0.00854692000082879,0.316800654745872
0,0,2021,2021-09-26,218,München-Ost,09,Bayern,zweitstimme,242591,193958,193271,687,0.79952677551929,csu,,,,0.0464529080927816,,,,0,,,,0.00244734078056201,,,0,0,0,0.000517408198850319,,0,,0.255009804885368,,0,,,0.00103999047968914,0.00645725432165198,,0.0126765008718328,0.000181092869597612,,,0.000626063920608886,,0,0.140279710872299,,,0.0261394622059181,,0,0.000765764134298472,0,0.246529484506211,,,0.000170744705620605,0,,0,0,0.0366325004786026,0.000165570623632102,0,,,,0.000181092869597612,,,,0.000232833689482644,0.00666939168318061,,,,0,,0.00338384962048109,,,,,,,,0,0.186815404276896,0,,0.0089201173481795,0,0.00911673246374262,0,0.00123660559525226,0.000874419856057039,,0,0.00647795064960599,,,0,0.255009804885368
0,0,2021,2021-09-26,219,München-Süd,09,Bayern,erststimme,214606,172970,172129,841,0.805988648966012,gruene,,,,0.0443911252607056,,,,0,,,,0,,,0,0,0.000772676306723446,0,,0,,0.26758419557425,,0,,,0,0.0119677683597767,,0.0155000029047981,0,,,0,,0,0.0954923342376938,,,0.0259340378437102,,0,0,0,0.274538282334761,,,0,0,,0,0,0.0362286424716346,0,0,,,,0.000633245995735756,,,,0,0.0147098978092012,,,,0,,0,,,,,,,,0,0.197084744581099,0,,0,0,0.0151630463199112,0,0,0,,0,0,,,0,0.26758419557425
0,0,2021,2021-09-26,219,München-Süd,09,Bayern,zweitstimme,214606,172970,172371,599,0.805988648966012,gruene,,,,0.0458893897465351,,,,0,,,,0.00207111405050734,,,0,0,0,0.000481519513143162,,0,,0.235451439047172,,0,,,0.000997847665790649,0.00753607045268636,,0.0138538385227213,0.000261064796282437,,,0.000957237586368937,,0,0.124701951024244,,,0.0274060021697385,,0,0.000841208788021187,0,0.264325205516009,,,0.0001856460773564,0,,0,0,0.0444912427264447,0.00020885183702595,0,,,,0.00025526335636505,,,,0.0002320575966955,0.00757668053210807,,,,0,,0.0035272754697716,,,,,,,,0,0.192126285744122,0,,0.0058014399173875,0,0.00992626369865001,0,0.0010674649447993,0.00114288366372534,,0,0.00868475555632908,,,0,0.235451439047172
0,0,2021,2021-09-26,220,München-West/Mitte,09,Bayern,erststimme,242252,198272,197317,955,0.818453511219722,csu,,,,0.0384862936290335,,,,0,,,,0,,,0,0,0.000364895067328208,0,,0,,0.270179457421307,,0,,,0,0.0091426486313901,,0.0155029723744026,0,,,0.00198158293507402,,0,0.0970671558963495,,,0.0256338784798066,,0,0,0,0.269485143195974,,,0,0,,0,0,0.0353492096474201,0,0,,,,0,,,,0,0.0078908558309725,,,,0,,0,,,,,,,,0,0.198573868445192,0,,0,0,0.0156904878951129,0,0,0.00184981527187217,,0,0.0108657642271066,,,0.00193597105165799,0.270179457421307
0,0,2021,2021-09-26,220,München-West/Mitte,09,Bayern,zweitstimme,242252,198272,197625,647,0.818453511219722,csu,,,,0.0425199240986717,,,,0,,,,0.00199367488931056,,,0,0,0,0.000419987349778621,,0,,0.230436432637571,,0,,,0.000991777356103732,0.00709930423782416,,0.0134345351043643,0.000263124604680582,,,0.000946236559139785,,0,0.133591397849462,,,0.0254826059456041,,0,0.000799493991144845,0,0.274777988614801,,,0.000207463630613536,0,,0,0,0.0415888678051866,0.000263124604680582,0,,,,0.000172043010752688,,,,0.000232764073371284,0.00684629981024668,,,,0,,0.00310689437065149,,,,,,,,0,0.189819101834282,0,,0.00587476280834915,0,0.00908791903858318,0,0.000910815939278937,0.00118406072106262,,0,0.0079493991144845,,,0,0.230436432637571
0,0,2021,2021-09-26,221,München-Land,09,Bayern,erststimme,234912,199333,198292,1041,0.848543284293693,csu,,,,0.0495027535150183,,,,0,,,,0.00572892501966796,,,0,0,0,0,,0,,0.390953744982148,,0,,,0,0.00972303471647873,,0.0145240352611301,0,,,0,,0,0.0916829725858834,,,0.0392905412220362,,0,0,0,0.204118169164666,,,0,0,,0,0,0.0185837048393279,0,0,,,,0,,,,0,0.0105198394287213,,,,0,,0,,,,,,,,0,0.152487241038469,0,,0,0,0.0128850382264539,0,0,0,,0,0,,,0,0.390953744982148
0,0,2021,2021-09-26,221,München-Land,09,Bayern,zweitstimme,234912,199333,198610,723,0.848543284293693,csu,,,,0.052812043703741,,,,0,,,,0.00362016011278385,,,0,0,0,0.000438044408640048,,0,,0.325607975429233,,0,,,0.000986858667740799,0.00631388147626001,,0.0141231559337395,0.000161119782488294,,,0.000473289361059363,,0,0.144484164946377,,,0.0383263682594029,,0,0.000871053824077337,0,0.185373344745985,,,0.000256784653340718,0,,0,0,0.0224006847590756,0.000221539700921404,0,,,,0.000146014802880016,,,,0.000271889632948996,0.00670661094607522,,,,0,,0.0033180605206183,,,,,,,,0,0.172141382609133,0,,0.00406827450782941,0,0.0103418760384673,0,0.00131413322592015,0.000639444136750416,,0,0.00458184381451085,,,0,0.325607975429233
0,0,2021,2021-09-26,222,Rosenheim,09,Bayern,erststimme,237390,191410,190064,1346,0.806310291082185,csu,,,,0.082940483205657,,,,0,,,,0.0135954204899402,,,0,0,0.00062610489098409,0,,0,,0.361299351797289,,0,,,0,0.0129745769845947,,0.0477155063557539,0,,,0,,0,0.0930318208603418,,,0.0887543143362236,,0,0,0,0.137758860173415,,,0,0,,0,0,0.0215243286471925,0,0,,,,0,,,,0,0.0194566040912535,,,,0,,0,,,,,,,,0,0.120322628167354,0,,0,0,0,0,0,0,,0,0,,,0,0.361299351797289
0,0,2021,2021-09-26,222,Rosenheim,09,Bayern,zweitstimme,237390,191410,190561,849,0.806310291082185,csu,,,,0.0869537838277507,,,,0,,,,0.00911519146100199,,,0,0,0,0.000676948588640908,,0,,0.310273350790561,,0,,,0.000850121483409512,0.00726801391680354,,0.0318795556278567,0.000152182240857258,,,0.00049328036691663,,0,0.120953395500653,,,0.0958275827687722,,0,0.00103903736861163,0,0.136239839211591,,,0.00040407008779341,0,,0,0,0.0241759856423927,0.000141686913901585,0,,,,8.92102791232204e-05,,,,0.000498528030394467,0.00856943445930699,,,,0,,0.00297017752845546,,,,,,,,0,0.143817465273587,0,,0.00256085977718421,0,0.00987610266528828,0,0.00150607941813907,0.00111775232077917,,0,0.00255036445022854,,,0,0.310273350790561
0,0,2021,2021-09-26,223,Bad Tölz-Wolfratshausen – Miesbach,09,Bayern,erststimme,166662,136106,134341,1765,0.816658866448261,csu,,,,0,,,,0,,,,0.0371591695759299,,,0,0,0,0,,0,,0.41313523049553,,0,,,0,0.0145078568716922,,0.0382608436739342,0,,,0,,0,0.0866154040836379,,,0.105299201286279,,0,0,0,0.155045741806299,,,0,0,,0,0,0.0196738151420639,0,0,,,,0,,,,0,0.0154606560915878,,,,0,,0,,,,,,,,0,0.114842080973046,0,,0,0,0,0,0,0,,0,0,,,0,0.41313523049553
0,0,2021,2021-09-26,223,Bad Tölz-Wolfratshausen – Miesbach,09,Bayern,zweitstimme,166662,136106,135356,750,0.816658866448261,csu,,,,0.0800481692721416,,,,0,,,,0.00884334643458731,,,0,0,0,0.000362008333579598,,0,,0.342090487307545,,0,,,0.000738792517509383,0.00678211531073613,,0.0221342238245811,0.000103430952451314,,,0.000576258163657318,,0,0.125949348385,,,0.0925780903691007,,0,0.000953042347587104,0,0.134002186825852,,,0.000302904932178847,0,,0,0,0.0214840864091729,0.000199473979727533,0,,,,0.00019208605455244,,,,0.000494990986731286,0.00794940748840096,,,,0,,0.00294039421968734,,,,,,,,0,0.135021720500015,0,,0.00238629983155531,0,0.00934572534649369,0,0.00130027483081651,0.00094565442241201,,0,0.0022754809539289,,,0,0.342090487307545
0,0,2021,2021-09-26,224,Starnberg – Landsberg am Lech,09,Bayern,erststimme,214828,180978,179820,1158,0.842432085203046,csu,,,,0.0595873651429207,,,,0,,,,0,,,0,0,0,0,,0,,0.381587142698254,,0,,,0,0.0129740851963074,,0.0298353909465021,0,,,0,,0,0.0922311200088978,,,0.050244689133578,,0,0,0,0.199138026915805,,,0,0,,0,0,0.020581692803915,0,0,,,,0,,,,0,0.0109665220776332,,,,0,,0,,,,,,,,0,0.133383383383383,0,,0,0,0,0,0,0.00400956512067623,,0,0.00546101657212768,,,0,0.381587142698254
0,0,2021,2021-09-26,224,Starnberg – Landsberg am Lech,09,Bayern,zweitstimme,214828,180978,180264,714,0.842432085203046,csu,,,,0.0613877424222252,,,,0,,,,0.0046986641814228,,,0,0,0,0.000654595482181689,,0,,0.321228864332313,,0,,,0.000710069675586917,0.0072060977233391,,0.0249911241290552,0.000133138064172547,,,0.000488172901966005,,0,0.132544490303111,,,0.0500710069675587,,0,0.00110393644876404,0,0.181195357919496,,,0.00019970709625882,0,,0,0,0.0246638263879643,0.000232991612301957,0,,,,6.65690320862735e-05,,,,0.000449340966582346,0.00717281320729597,,,,0,,0.00332845160431367,,,,,,,,0,0.158567434429503,0,,0.00245195934851107,0,0.00984666932942795,0,0.00132028580304442,0.00147006612523854,,0,0.00381662450627968,,,0,0.321228864332313
0,0,2021,2021-09-26,225,Traunstein,09,Bayern,erststimme,208815,163876,162594,1282,0.784790364676867,csu,,,,0.0779303049313013,,,,0,,,,0.013284623048821,,,0,0,0,0,,0,,0.366280428552099,,0,,,0,0.0114210856489169,,0.0253084369656937,0,,,0,,0,0.0754517386865444,,,0.114223157066066,,0,0,0,0.105901816795208,,,0,0,,0,0,0.0217535702424444,0.00181433509231583,0,,,,0,,,,0,0.014588484199909,,,,0,,0,,,,,,,,0,0.170018573871115,0,,0,0,0,0,0,0,,0,0,,,0.00202344489956579,0.366280428552099
0,0,2021,2021-09-26,225,Traunstein,09,Bayern,zweitstimme,208815,163876,163059,817,0.784790364676867,csu,,,,0.0860240771745197,,,,0,,,,0.0088802212696018,,,0,0,0,0.000827921181903483,,0,,0.315352111812289,,0,,,0.000686867943505112,0.0068748121845467,,0.0226850403841554,0.000128787739407208,,,0.000521283707124415,,0,0.0965724063069196,,,0.131050723971078,,0,0.000913779674841622,0,0.122562998669193,,,0.000392495967717207,0,,0,0,0.0241814312610773,0.000343433971752556,0,,,,0.000110389490920464,,,,0.000619407699053717,0.00869010603523878,,,,0,,0.0025328255416751,,,,,,,,0,0.154483959793694,0,,0.00149025812742627,0,0.00992892143334621,0,0.00158224936985999,0.000938310672823947,,0,0.00162517861632906,,,0,0.315352111812289
0,0,2021,2021-09-26,226,Weilheim,09,Bayern,erststimme,168473,138039,136595,1444,0.819353843049035,csu,,,,0.0709103554302866,,,,0,,,,0.0176067938065083,,,0,0,0,0,,0,,0.418602437863758,,0,,,0,0,,0.0314872433105165,0,,,0,,0,0.0626157619239357,,,0.0739412130751492,,0,0,0,0.119330868626231,,,0,0,,0,0,0.0198982393206193,0,0,,,,0,,,,0,0.0307844357406933,,,,0,,0,,,,,,,,0,0.144090193638127,0,,0,0,0,0,0,0,,0,0.00366045609282917,,,0.00707200117134595,0.418602437863758
0,0,2021,2021-09-26,226,Weilheim,09,Bayern,zweitstimme,168473,138039,137160,879,0.819353843049035,csu,,,,0.0792723826188393,,,,0,,,,0.00896033829104695,,,0,0,0,0.000619714202391368,,0,,0.351254009915427,,0,,,0.000605132691746865,0.0065981335666375,,0.0270997375328084,0.000349956255468066,,,0.000554097404491105,,0,0.10433799941674,,,0.0835666375036454,,0,0.000991542723826188,0,0.134128025663459,,,0.000444736074657335,0,,0,0,0.0227763196267133,0.000196850393700787,0,,,,0.000109361329833771,,,,0.000488480606590843,0.0126640419947507,,,,0,,0.00273403324584427,,,,,,,,0,0.145282881306503,0,,0.00215806357538641,0,0.00959463400408282,0,0.00186643336249635,0.000874890638670166,,0,0.00247156605424322,,,0,0.351254009915427
0,0,2021,2021-09-26,227,Deggendorf,09,Bayern,erststimme,166186,127193,126502,691,0.76536531356432,csu,,,,0.137800192882326,,,,0,,,,0.0210273355361971,,,0,0,0,0,,0,,0.37364626646219,,0,,,0,0.00715403709032268,,0.0147823749822137,0,,,0,,0,0.0499992094986641,,,0.15587105342208,,0,0,0,0.0544655420467661,,,0,0,,0,0,0.0149800003162005,0,0,,,,0,,,,0,0.00904333528323663,,,,0,,0.00362840113199791,,,,,,,,0,0.154361195870421,0,,0,0,0,0,0,0.00324105547738376,,0,0,,,0,0.37364626646219
0,0,2021,2021-09-26,227,Deggendorf,09,Bayern,zweitstimme,166186,127193,126644,549,0.76536531356432,csu,,,,0.141427939736584,,,,0,,,,0.0119705631534064,,,0,0,0,0.000379015192192287,,0,,0.332854300243201,,0,,,0.000497457439752377,0.0051009127949212,,0.0126259435899056,5.52730488613752e-05,,,0.00022898834528284,,0,0.0851047029468431,,,0.1437573039386,,0,0.000710653485360538,0,0.0672436120147816,,,0.000529042039101734,0,,0,0,0.0181690407757178,0.000134234547234768,0,,,,9.47537980480718e-05,,,,0.00069486118568586,0.00592211237800449,,,,0,,0.00262941789583399,,,,,,,,0,0.156920185717444,0,,0.00138182622153438,0,0.00836202267774233,0,0.0011844224756009,0.00123179937462493,,0,0.000789614983733931,,,0,0.332854300243201
0,0,2021,2021-09-26,228,Landshut,09,Bayern,erststimme,246854,195589,193950,1639,0.79232663841785,csu,,,,0.0989120907450374,,,,0,,,,0.011554524361949,,,0,0,0,0,,0,,0.364449600412477,,0,,,0,0,,0.014416086620263,0,,,0,,0,0.117422015983501,,,0.10349059035834,,0,0,0,0.112456818767724,,,0,0,,0,0,0.0203918535705079,0,0,,,,0,,,,0,0.0148904356792988,,,,0,,0,,,,,,,,0,0.115844289765403,0,,0,0,0.0186388244392885,0,0,0,,0,0,,,0.00753286929621036,0.364449600412477
0,0,2021,2021-09-26,228,Landshut,09,Bayern,zweitstimme,246854,195589,194766,823,0.79232663841785,csu,,,,0.102548699464999,,,,0,,,,0.00635121119702618,,,0,0,0,0.000508302270416808,,0,,0.330565909861064,,0,,,0.000662333261452204,0.00544242834991734,,0.014052760748796,0.000123224792828317,,,0.000487764804945422,,0,0.103734738095972,,,0.121925798137252,,0,0.00107308257087993,0,0.103134017230934,,,0.000451824240370496,0,,0,0,0.0214924576158056,0.000118090426460471,0,,,,8.72842282533913e-05,,,,0.000652064528716511,0.00731647207418133,,,,0,,0.00287011079962622,,,,,,,,0,0.158811086123861,0,,0.00235153979647372,0,0.0115882648922297,0,0.00129899469106518,0.000862573549798219,,0,0.0014889662466755,,,0,0.330565909861064
0,0,2021,2021-09-26,229,Passau,09,Bayern,erststimme,177563,136625,135480,1145,0.769445210995534,csu,,,,0.119685562444641,,,,0,,,,0,,,0,0,0,0,,0,,0.3065397106584,,0,,,0.0018010038382049,0.00911573664009448,,0.0115662828461766,0,,,0,,0,0.0775981694715087,,,0.126808385001476,,0,0,0,0.0892973132565692,,,0,0,,0,0,0.0197888987304399,0,0,,,,0,,,,0,0.0286093888396811,,,,0,,0,,,,,,,,0,0.209189548272808,0,,0,0,0,0,0,0,,0,0,,,0,0.3065397106584
0,0,2021,2021-09-26,229,Passau,09,Bayern,zweitstimme,177563,136625,136052,573,0.769445210995534,csu,,,,0.117771146326405,,,,0,,,,0.00551259812424661,,,0,0,0,0.00055860994325699,,0,,0.324986034751419,,0,,,0.000984917531532061,0.00494663805015729,,0.0109149442860083,0.000117602093317261,,,0.000389556934113427,,0,0.0939493722988269,,,0.121093405462617,,0,0.000962867139035075,0,0.0929424043747979,,,0.000367506541616441,0,,0,0,0.022733954664393,0.000132302354981919,0,,,,7.35013083232882e-05,,,,0.000852615176550143,0.00974627348366801,,,,0,,0.00257989592214741,,,,,,,,0,0.175609325846,0,,0.000999617793196719,0,0.00906271131626143,0,0.00108781936318466,0.000610060859083292,,0,0.00101431805486138,,,0,0.324986034751419
0,0,2021,2021-09-26,230,Rottal-Inn,09,Bayern,erststimme,173632,133885,132447,1438,0.771084823074088,csu,,,,0.126903591625329,,,,0,,,,0.020732821430459,,,0,0,0,0,,0,,0.351030978429107,,0,,,0,0.00835051001532689,,0.0180072028811525,0,,,0,,0,0.0770874387490845,,,0.167297107522254,,0,0,0,0.0769213345715645,,,0,0,,0,0,0.0144359630644711,0,0,,,,0,,,,0,0.0199853526316187,,,,0,,0,,,,,,,,0,0.119247699079632,0,,0,0,0,0,0,0,,0,0,,,0,0.351030978429107
0,0,2021,2021-09-26,230,Rottal-Inn,09,Bayern,zweitstimme,173632,133885,133246,639,0.771084823074088,csu,,,,0.122960539153145,,,,0,,,,0.00783513201146751,,,0,0,0,0.000352731038830434,,0,,0.342877084490341,,0,,,0.000420275280308602,0.00506581811086262,,0.013238671329721,0.000135088482956336,,,0.000367740870270027,,0,0.0968434324482536,,,0.149422871981148,,0,0.000863065307776594,0,0.0712591747594675,,,0.000555363763264939,0,,0,0,0.0186647253951338,9.00589886375576e-05,0,,,,9.00589886375576e-05,,,,0.000735481740540054,0.00868318748780451,,,,0,,0.00225147471593894,,,,,,,,0,0.143403929573871,0,,0.00137339957672275,0,0.00921603650391006,0,0.0014934782282395,0.000630412920462903,,0,0.00117076685228825,,,0,0.342877084490341
0,0,2021,2021-09-26,231,Straubing,09,Bayern,erststimme,173772,132955,132078,877,0.765111755633819,csu,,,,0.12715213737337,,,,0,,,,0.00979724102424325,,,0,0,0,0,,0,,0.442821665985251,,0,,,0,0.0114023531549539,,0.0113796393040476,0,,,0,,0,0.052204000666273,,,0.114439952149487,,0,0,0,0.0652114659519375,,,0,0,,0,0,0.0146580051181877,0,0,,,,0,,,,0,0.0186783567285998,,,,0,,0,,,,,,,,0,0.123502778661094,0,,0.0043156316721937,0,0,0,0,0,,0,0,,,0.00443677221036054,0.442821665985251
0,0,2021,2021-09-26,231,Straubing,09,Bayern,zweitstimme,173772,132955,132243,712,0.765111755633819,csu,,,,0.131591086106637,,,,0,,,,0.0072442397707251,,,0,0,0,0.000310035313778423,,0,,0.353455381381245,,0,,,0.000529328584499747,0.00674515853391106,,0.0105638861792307,0.000113427553821374,,,0.000272226129171298,,0,0.0877399937992937,,,0.135122463948942,,0,0.000786431039828195,0,0.0677843061636533,,,0.00073349818137822,0,,0,0,0.0186626135220768,0.000189045923035624,0,,,,4.53710215285497e-05,,,,0.00120989390742799,0.00961109472713111,,,,0,,0.00189045923035624,,,,,,,,0,0.150767904539371,0,,0.00207950515339186,0,0.00918007002260989,0,0.00160310942734209,0.00083936389827817,,0,0.000930105941335269,,,0,0.353455381381245
0,0,2021,2021-09-26,232,Amberg,09,Bayern,erststimme,216071,173297,171997,1300,0.802037293297111,csu,,,,0.103618086361971,,,,0,,,,0,,,0,0,0,0,,0,,0.40278609510631,,0,,,0,0,,0.016872387309081,0,,,0,,0,0.0593789426559766,,,0.121252114862469,,0,0,0,0.0808618754978284,,,0,0,,0,0,0.0241748402588417,0,0,,,,0,,,,0,0.0188782362483067,,,,0,,0,,,,,,,,0,0.159746972330913,0,,0,0,0,0,0,0,,0,0,,,0.0124304493683029,0.40278609510631
0,0,2021,2021-09-26,232,Amberg,09,Bayern,zweitstimme,216071,173297,172358,939,0.802037293297111,csu,,,,0.104190115921512,,,,0,,,,0.00505923716914794,,,0,0,0,0.000585989626243052,,0,,0.350607456572947,,0,,,0.000702027175994152,0.00574966059016698,,0.0169240766311979,0.000179858202114204,,,0.000516367096392393,,0,0.0874168881049908,,,0.0947562631267478,,0,0.00128221492474965,0,0.0939381984010026,,,0.000568583993780387,0,,0,0,0.0237586883115376,0.000150848814676429,0,,,,0.000116037549751099,,,,0.000963111662934126,0.00753083697884636,,,,0,,0.00438041750310401,,,,,,,,0,0.183031829099897,0,,0.00146787500435141,0,0.0112440385708815,0,0.00254122233954908,0.000742640318407037,,0,0.00159551630907762,,,0,0.350607456572947
0,0,2021,2021-09-26,233,Regensburg,09,Bayern,erststimme,248192,198937,197712,1225,0.801544771789582,csu,,,,0.083743020150522,,,,0,,,,0.00882596908634782,,,0,0,0,0,,0,,0.353251193655418,,0,,,0,0.0138281945456017,,0.0129835316015214,0,,,0,,0,0.0695658331310189,,,0.090566075908392,,0,0,0,0.153420126244234,,,0,0,,0,0,0.0304635024682366,0.000455207574654042,0,,,,0,,,,0,0.0148043619001376,,,,0,,0,,,,,,,,0,0.166150764748725,0,,0,0,0,0,0,0,,0,0,,,0.00194221898519058,0.353251193655418
0,0,2021,2021-09-26,233,Regensburg,09,Bayern,zweitstimme,248192,198937,198175,762,0.801544771789582,csu,,,,0.0875135612463732,,,,0,,,,0.00485934149110635,,,0,0,0,0.000428913838778857,,0,,0.30875236533367,,0,,,0.000989024851772423,0.00749337706572474,,0.0127463100794752,0.000237164122618897,,,0.000413775703292544,,0,0.0947294058281822,,,0.0838551785038476,,0,0.000898196038854548,0,0.161947773432572,,,0.000272486438753627,0,,0,0,0.0343030150119844,0.000257348303267314,0,,,,0.000105966948404188,,,,0.000509650561372524,0.00716033808502586,,,,0,,0.00266431184559102,,,,,,,,0,0.174406458937807,0,,0.00169042512930491,0,0.00950674908540431,0,0.00122618897439132,0.000953702535637694,,0,0.00207897060678693,,,0,0.30875236533367
0,0,2021,2021-09-26,234,Schwandorf,09,Bayern,erststimme,222424,174957,173755,1202,0.786592274215013,csu,,,,0.133187534171679,,,,0,,,,0,,,0,0,0,0,,0,,0.350631636499669,,0,,,0,0,,0.0106241547005842,0,,,0,,0,0.0422491439095278,,,0.157583954418578,,0,0,0,0.0456619953382637,,,0,0,,0,0,0.0175131650887744,0.00153664642744094,0,,,,0,,,,0,0.0100543869241173,,,,0,,0,,,,,,,,0,0.227993439037726,0,,0,0,0,0,0,0.00296394348364076,,0,0,,,0,0.350631636499669
0,0,2021,2021-09-26,234,Schwandorf,09,Bayern,zweitstimme,222424,174957,174145,812,0.786592274215013,csu,,,,0.134990955812685,,,,0,,,,0.00503603319073186,,,0,0,0,0.000522553044876396,,0,,0.341267334692354,,0,,,0.000562749432943811,0.00449051078124551,,0.00883172069252634,7.46504349823423e-05,,,0.000442160268741566,,0,0.0726406155789715,,,0.14421315570358,,0,0.000999167360532889,0,0.0641936317436619,,,0.000579976456401275,0,,0,0,0.0194895058715438,0.000476614315656493,0,,,,5.74234115248787e-05,,,,0.000924516925550547,0.00593758075167246,,,,0,,0.00211318154411554,,,,,,,,0,0.179212725027994,0,,0.000924516925550547,0,0.00857905768181688,0,0.00145281231157943,0.000947486290160498,,0,0.0010393637486003,,,0,0.341267334692354
0,0,2021,2021-09-26,235,Weiden,09,Bayern,erststimme,165807,132247,131424,823,0.797596000168871,csu,,,,0.102895970294619,,,,0,,,,0.00586650840029218,,,0,0,0,0,,0,,0.384823167762357,,0,,,0,0,,0.0110938641344047,0,,,0,,0,0.047959276844412,,,0.070808984660336,,0,0,0,0.0504702337472608,,,0,0,,0,0,0.0176147431214999,0,0,,,,0,,,,0,0.00654370586803019,,,,0,,0,,,,,,,,0,0.22501978329681,0,,0,0,0,0,0,0,,0,0,,,0.0769037618699781,0.384823167762357
0,0,2021,2021-09-26,235,Weiden,09,Bayern,zweitstimme,165807,132247,131356,891,0.797596000168871,csu,,,,0.113416973720272,,,,0,,,,0.00547367459423247,,,0,0,0,0.000532902950759767,,0,,0.353626785224885,,0,,,0.000662322238801425,0.00495599744206584,,0.0119827034927982,9.89676908553854e-05,,,0.000494838454276927,,0,0.0730914461463504,,,0.0918648558116873,,0,0.00114954779378178,0,0.0698102865495295,,,0.000487225554980359,0,,0,0,0.0215445050092877,0.000106580590151953,0,,,,4.56773957794086e-05,,,,0.000974451109960718,0.00465909436949968,,,,0,,0.002626450257316,,,,,,,,0,0.224283626176193,0,,0.00146167666494108,0,0.00950851122141356,0,0.0052985779104114,0.000715612533877402,,0,0.00112670909589208,,,0,0.353626785224885
0,0,2021,2021-09-26,236,Bamberg,09,Bayern,erststimme,182586,148660,147795,865,0.814191668583572,csu,,,,0.0898474237964748,,,,0,,,,0.00332216922088027,,,0,0,0,0,,0,,0.370283162488582,,0,,,0,0.0110084914915931,,0.0159748300010149,0,,,0,,0,0.0664501505463649,,,0.058919449237119,,0,0,0,0.153780574444332,,,0,0,,0,0,0.0245272167529348,0,0,,,,0.00121113704793802,,,,0,0.00870800771338679,,,,0,,0,,,,,,,,0,0.190283839101458,0,,0,0,0,0,0,0,,0,0.00491220947934639,,,0.000771338678575053,0.370283162488582
0,0,2021,2021-09-26,236,Bamberg,09,Bayern,zweitstimme,182586,148660,148068,592,0.814191668583572,csu,,,,0.0964691898316989,,,,0,,,,0.00257314206985979,,,0,0,0,0.000709133641299943,,0,,0.334055974282087,,0,,,0.00116838209471324,0.00750330929032607,,0.0141353972499122,0.000114812113353324,,,0.000472755760866629,,0,0.0968203798254856,,,0.0620255558257017,,0,0.00142502093632655,0,0.147891509306535,,,0.000729394602479942,0,,0,0,0.0315800848258908,0.000155334035713321,0,,,,0.000337682686333306,,,,0.000857714023286598,0.00501121106518627,,,,0,,0.00347137801550639,,,,,,,,0,0.173555393467866,0,,0.00215441553880649,0,0.0101237269362725,0,0.00176945727638652,0.00100629440527325,,0,0.00388335089283302,,,0,0.334055974282087
0,0,2021,2021-09-26,237,Bayreuth,09,Bayern,erststimme,162430,129136,128330,806,0.795025549467463,csu,,,,0.0839788046442765,,,,0,,,,0,,,0,0,0,0,,0,,0.424413621133016,,0,,,0,0.0133172290189356,,0.0158030078703343,0,,,0,,0,0.0715499103872828,,,0.060422348632432,,0,0,0,0.109592456946934,,,0,0,,0,0,0.0200810410660017,0,0,,,,0,,,,0,0.00727811111976935,,,,0,,0,,,,,,,,0,0.193563469181018,0,,0,0,0,0,0,0,,0,0,,,0,0.424413621133016
0,0,2021,2021-09-26,237,Bayreuth,09,Bayern,zweitstimme,162430,129136,128530,606,0.795025549467463,csu,,,,0.0905313934490002,,,,0,,,,0.00209289660001556,,,0,0,0,0.00110480043569595,,0,,0.340527503306621,,0,,,0.0010192173033533,0.00768692134132109,,0.0127752275733292,0.000140045125651599,,,0.000552400217847973,,0,0.0935190227962343,,,0.0689099821053451,,0,0.00129152726989808,0,0.121738115615032,,,0.000637983350190617,0,,0,0,0.0256282579942426,0.000147825410410021,0,,,,0.000101143701859488,,,,0.000785808760600638,0.00401462693534583,,,,0,,0.00286314479109935,,,,,,,,0,0.206831090017895,0,,0.00187504862677974,0,0.0101610518944993,0,0.00163385979926865,0.000933634171010659,,0,0.00249747140745351,,,0,0.340527503306621
0,0,2021,2021-09-26,238,Coburg,09,Bayern,erststimme,156571,123864,122943,921,0.791104355212651,csu,,,,0.0966138779759726,,,,0,,,,0.00180571484346404,,,0,0,0,0,,0,,0.365128555509464,,0,,,0,0.0152265684097509,,0.0162839689937613,0,,,0,,0,0.0518044947658671,,,0.075116110717975,,0,0,0,0.0860642736878065,,,0,0,,0,0,0.0190088089602499,0,0,,,,0.000675109603637458,,,,0,0.0115338002163604,,,,0,,0,,,,,,,,0,0.260738716315691,0,,0,0,0,0,0,0,,0,0,,,0,0.365128555509464
0,0,2021,2021-09-26,238,Coburg,09,Bayern,zweitstimme,156571,123864,123160,704,0.791104355212651,csu,,,,0.104222150048717,,,,0,,,,0.00152646963299773,,,0,0,0,0.000885027606365703,,0,,0.319446248782072,,0,,,0.000990581357583631,0.00928873010717766,,0.0151753816174082,5.6836635271192e-05,,,0.000422215004871712,,0,0.0867408249431634,,,0.0610912633972069,,0,0.00135595972718415,0,0.0930415719389412,,,0.00052776875608964,0,,0,0,0.0253166612536538,0.00016239038648912,0,,,,0.000349139330951608,,,,0.00112861318609938,0.00546443650535888,,,,0,,0.00278499512828841,,,,,,,,0,0.252411497239363,0,,0.00207859694706073,0,0.0122523546606041,0,0.00131536213056187,0.000649561545956479,,0,0.00131536213056187,,,0,0.319446248782072
0,0,2021,2021-09-26,239,Hof,09,Bayern,erststimme,162872,125334,124455,879,0.769524534603861,csu,,,,0.118155156482263,,,,0,,,,0,,,0,0,0,0.00252300028122615,,0,,0.41229360009642,,0,,,0,0.0158209794704913,,0.0120364790486521,0,,,0,,0,0.0521714675987305,,,0.0578683058133462,,0,0,0,0.0638061950102447,,,0,0,,0,0,0.0213008718010526,0,0,,,,0,,,,0,0.00408179663332128,,,,0,,0,,,,,,,,0,0.239146679522719,0,,0,0,0,0,0,0,,0,0,,,0.000795468241533084,0.41229360009642
0,0,2021,2021-09-26,239,Hof,09,Bayern,zweitstimme,162872,125334,124559,775,0.769524534603861,csu,,,,0.116892396374409,,,,0,,,,0.00236835555841007,,,0,0,0,0.00204722260133752,,0,,0.331634004768824,,0,,,0.000851002336242263,0.0101799147391999,,0.0107499257380037,0.000120424858902207,,,0.000505784407389269,,0,0.0847148740757392,,,0.0638653168378038,,0,0.00131664512399746,0,0.0772967027673633,,,0.000875087308022704,0,,0,0,0.0241170850761487,0.000240849717804414,0,,,,0.000128453182829021,,,,0.00138087171541197,0.00255300700872679,,,,0,,0.00300259314862836,,,,,,,,0,0.244269783797237,0,,0.00320330124679871,0,0.0142904165897286,0,0.00183045785531355,0.000642265914145104,,0,0.000923257251583587,,,0,0.331634004768824
0,0,2021,2021-09-26,240,Kulmbach,09,Bayern,erststimme,168923,137178,136397,781,0.812074140288771,csu,,,,0.105691474152657,,,,0,,,,0.00453822298144387,,,0,0,0,0,,0,,0.477745111696005,,0,,,0,0.0143258282806807,,0.0128155311333827,0,,,0,,0,0.0475083762839359,,,0.0764679575063968,,0,0,0,0.0745250995256494,,,0,0,,0,0,0.0179476088183758,0,0,,,,0,,,,0,0.00638577094804138,,,,0,,0,,,,,,,,0,0.162049018673431,0,,0,0,0,0,0,0,,0,0,,,0,0.477745111696005
0,0,2021,2021-09-26,240,Kulmbach,09,Bayern,zweitstimme,168923,137178,136507,671,0.812074140288771,csu,,,,0.115554513687943,,,,0,,,,0.0032672317170548,,,0,0,0,0.000923029588226245,,0,,0.36180562168973,,0,,,0.000600701795512318,0.0087834323514545,,0.0125854351791483,0.000117210106441428,,,0.000534771110639015,,0,0.0835048752078648,,,0.0763330818199799,,0,0.00148710322547562,0,0.0876585083548829,,,0.000908378324921066,0,,0,0,0.0218450335880211,0.000234420212882856,0,,,,0.00019779205461991,,,,0.00135524185572901,0.00443200714981649,,,,0,,0.00314269597896079,,,,,,,,0,0.197857985304783,0,,0.0015676851736541,0,0.0113400777982082,0,0.0017728028599266,0.000673958112038211,,0,0.00151640575208597,,,0,0.36180562168973
0,0,2021,2021-09-26,241,Ansbach,09,Bayern,erststimme,243174,192508,190994,1514,0.791647133328399,csu,,,,0.0964323486601673,,,,0,,,,0,,,0,0,0,0,,0,,0.383844518675979,,0,,,0,0,,0.0270532058598699,0,,,0,,0,0.0681487376566803,,,0.0868718389059342,,0,0,0,0.111746965873274,,,0,0,,0,0,0.0198854414274794,0,0,,,,0,,,,0.00234038765615674,0.0151941945820288,,,,0,,0.0114139711195116,,,,,,,,0,0.177068389582919,0,,0,0,0,0,0,0,,0,0,,,0,0.383844518675979
0,0,2021,2021-09-26,241,Ansbach,09,Bayern,zweitstimme,243174,192508,191486,1022,0.791647133328399,csu,,,,0.0999655327282412,,,,0,,,,0.00273127017118745,,,0,0,0,0.0014570255788935,,0,,0.330567247736127,,0,,,0.000757235515912391,0.00685167584053142,,0.0211608159343242,0.000219337183919451,,,0.000527453704187251,,0,0.0846693753068109,,,0.0769664623001159,,0,0.0013630239286423,0,0.116588157880994,,,0.000511786762478719,0,,0,0,0.0256102273795473,0.00011489090586257,0,,,,0.000125335533668258,,,,0.00187481069112102,0.0079274725045173,,,,0,,0.00547298497018059,,,,,,,,0,0.196578339930857,0,,0.00213070407236038,0,0.0115830922365082,0,0.00191658920234377,0.00102879583886028,,0,0.00130035616180817,,,0,0.330567247736127
0,0,2021,2021-09-26,242,Erlangen,09,Bayern,erststimme,187299,155377,154431,946,0.829566628759363,csu,,,,0.0690858700649481,,,,0,,,,0,,,0,0,0,0,,0,,0.351114737326055,,0,,,0,0.0166935395095544,,0.0169590302465179,0,,,0,,0,0.0672274349062041,,,0.0510778276382333,,0,0,0,0.193762910296508,,,0,0,,0,0,0,0,0,,,,0.00121737215973477,,,,0,0.013468798363023,,,,0,,0.00815250823992592,,,,,,,,0,0.207445396325867,0,,0,0,0,0,0,0,,0,0,,,0.00379457492342859,0.351114737326055
0,0,2021,2021-09-26,242,Erlangen,09,Bayern,zweitstimme,187299,155377,154708,669,0.829566628759363,csu,,,,0.0702743232412028,,,,0,,,,0.00130568554955141,,,0,0,0,0.000775654781911731,,0,,0.288698709827546,,0,,,0.00142203376683817,0.00782118571760995,,0.0134705380458671,9.04930578897019e-05,,,0.00045246528944851,,0,0.103821392558885,,,0.0457700959226414,,0,0.000988959846937456,0,0.201812446673734,,,0.00039429118080513,0,,0,0,0.0375998655531711,0.000122812007136024,0,,,,0.000200377485327197,,,,0.000659306564624971,0.00696150166765778,,,,0,,0.00436952193810275,,,,,,,,0,0.194857408795925,0,,0.00320603976523515,0,0.00885539209349226,0,0.00151899061457714,0.00113116322362127,,0,0.00341934483026088,,,0,0.288698709827546
0,0,2021,2021-09-26,243,Fürth,09,Bayern,erststimme,250730,197939,196501,1438,0.789450803653332,csu,,,,0.0857909120055369,,,,0,,,,0.0025801395412746,,,0,0,0,0,,0,,0.335245113256421,,0,,,0.00211703757232788,0.0157251108136854,,0.0190838723467056,0,,,0,,0,0.0655620073180289,,,0.0526205973506496,,0,0,0,0.137968763517743,,,0,0,,0,0,0.0316588719650282,0,0,,,,0,,,,0,0.00857501997445306,,,,0,,0,,,,,,,,0,0.239963155403789,0,,0,0,0,0,0,0,,0,0.00310939893435657,,,0,0.335245113256421
0,0,2021,2021-09-26,243,Fürth,09,Bayern,zweitstimme,250730,197939,196943,996,0.789450803653332,csu,,,,0.0898330989169455,,,,0,,,,0.00224938180082562,,,0,0,0,0.00105614314801745,,0,,0.299457203353255,,0,,,0.00147758488496672,0.00843391235027394,,0.0171064724311095,0.000314811899889816,,,0.000507761128854542,,0,0.0952813758295548,,,0.0490954235489456,,0,0.00120847148667381,0,0.151201108950305,,,0.000655011856222359,0,,0,0,0.0352690880102365,0.000137095504790726,0,,,,0.000218337285407453,,,,0.000913970031938175,0.00508776651112251,,,,0,,0.00419410692433851,,,,,,,,0,0.214930208232839,0,,0.00361018162615579,0,0.0125061566036874,0,0.00180762961872217,0.00109168642703726,,0,0.00235601163788507,,,0,0.299457203353255
0,0,2021,2021-09-26,244,Nürnberg-Nord,09,Bayern,erststimme,188283,145212,144206,1006,0.77124328802919,csu,,,,0.058839438026157,,,,0,,,,0,,,0,0,0,0,,0,,0.284502725268019,,0,,,0,0,,0.019257173765308,0,,,0,,0,0.0754614925869936,,,0.0297213708167483,,0,0,0,0.22565635271764,,,0,0,,0,0,0.0535761341414366,0,0,,,,0.00103324410912167,,,,0,0.0125722924150174,,,,0,,0.01282193528702,,,,,,,,0,0.219241917812019,0,,0,0,0,0,0,0,,0,0.0059359527342829,,,0.00137997032023633,0.284502725268019
0,0,2021,2021-09-26,244,Nürnberg-Nord,09,Bayern,zweitstimme,188283,145212,144486,726,0.77124328802919,csu,,,,0.0615076893263015,,,,0,,,,0.000865135722492145,,,0,0,0,0.000816688122032585,,0,,0.237732375455061,,0,,,0.00150187561424636,0.0101186274102681,,0.0159877081516548,0.00060905554863447,,,0.000823609207812522,,0,0.101684592278837,,,0.0250612516091524,,0,0.00114197915368963,0,0.23569757623576,,,0.000269922345417549,0,,0,0,0.0597082070235179,0.000214553659178052,0,,,,0.000387580803676481,,,,0.000539844690835098,0.00574450119734784,,,,0,,0.00542613125147073,,,,,,,,0,0.20923826529906,0,,0.00613900308680426,0,0.0115028445662556,0,0.00141190149910718,0.00132884846974793,,0,0.00454023227163878,,,0,0.237732375455061
0,0,2021,2021-09-26,245,Nürnberg-Süd,09,Bayern,erststimme,177316,129560,128423,1137,0.730672922917278,csu,,,,0.102185745544022,,,,0,,,,0,,,0,0,0,0,,0,,0.344112814682728,,0,,,0,0,,0.0193968370151764,0,,,0,,0,0.0683444554324381,,,0.0459185659889584,,0,0,0,0.121208817735141,,,0,0,,0,0,0.0403666009982635,0,0,,,,0,,,,0,0.0121629303162206,,,,0,,0,,,,,,,,0,0.242152885386574,0,,0,0,0,0,0,0,,0,0.00415034690047733,,,0,0.344112814682728
0,0,2021,2021-09-26,245,Nürnberg-Süd,09,Bayern,zweitstimme,177316,129560,128713,847,0.730672922917278,csu,,,,0.1002307459231,,,,0,,,,0.00143730625500144,,,0,0,0,0.000986691321000987,,0,,0.3003814688493,,0,,,0.00107992199700108,0.00790906901400791,,0.0177060592170177,0.000372922704000373,,,0.000621537840000622,,0,0.0893072183850893,,,0.0344409655590344,,0,0.00146838314700147,0,0.137414247201137,,,0.000598230171000598,0,,0,0,0.038014808139038,0.000225307467000225,0,,,,0.000271922805000272,,,,0.00118869111900119,0.00551614833000552,,,,0,,0.00575699424300576,,,,,,,,0,0.226822465485227,0,,0.00828199171800828,0,0.0143419856580143,0,0.00181799818200182,0.00106438355100106,,0,0.00274253571900274,,,0,0.3003814688493
0,0,2021,2021-09-26,246,Roth,09,Bayern,erststimme,229279,189675,188283,1392,0.827267215924703,csu,,,,0.0793698846948477,,,,0,,,,0,,,0,0,0,0,,0,,0.37963066235401,,0,,,0,0.0114136698480479,,0.0250686466648609,0,,,0,,0,0.0668992952098702,,,0.0877827525586484,,0,0,0,0.133522410414111,,,0,0,,0,0,0.0269594174726343,0.00098256348156764,0,,,,0,,,,0,0.00814731016607979,,,,0,,0.00900771710669577,,,,,,,,0,0.168926562674272,0,,0,0,0,0,0,0,,0,0,,,0.00228910735435488,0.37963066235401
0,0,2021,2021-09-26,246,Roth,09,Bayern,zweitstimme,229279,189675,188730,945,0.827267215924703,csu,,,,0.0850050336459493,,,,0,,,,0.00199226408096222,,,0,0,0,0.00101202776453134,,0,,0.323107084194352,,0,,,0.000694113283526731,0.00700471573146823,,0.019583532029884,0.000111270068351613,,,0.000476871721506915,,0,0.0899380066762041,,,0.0667673395856515,,0,0.00139882371642028,0,0.138806760981296,,,0.000545753192391247,0,,0,0,0.0262279446828803,0.00033381020505484,0,,,,0.000100672918984793,,,,0.000800084777194935,0.0045885656758332,,,,0,,0.00559529486568113,,,,,,,,0,0.205510517670747,0,,0.0028665289037249,0,0.0127218778148678,0,0.00188629258729402,0.000932549144280189,,0,0.00199226408096222,,,0,0.323107084194352
0,0,2021,2021-09-26,247,Aschaffenburg,09,Bayern,erststimme,182652,146772,145538,1234,0.803560869850864,csu,,,,0.0958787395731699,,,,0,,,,0.00354546578900356,,,0,0,0,0,,0,,0.407240720636535,,0,,,0,0.0138932787313279,,0.0165729912462725,0,,,0,,0,0.0802745674669159,,,0.0349530706756998,,0,0,0,0.134590278827523,,,0,0,,0,0,0.0242960601354973,0.00336681828800726,0,,,,0.00107875606370845,,,,0,0.0108562712143907,,,,0,,0,,,,,,,,0,0.171041240088499,0,,0,0,0,0,0,0,,0,0,,,0.0024117412634501,0.407240720636535
0,0,2021,2021-09-26,247,Aschaffenburg,09,Bayern,zweitstimme,182652,146772,145720,1052,0.803560869850864,csu,,,,0.094125720559978,,,,0,,,,0.00283420258029097,,,0,0,0,0.000507823222618721,,0,,0.313882788910239,,0,,,0.000953884161405435,0.00780949766675817,,0.0144935492725775,0.000240186659346692,,,0.000823497117760088,,0,0.111165248421631,,,0.0392396376612682,,0,0.00144111995608015,0,0.141655229206698,,,0.000548998078506725,0,,0,0,0.027916552292067,0.00103623387318144,0,,,,0.000418611034861378,,,,0.000754872357946747,0.00552429316497392,,,,0,,0.00378122426571507,,,,,,,,0,0.207466373867691,0,,0.00417238539665111,0,0.0131553664562174,0,0.0024773538292616,0.00103623387318144,,0,0.0025391161130936,,,0,0.313882788910239
0,0,2021,2021-09-26,248,Bad Kissingen,09,Bayern,erststimme,214061,174164,172540,1624,0.813618547983986,csu,,,,0.0992813260693173,,,,0,,,,0,,,0,0,0,0,,0,,0.390970209806422,,0,,,0,0.0141300567984236,,0.0219253506433291,0,,,0,,0,0.0707430161122059,,,0.0817317723426452,,0,0,0,0.0954387388431668,,,0,0,,0,0,0.0259360148371392,0,0,,,,0,,,,0,0.00733742900197056,,,,0,,0,,,,,,,,0,0.190355859510838,0,,0,0,0,0,0,0,,0,0,,,0.00215022603454272,0.390970209806422
0,0,2021,2021-09-26,248,Bad Kissingen,09,Bayern,zweitstimme,214061,174164,173105,1059,0.813618547983986,csu,,,,0.106490280465613,,,,0,,,,0.00274977614742497,,,0,0,0,0.000826088212356662,,0,,0.37585858294099,,0,,,0.000652782992981139,0.00818000635452471,,0.0193813003668294,0.00014442101614627,,,0.000629675630397736,,0,0.0878715230640363,,,0.0730134889229081,,0,0.00151930908985876,0,0.0917015684122354,,,0.000860749256231767,0,,0,0,0.0278443719130008,0.000184858900667225,0,,,,0.000115536812917016,,,,0.00117847549175356,0.00448860518182606,,,,0,,0.00322347708038474,,,,,,,,0,0.176424713324283,0,,0.00119002917304526,0,0.0107564772825742,0,0.00241471938996563,0.000935848184627827,,0,0.00136333439242079,,,0,0.37585858294099
0,0,2021,2021-09-26,249,Main-Spessart,09,Bayern,erststimme,194408,158133,156785,1348,0.8134078844492,csu,,,,0.0802117549510476,,,,0,,,,0,,,0,0,0,0,,0,,0.385808591383104,,0,,,0,0,,0.0203782249577447,0,,,0,,0,0.0606818254297286,,,0.100609114392321,,0,0,0,0.10085786267819,,,0,0,,0,0,0.025959115986861,0.0015307586822719,0,,,,0,,,,0,0.00901871990305195,,,,0,,0,,,,,,,,0,0.214944031635679,0,,0,0,0,0,0,0,,0,0,,,0,0.385808591383104
0,0,2021,2021-09-26,249,Main-Spessart,09,Bayern,zweitstimme,194408,158133,157067,1066,0.8134078844492,csu,,,,0.0886118662736284,,,,0,,,,0.00241298299451826,,,0,0,0,0.000821305557500939,,0,,0.344419897241305,,0,,,0.000623937555310791,0.00736628317851617,,0.0184316247206606,0.000152801033953663,,,0.000776738589264454,,0,0.0900953096449286,,,0.0668249855157353,,0,0.00152801033953663,0,0.113365633774122,,,0.000738538330776038,0,,0,0,0.0234613254216354,0.000611204135814652,0,,,,0.000197368002190148,,,,0.000859505815989355,0.0049150999255095,,,,0,,0.00310058764730975,,,,,,,,0,0.208643445153979,0,,0.00336162274698059,0,0.0130008213055575,0,0.00245754996275475,0.00117147459364475,,0,0.00205008053887831,,,0,0.344419897241305
0,0,2021,2021-09-26,250,Schweinfurt,09,Bayern,erststimme,196710,157357,155803,1554,0.79994408011794,csu,,,,0.0992792179868167,,,,0,,,,0.00553904610309173,,,0,0,0,0,,0,,0.408830381956702,,0,,,0,0,,0.0177018414279571,0,,,0,,0,0.0796390313408599,,,0.0498129047579315,,0,0,0,0.0946515792378837,,,0,0,,0,0,0.0420531055242839,0,0,,,,0.00107186639538391,,,,0,0.00788816646662773,,,,0,,0,,,,,,,,0,0.186369967202172,0,,0,0,0,0,0.00716289160029011,0,,0,0,,,0,0.408830381956702
0,0,2021,2021-09-26,250,Schweinfurt,09,Bayern,zweitstimme,196710,157357,156352,1005,0.79994408011794,csu,,,,0.100331303724928,,,,0,,,,0.0033450163733115,,,0,0,0,0.000735519852640197,,0,,0.348195098239869,,0,,,0.000786686451084732,0.0072720528039296,,0.0157976872697503,0.000121520671305772,,,0.000677957429390094,,0,0.096186809250921,,,0.0583235264019648,,0,0.00122160253786328,0,0.109272666803111,,,0.000588415882112157,0,,0,0,0.0315186246418338,0.000223853868194842,0,,,,0.00033258288988948,,,,0.000991352844862874,0.00420205689725747,,,,0,,0.00367120343839542,,,,,,,,0,0.194957531723291,0,,0.00326187065083913,0,0.0116212136717151,0,0.00321709987720016,0.00117043593941875,,0,0.00197630986492018,,,0,0.348195098239869
0,0,2021,2021-09-26,251,Würzburg,09,Bayern,erststimme,224907,185659,183504,2155,0.825492314601146,csu,,,,0,,,,0,,,,0,,,0,0,0,0,,0,,0.368662263492894,,0,,,0.00421789170808266,0,,0.0266915162612259,0,,,0,,0,0.105796058941494,,,0.0514430203156335,,0,0,0,0.197788604063127,,,0,0,,0,0,0.0409909320777749,0,0,,,,0,,,,0,0.0136291307001482,,,,0,,0,,,,,,,,0,0.180513776266457,0,,0,0,0,0,0,0,,0,0,,,0.0102668061731624,0.368662263492894
0,0,2021,2021-09-26,251,Würzburg,09,Bayern,zweitstimme,224907,185659,184702,957,0.825492314601146,csu,,,,0.066160626306158,,,,0,,,,0.00151054130437137,,,0,0,0,0.000676765817370684,,0,,0.302958278740891,,0,,,0.0016621368474624,0.00774761507725959,,0.0125066323050102,0.000211150935019653,,,0.000720078829682407,,0,0.104113653344306,,,0.0372004634492317,,0,0.00126149148357895,0,0.192926985089496,,,0.00034650409849379,0,,0,0,0.0380450671893103,0.000221979188097584,0,,,,0.000146181416552068,,,,0.000622624551981029,0.00594471093978409,,,,0,,0.00360039414841204,,,,,,,,0,0.200750397938301,0,,0.00234431679137205,0,0.0113209385929768,0,0.00217106474212515,0.00116945133241654,,0,0.00365994954034066,,,0,0.302958278740891
0,0,2021,2021-09-26,252,Augsburg-Stadt,09,Bayern,erststimme,207543,153315,152311,1004,0.738714386898137,csu,,,,0.0881814182823302,,,,0,,,,0.00423475651791401,,,0,0,0,0,,0,,0.280872688118389,,0,,,0,0.0157244059851225,,0.0223161820223096,0,,,0,,0,0.0845638200786549,,,0.0429384614374536,,0,0,0,0.205809166770621,,,0,0,,0,0,0.0470616042176862,0,0,,,,0.0010898753208895,,,,0,0.0107477463873259,,,,0,,0,,,,,,,,0,0.180243055327586,0,,0,0,0,0,0,0.00626350033812397,,0,0.00457616324493963,,,0.0053771559506536,0.280872688118389
0,0,2021,2021-09-26,252,Augsburg-Stadt,09,Bayern,zweitstimme,207543,153315,152460,855,0.738714386898137,csu,,,,0.0910927456382002,,,,0,,,,0.00309589400498491,,,0,0,0,0.000760855306309852,,0,,0.253528794437885,,0,,,0.00113472386199659,0.011038961038961,,0.0202807293716385,0.000196772924045651,,,0.000596877869605142,,0,0.111301324937689,,,0.0422799422799423,,0,0.00116751934933753,0,0.190023612750885,,,0.000406664043027679,0,,0,0,0.0455988455988456,0.000249245703791158,0,,,,0.000642791551882461,,,,0.000590318772136954,0.00613931523022432,,,,0,,0.00379115833661288,,,,,,,,0,0.191525646071101,0,,0.00526039616948708,0,0.0106519742883379,0,0.00163977436704709,0.00314180768726223,,0,0.00386330840876295,,,0,0.253528794437885
0,0,2021,2021-09-26,253,Augsburg-Land,09,Bayern,erststimme,249372,204737,203087,1650,0.821010378069711,csu,,,,0.0968058024393486,,,,0,,,,0,,,0,0,0,0,,0,,0.405850694529931,,0,,,0,0,,0.0231083230339707,0,,,0,,0,0.0789415373706835,,,0.0946884832608685,,0,0,0,0.122144696607858,,,0,0,,0,0,0.0175934451737433,0,0,,,,0,,,,0,0.0152643940774151,,,,0,,0,,,,,,,,0,0.144937883764101,0,,0,0,0,0,0,0,,0,0,,,0.00066473974208098,0.405850694529931
0,0,2021,2021-09-26,253,Augsburg-Land,09,Bayern,zweitstimme,249372,204737,203667,1070,0.821010378069711,csu,,,,0.095651234613364,,,,0,,,,0.0046595668419528,,,0,0,0,0.000888705583133252,,0,,0.333303873479749,,0,,,0.000785596095587405,0.00647134783740125,,0.0208133865574688,0.000211128950689115,,,0.000481177608547286,,0,0.109497365798092,,,0.0814810450392062,,0,0.00120294402136821,0,0.12867573048162,,,0.000397708023391124,0,,0,0,0.0205040580948313,0.000201308999494273,0,,,,0.000225858877481379,,,,0.000702126510431243,0.00681013615362332,,,,0,,0.00294598535845277,,,,,,,,0,0.164017734831858,0,,0.00265138682260749,0,0.0110474450941979,0,0.00236660823795706,0.00188543062940977,,0,0.00212110945808599,,,0,0.333303873479749
0,0,2021,2021-09-26,254,Donau-Ries,09,Bayern,erststimme,195774,157033,155924,1109,0.802113661671111,csu,,,,0.100837587542649,,,,0,,,,0,,,0,0,0,0,,0,,0.410744978322773,,0,,,0,0,,0.0249801185192786,0,,,0,,0,0.0635886714040174,,,0.0951360919422283,,0,0,0,0.071034606603217,,,0,0,,0,0,0.0195479849157282,0.00188553397809189,0,,,,0,,,,0,0.00910700084656628,,,,0,,0,,,,,,,,0,0.191580513583541,0,,0,0,0,0,0.00536158641389395,0.00619532592801621,,0,0,,,0,0.410744978322773
0,0,2021,2021-09-26,254,Donau-Ries,09,Bayern,zweitstimme,195774,157033,156215,818,0.802113661671111,csu,,,,0.109688570239734,,,,0,,,,0.00414812918093653,,,0,0,0,0.000774573504465,,0,,0.351624363857504,,0,,,0.000499311845853471,0.00570367762378773,,0.0219697212175527,0.000128028678423967,,,0.000448100374483884,,0,0.0998175591332458,,,0.0958486701021029,,0,0.0011778638415005,0,0.0954517811989886,,,0.000601734788592645,0,,0,0,0.0182760938450213,0.000678551995647025,0,,,,8.96200748967769e-05,,,,0.00112665237013091,0.00555644464360017,,,,0,,0.00401369906859136,,,,,,,,0,0.165054572224178,0,,0.00167717568735397,0,0.00952533367474314,0,0.00317511122491438,0.00162596421598438,,0,0.00131869538776686,,,0,0.351624363857504
0,0,2021,2021-09-26,255,Neu-Ulm,09,Bayern,erststimme,241919,188813,187334,1479,0.780480243387249,csu,,,,0.120197081149177,,,,0,,,,0,,,0,0,0,0,,0,,0.371934619449753,,0,,,0,0,,0.0201885402543051,0,,,0,,0,0.0776260582702553,,,0.0745406599976513,,0,0,0,0.110076120725549,,,0,0,,0,0,0.0185017135170338,0,0,,,,0,,,,0,0.00948039330820887,,,,0,,0.00911206721684264,,,,,,,,0,0.159928256483073,0,,0,0,0.0212454759947474,0,0,0,,0,0.00480425336564639,,,0.00236476026775705,0.371934619449753
0,0,2021,2021-09-26,255,Neu-Ulm,09,Bayern,zweitstimme,241919,188813,187714,1099,0.780480243387249,csu,,,,0.11876045473433,,,,0,,,,0.0038089860106332,,,0,0,0,0.00132648603726946,,0,,0.314457099630289,,0,,,0.000905633037493208,0.00678692052803733,,0.0176225534589855,0.000165144848013467,,,0.000474125531393503,,0,0.117300787368017,,,0.0733669305432733,,0,0.00136377680940154,0,0.110615084650053,,,0.000607306860436622,0,,0,0,0.0234931864432062,0.000255708151762788,0,,,,0.000117199569557945,,,,0.00147032187263603,0.0064566308320104,,,,0,,0.00493836368091885,,,,,,,,0,0.16993937585902,0,,0.00487443664297815,0,0.0144688195872444,0,0.00259437228975995,0.00102815986021288,,0,0.00280213516306722,,,0,0.314457099630289
0,0,2021,2021-09-26,256,Oberallgäu,09,Bayern,erststimme,228803,181755,180138,1617,0.794373325524578,csu,,,,0.0803439585206897,,,,0,,,,0,,,0,0,0,0,,0,,0.297360912189544,,0,,,0,0.0125958986998856,,0.0305765579722213,0,,,0,,0,0.13103287479599,,,0.0898255781678491,,0,0,0,0.154420499839012,,,0,0,,0,0,0.0272624321353629,0,0,,,,0,,,,0,0.0123960519157535,,,,0,,0,,,,,,,,0,0.157662458781601,0,,0,0,0,0,0,0.0040579999777948,,0,0,,,0.00246477700429671,0.297360912189544
0,0,2021,2021-09-26,256,Oberallgäu,09,Bayern,zweitstimme,228803,181755,180741,1014,0.794373325524578,csu,,,,0.0793953779164661,,,,0,,,,0.0028715122744701,,,0,0,0,0.00102909688449217,,0,,0.304396899430677,,0,,,0.000752457937048041,0.00758543993891812,,0.0288202455447298,0.00016598336846648,,,0.000575409010683796,,0,0.115928317315938,,,0.0828257008647734,,0,0.00101803132659441,0,0.151559413746743,,,0.000420491200115082,0,,0,0,0.0279018042392152,0.00016598336846648,0,,,,8.29916842332398e-05,,,,0.00052008122119497,0.00693257202294997,,,,0,,0.00284938115867457,,,,,,,,0,0.16548541836108,0,,0.00263360277966814,0,0.0108387139608611,0,0.00157684200043156,0.00169303035835809,,0,0.00197520208475111,,,0,0.304396899430677
0,0,2021,2021-09-26,257,Ostallgäu,09,Bayern,erststimme,250575,198667,197125,1542,0.792844457747182,csu,,,,0.101564996829423,,,,0,,,,0,,,0,0,0,0,,0,,0.387566265060241,,0,,,0,0.0118706404565631,,0.0370475586556753,0,,,0,,0,0.0723297400126823,,,0.0903944197844008,,0,0,0,0.122399492707673,,,0,0,,0,0,0.0338211794546608,0,0,,,,0,,,,0,0.0158275206087508,,,,0,,0,,,,,,,,0,0.123211160431198,0,,0,0,0,0,0,0.00396702599873177,,0,0,,,0,0.387566265060241
0,0,2021,2021-09-26,257,Ostallgäu,09,Bayern,zweitstimme,250575,198667,197643,1024,0.792844457747182,csu,,,,0.100074376527375,,,,0,,,,0.00522659542710847,,,0,0,0,0.00175569081626974,,0,,0.316909781778257,,0,,,0.000824719317152644,0.00716443284103156,,0.0295077488198418,0.000126490692814823,,,0.000632453464074113,,0,0.109090633111216,,,0.0909974044109834,,0,0.00105240256421932,0,0.119973892321003,,,0.000505962771259291,0,,0,0,0.0253335559569527,0.00015684845909038,0,,,,0.000111311809677044,,,,0.00108276033049488,0.00985615478413098,,,,0,,0.00388073445555876,,,,,,,,0,0.156413331107097,0,,0.00346584498312614,0,0.0105543834084688,0,0.00205926847902531,0.00155330570776602,,0,0.00168991565600603,,,0,0.316909781778257
0,0,2021,2021-09-26,258,Stuttgart I,08,Baden-Württemberg,erststimme,191811,157514,156682,832,0.821193779293158,gruene,,,,0.0401769188547504,,,,0,,,,0,,,0,0.00137858847857444,0.000217000038294124,0,,0.233626070639895,,0,,0.00135944141637201,,,0.00163388264127341,0.0107478842496266,,0.0126689728239364,0,,,0,,0,0.105334371529595,,,0.00817579556043451,,0,0,0,0.399497070499483,,,0,0,,0,0,0.0411470366730065,0,0,,,,0.000797794258434281,,,,0,0,,,,0,,0,,,,,,,,0,0.127723669598295,0,,0,0,0.00975223701510065,0,0,0,,0,0.00559732451717492,,,0.00016594120575433,0.233626070639895
0,0,2021,2021-09-26,258,Stuttgart I,08,Baden-Württemberg,zweitstimme,191811,157514,156838,676,0.821193779293158,gruene,,,,0.04202425432612,,,,0,,,,0,,,0.000140272127928181,0.000809752738494498,0,0.00107754498272102,,0.201073719379232,,0,,0.00100740891875693,,,0.00131983320368788,0.00838444764661625,,0.0116107065889644,0.000293296267486196,,,0,,0,0.166005687397187,,,0.00693709432663003,,0,0.000439944401229294,0,0.2841084431069,,,0,0,,0,0,0.0518177992578329,0.000121144110483429,0,,,,0.000561088511712723,,,,0.000204032186077354,0.00219334600033155,,,,0,,0.00378734745406088,,,,,,,,0,0.197675308279881,0,,0.00450146010533162,0,0.00810390339075989,0,0,0,,0,0.00580216529157475,,,0,0.201073719379232
0,0,2021,2021-09-26,259,Stuttgart II,08,Baden-Württemberg,erststimme,178958,133588,132464,1124,0.746476826964986,cdu,,,,0.0724951684986109,,,,0,,,,0,,,0,0.00239310303176712,0.000211378185771228,0,,0.2590288682208,,0,,0,,,0.00166082860248822,0.0126373958207513,,0.013422514796473,0,,,0,,0,0.110807464669646,,,0.0138377219470951,,0,0,0,0.23739280106293,,,0,0,,0,0,0.047514796473004,0,0,,,,0.00142680275395579,,,,0,0,,,,0,,0,,,,,,,,0,0.205519990336997,0,,0,0,0.013309276482667,0,0,0,,0,0.00552602971373354,,,0.00281585940330958,0.2590288682208
0,0,2021,2021-09-26,259,Stuttgart II,08,Baden-Württemberg,zweitstimme,178958,133588,132696,892,0.746476826964986,cdu,,,,0.0719011876770965,,,,0,,,,0,,,0.000263760776511726,0.00145445228190752,0,0.00115301139446555,,0.214045638150359,,0,,0.000896786640139869,,,0.00122837161632604,0.00916380297823597,,0.0119747392536324,0.00043708928679086,,,0,,0,0.152777777777778,,,0.00908844275637547,,0,0.000730994152046784,0,0.212674082112498,,,0,0,,0,0,0.0507852535117863,0.000143184421534937,0,,,,0.001070115150419,,,,0.000482305419907156,0.00220805450051245,,,,0,,0.00430306866823416,,,,,,,,0,0.227572797974317,0,,0.0108970880810273,0,0.0103092783505155,0,0,0,,0,0.00443871706758305,,,0,0.214045638150359
0,0,2021,2021-09-26,260,Böblingen,08,Baden-Württemberg,erststimme,245553,195335,193794,1541,0.795490179309558,cdu,,,,0.0834649163544795,,,,0,,,,0,,,0,0,0,0,,0.296727452862318,,0,,0.00165123791242247,,,0,0.00936561503452119,,0.0147372983683705,0,,,0,,0,0.16607325304189,,,0.0247169675015738,,0,0,0,0.15589233928811,,,0,0,,0,0,0.0234682188303043,0,0,,,,0.000877220140974437,,,,0,0.00404037276695873,,,,0,,0,,,,,,,,0,0.210759879046823,0,,0,0,0,0,0,0,,0,0.00343147878675294,,,0.00479375006450148,0.296727452862318
0,0,2021,2021-09-26,260,Böblingen,08,Baden-Württemberg,zweitstimme,245553,195335,194114,1221,0.795490179309558,cdu,,,,0.0865985967009077,,,,0,,,,0,,,0.000345157999938181,0.00126729653708645,0,0.00242640922344602,,0.26105793502787,,0,,0.00101486755205704,,,0.00101486755205704,0.00745438247627683,,0.0133581297588015,0.000175154805938778,,,0,,0,0.180728850057183,,,0.0170312290715765,,0,0.000942744984905777,0,0.167911639552016,,,0,0,,0,0,0.0264844369803311,0.00024727737309004,0,,,,0.000499706358119456,,,,0.000772741790906375,0.00227701247720412,,,,0,,0.0035597638501087,,,,,,,,0,0.205832655037761,0,,0.00652709232718918,0,0.00910289829687709,0,0,0,,0,0.00336915420835179,,,0,0.26105793502787
0,0,2021,2021-09-26,261,Esslingen,08,Baden-Württemberg,erststimme,166628,131888,131020,868,0.791511630698322,cdu,,,,0.0696305907495039,,,,0,,,,0,,,0,0,0,0,,0.320378568157533,,0,,0,,,0.00233552129445886,0.0134177988093421,,0.0172187452297359,0,,,0,,0,0.122202717142421,,,0.0217066096779118,,0,0,0,0.183620821248664,,,0,0,,0,0,0.0265379331399786,0,0,,,,0.00157227904136773,,,,0,0,,,,0,,0,,,,,,,,0,0.217531674553503,0,,0,0,0,0,0,0,,0,0.0038467409555793,,,0,0.320378568157533
0,0,2021,2021-09-26,261,Esslingen,08,Baden-Württemberg,zweitstimme,166628,131888,131121,767,0.791511630698322,cdu,,,,0.0742291471236491,,,,0,,,,0,,,0.000190663585543124,0.000915185210606997,0,0.00141091053301912,,0.253010578015726,,0,,0.000694015451376972,,,0.00141853707644084,0.00848834282837989,,0.0147039757170857,0.000160157411856224,,,0,,0,0.159402384057474,,,0.0150166639973765,,0,0.00122787349089772,0,0.18228964086607,,,0,0,,0,0,0.0309866459224686,0.000221169759230024,0,,,,0.000724521625063872,,,,0.000625376560581448,0.00250913278574752,,,,0,,0.00301248465158136,,,,,,,,0,0.227667574225334,0,,0.00719183044668665,0,0.0111118737654533,0,0,0,,0,0.00279131489235134,,,0,0.253010578015726
0,0,2021,2021-09-26,262,Nürtingen,08,Baden-Württemberg,erststimme,205967,165777,164475,1302,0.804871654197032,cdu,,,,0.0826690986472108,,,,0,,,,0,,,0,0,0,0,,0.300994072047424,,0,,0.00311901504787962,,,0,0.0147621219030248,,0.0207751937984496,0,,,0,,0,0.138410092719258,,,0.0240036479708162,,0,0,0,0.180082079343365,,,0,0,,0,0,0.0241374069007448,0,0,,,,0.000577595379236966,,,,0,0,,,,0,,0,,,,,,,,0,0.21046967624259,0,,0,0,0,0,0,0,,0,0,,,0,0.300994072047424
0,0,2021,2021-09-26,262,Nürtingen,08,Baden-Württemberg,zweitstimme,205967,165777,164570,1207,0.804871654197032,cdu,,,,0.0870571793157927,,,,0,,,,0,,,0.00038281582305402,0.00126997630187762,0,0.00283769824390837,,0.260229689493832,,0,,0.00151911040894452,,,0.000844625387373154,0.008762228838792,,0.0168499726560126,0.000194446132344899,,,0,,0,0.175044054201859,,,0.016430698183144,,0,0.00110591237771161,0,0.168329586194325,,,0,0,,0,0,0.0264750562070851,0.000273439873610014,0,,,,0.000334204289967795,,,,0.000741325879564927,0.00233335358813879,,,,0,,0.00350003038220818,,,,,,,,0,0.206568633408276,0,,0.0054080330558425,0,0.0115330862247068,0,0,0,,0,0.00197484353162788,,,0,0.260229689493832
0,0,2021,2021-09-26,263,Göppingen,08,Baden-Württemberg,erststimme,177107,135606,134007,1599,0.765672728915289,cdu,,,,0.118038609923362,,,,0,,,,0,,,0,0,0,0,,0.310118128157484,,0,,0,,,0,0.0151708492839926,,0.0211854604610207,0,,,0,,0,0.122986112665756,,,0.0327893319005724,,0,0,0,0.118889311752371,,,0,0,,0,0,0.0220734737737581,0,0,,,,0.00126859044676771,,,,0,0,,,,0,,0,,,,,,,,0,0.237480131634915,0,,0,0,0,0,0,0,,0,0,,,0,0.310118128157484
0,0,2021,2021-09-26,263,Göppingen,08,Baden-Württemberg,zweitstimme,177107,135606,134423,1183,0.765672728915289,cdu,,,,0.114652998370815,,,,0,,,,0,,,0.000409156171190942,0.00131673895092358,0,0.00117539409178489,,0.260959805985583,,0,,0.000907582779732635,,,0.00063233226456782,0.0087485028603736,,0.0174077352833964,0.000119027249801001,,,0,,0,0.161601809214197,,,0.0187839878592205,,0,0.00119771170112258,0,0.125841559852109,,,0,0,,0,0,0.0248320599897339,0.00023061529648944,0,,,,0.000438912983641192,,,,0.00111588046688439,0.00217968651198084,,,,0,,0.00374935836873154,,,,,,,,0,0.233754640202942,0,,0.00509585413210537,0,0.0123490771668539,0,0,0,,0,0.00249957224582103,,,0,0.260959805985583
0,0,2021,2021-09-26,264,Waiblingen,08,Baden-Württemberg,erststimme,221775,175841,174407,1434,0.792880171344832,cdu,,,,0.0871295303514194,,,,0,,,,0,,,0,0,0,0,,0.289931023410758,,0,,0.00263750881558653,,,0,0.0136519749780685,,0.0244084239738084,0,,,0,,0,0.155515546967725,,,0.0188065845980953,,0,0,0,0.150360937347698,,,0,0,,0,0,0.0255953029408223,0,0,,,,0.000894459511372823,,,,0,0,,,,0,,0,,,,,,,,0,0.227295922755394,0,,0,0,0,0,0,0,,0,0.00377278434925204,,,0,0.289931023410758
0,0,2021,2021-09-26,264,Waiblingen,08,Baden-Württemberg,zweitstimme,221775,175841,174749,1092,0.792880171344832,cdu,,,,0.088549862946283,,,,0,,,,0,,,0.000246067216407533,0.0011502211743701,0,0.00230044234874019,,0.257437810802923,,0,,0.00107010626670253,,,0.000949933905201174,0.0085551276402154,,0.0198971095685812,0.000223177242788228,,,0,,0,0.177391573056212,,,0.0140315538286342,,0,0.00101860382605909,0,0.155068126283984,,,0,0,,0,0,0.0286181895175366,0.000251789709812359,0,,,,0.000440631992171629,,,,0.000692421701983988,0.00270673938048286,,,,0,,0.00516168905115337,,,,,,,,0,0.216041293512409,0,,0.00439487493490664,0,0.01120464208665,0,0,0,,0,0.00259801200579116,,,0,0.257437810802923
0,0,2021,2021-09-26,265,Ludwigsburg,08,Baden-Württemberg,erststimme,215312,171843,170543,1300,0.798111577617597,cdu,,,,0.0843892742592777,,,,0,,,,0,,,0,0,0,0,,0.294922688119712,,0,,0,,,0,0.0123957007910029,,0.0173563265569387,0,,,0,,0,0.140087837085075,,,0.0222993614513642,,0,0,0,0.203250793055124,,,0,0,,0,0,0.0286496660666225,0,0,,,,0,,,,0,0.00544730654439057,,,,0,,0,,,,,,,,0,0.184170561090165,0,,0,0,0,0,0,0,,0,0.00401071870437368,,,0.00301976627595387,0.294922688119712
0,0,2021,2021-09-26,265,Ludwigsburg,08,Baden-Württemberg,zweitstimme,215312,171843,170842,1001,0.798111577617597,cdu,,,,0.0837791643741,,,,0,,,,0,,,0.000298521440863488,0.00141066014211962,0,0.00171503494456867,,0.247579634984372,,0,,0.000872150876248229,,,0.00107116517015722,0.00855761463808665,,0.0147153510260943,0.000175600847566758,,,0,,0,0.161617166738858,,,0.0161845447840695,,0,0.000796057175635968,0,0.183988714718863,,,0,0,,0,0,0.0308764823638215,0.000263401271350136,0,,,,0.000479975650015804,,,,0.00070240339026703,0.00324276231839946,,,,0,,0.00359981737511853,,,,,,,,0,0.218236733355966,0,,0.00655576497582562,0,0.0102024092436286,0,0,0,,0,0.00307886819400382,,,0,0.247579634984372
0,0,2021,2021-09-26,266,Neckar-Zaber,08,Baden-Württemberg,erststimme,230738,186673,185051,1622,0.809025821494509,cdu,,,,0.0998535538851452,,,,0,,,,0,,,0,0,0,0,,0.303964852932435,,0,,0.00329638856315286,,,0,0.0140555846766567,,0.0197513118005307,0,,,0,,0,0.123166046117016,,,0.0227937163268504,,0,0,0,0.156794613376853,,,0,0,,0,0,0.0235448606059951,0,0,,,,0,,,,0,0.00571734278658316,,,,0,,0,,,,,,,,0,0.225386515068819,0,,0,0,0,0,0,0,,0,0,,,0.00167521385996293,0.303964852932435
0,0,2021,2021-09-26,266,Neckar-Zaber,08,Baden-Württemberg,zweitstimme,230738,186673,185436,1237,0.809025821494509,cdu,,,,0.100854203067366,,,,0,,,,0,,,0.000307383679544425,0.00152613300545741,0,0.0020707953148256,,0.249762721370176,,0,,0.00134817403308958,,,0.00093832912703035,0.00927004465152397,,0.016598718695399,0.000113246618779525,,,0,,0,0.166003365042387,,,0.0175154770378999,,0,0.00120257123751591,0,0.156647037252745,,,0,0,,0,0,0.0261599689380703,0.000248064022088483,0,,,,0.00016178088397075,,,,0.00118639314911883,0.00319247611035613,,,,0,,0.00333807890592981,,,,,,,,0,0.223090446299532,0,,0.00436269117107789,0,0.011076597855864,0,0,0,,0,0.00302530253025303,,,0,0.249762721370176
0,0,2021,2021-09-26,267,Heilbronn,08,Baden-Württemberg,erststimme,240951,182804,180941,1863,0.758677075421974,cdu,,,,0.127627237607839,,,,0,,,,0,,,0,0,0,0,,0.277985641728519,,0,,0,,,0.00274675170359399,0.016513670201889,,0.0185364290017188,0,,,0,,0,0.136773865514173,,,0.0253950182656225,,0,0,0,0.127212737853776,,,0,0,,0,0,0.0234164727728928,0,0,,,,0.00124349926219044,,,,0,0,,,,0,,0,,,,,,,,0,0.242548676087786,0,,0,0,0,0,0,0,,0,0,,,0,0.277985641728519
0,0,2021,2021-09-26,267,Heilbronn,08,Baden-Württemberg,zweitstimme,240951,182804,181055,1749,0.758677075421974,cdu,,,,0.1316064179393,,,,0,,,,0,,,0.000403192400099417,0.00119853083317224,0,0.0024136312170335,,0.239291927867223,,0,,0.0007732456988208,,,0.00150230592913756,0.0112728176520947,,0.0157797354395073,0.00015464913976416,,,0,,0,0.162304272182486,,,0.0181049957195327,,0,0.00138079589075143,0,0.129662257325122,,,0,0,,0,0,0.0283725939631604,0.000254066443898263,0,,,,0.000585457457678606,,,,0.0017342796387838,0.00291071773770401,,,,0,,0.00334704923918146,,,,,,,,0,0.226235121924277,0,,0.00632404517964155,0,0.0114661290767999,0,0,0,,0,0.00292176410483002,,,0,0.239291927867223
0,0,2021,2021-09-26,268,Schwäbisch Hall – Hohenlohe,08,Baden-Württemberg,erststimme,225874,172687,171126,1561,0.764528011192081,cdu,,,,0.120256419246637,,,,0,,,,0,,,0,0,0,0,,0.320781178780548,,0,,0,,,0,0.0141708448745369,,0.0287682760071526,0,,,0,,0,0.116528172223975,,,0.0202190199034629,,0,0,0,0.150912193354604,,,0,0,,0,0,0.0239005177471571,0,0,,,,0.00106354382151163,,,,0,0.00724027909259844,,,,0,,0,,,,,,,,0,0.196159554947816,0,,0,0,0,0,0,0,,0,0,,,0,0.320781178780548
0,0,2021,2021-09-26,268,Schwäbisch Hall – Hohenlohe,08,Baden-Württemberg,zweitstimme,225874,172687,171230,1457,0.764528011192081,cdu,,,,0.127238217602056,,,,0,,,,0,,,0.000356245984932547,0.00117385972084331,0,0.0037960637738714,,0.244974595573206,,0,,0.000624890498160369,,,0.000840974128365357,0.00976464404601997,,0.0233895929451615,0.000146002452841208,,,0,,0,0.162646732465105,,,0.0171757285522397,,0,0.00141330374350289,0,0.132768790515681,,,0,0,,0,0,0.0290836886059686,0.000233603924545932,0,,,,0.000391286573614437,,,,0.00193891257373124,0.00418151024937219,,,,0,,0.00355077965309817,,,,,,,,0,0.2176721368919,0,,0.00244700110961864,0,0.0115458739706827,0,0,0,,0,0.00264556444548268,,,0,0.244974595573206
0,0,2021,2021-09-26,269,Backnang – Schwäbisch Gmünd,08,Baden-Württemberg,erststimme,177062,136436,135001,1435,0.770554946854774,cdu,,,,0.11705098480752,,,,0,,,,0,,,0,0,0,0,,0.305005148110014,,0,,0,,,0,0.0170961696580025,,0.0272072058725491,0,,,0,,0,0.119984296412619,,,0.024340560440293,,0,0,0,0.115458404011822,,,0,0,,0,0,0.0291034881223102,0,0,,,,0.00102221465026185,,,,0,0,,,,0,,0,,,,,,,,0,0.243731527914608,0,,0,0,0,0,0,0,,0,0,,,0,0.305005148110014
0,0,2021,2021-09-26,269,Backnang – Schwäbisch Gmünd,08,Baden-Württemberg,zweitstimme,177062,136436,135424,1012,0.770554946854774,cdu,,,,0.117992379489603,,,,0,,,,0,,,0.000310137051039698,0.00124054820415879,0,0.00273215973534972,,0.258381084593573,,0,,0.000671963610586011,,,0.000915642722117202,0.0109655600189036,,0.0229944470699433,0.000110763232514178,,,0,,0,0.158000059073724,,,0.0149604206049149,,0,0.00131439035916824,0,0.137191339792061,,,0,0,,0,0,0.0289978142722117,0.000228910680529301,0,,,,0.000516895085066163,,,,0.00138823251417769,0.00249586483931947,,,,0,,0.00425330812854442,,,,,,,,0,0.216660267013233,0,,0.00352227079395085,0,0.0121544187145558,0,0,0,,0,0.00200112240075614,,,0,0.258381084593573
0,0,2021,2021-09-26,270,Aalen – Heidenheim,08,Baden-Württemberg,erststimme,220686,168655,166933,1722,0.764230626319749,cdu,,,,0.101765378924479,,,,0,,,,0,,,0,0,0,0,,0.370400100639179,,0,,0,,,0,0.0138558583383753,,0.0246446179005949,0,,,0,,0,0.0940976319840894,,,0.0268191430094709,,0,0,0,0.121989061479755,,,0,0,,0,0,0.0233926185954844,0,0,,,,0.00113219075916685,,,,0,0,,,,0,,0,,,,,,,,0,0.218656586774335,0,,0,0,0,0,0,0,,0,0.00324681159507108,,,0,0.370400100639179
0,0,2021,2021-09-26,270,Aalen – Heidenheim,08,Baden-Württemberg,zweitstimme,220686,168655,167245,1410,0.764230626319749,cdu,,,,0.107249843044635,,,,0,,,,0,,,0.00025710783580974,0.00101647283924781,0,0.00163831504678765,,0.274160662501121,,0,,0.000825136775389399,,,0.000843074531376125,0.0087835211815002,,0.0201799754850668,0.00033483811175222,,,0,,0,0.146862387515322,,,0.021585099704027,,0,0.00125564291907082,0,0.126915602858082,,,0,0,,0,0,0.027133845555921,0.000221232323836288,0,,,,0.000520194923615056,,,,0.00135131095100003,0.00262489162605758,,,,0,,0.0033244641095399,,,,,,,,0,0.235989117761368,0,,0.00385063828515053,0,0.0105832760321684,0,0,0,,0,0.00249334808215492,,,0,0.274160662501121
0,0,2021,2021-09-26,271,Karlsruhe-Stadt,08,Baden-Württemberg,erststimme,205608,159591,158241,1350,0.776190615151161,gruene,,,,0.0683198412547949,,,,0,,,,0,,,0,0,0,0.0028564025758179,,0.19540447797979,,0,,0,,,0.00473328656922037,0.0177640434527082,,0.0199189843340222,0,,,0,,0,0.0998034643360444,,,0.0108884549516244,,0,0,0,0.300004423632308,,,0,0.00288168047471894,,0,0,0.0502777409141752,0,0,,,,0.00102375490549226,,,,0,0.00382328220878281,,,,0,,0,,,,,,,,0,0.212523935010522,0,,0,0,0,0,0,0,,0,0.00977622739997851,,,0,0.19540447797979
0,0,2021,2021-09-26,271,Karlsruhe-Stadt,08,Baden-Württemberg,zweitstimme,205608,159591,158468,1123,0.776190615151161,gruene,,,,0.0679884897897367,,,,0,,,,0,,,0.000214554357977636,0.000637352651639448,0,0.00203195597849408,,0.17667920337229,,0,,0.0011484968574097,,,0.00292172552187192,0.0116805916651942,,0.0180667390261756,0.000277658580912235,,,0,,0,0.130089355579675,,,0.0090743872579953,,0,0.000870838276497463,0,0.277727995557463,,,0,0,,0,0,0.0562258626347275,0.000145139712749577,0,,,,0.000561627584117929,,,,0.000448039982835651,0.00242951258298205,,,,0,,0.00392508266653205,,,,,,,,0,0.213468965343161,0,,0.004953681500366,0,0.0101471590478835,0,0,0,,0,0.00828558447131282,,,0,0.17667920337229
0,0,2021,2021-09-26,272,Karlsruhe-Land,08,Baden-Württemberg,erststimme,209147,167946,166259,1687,0.803004585291685,cdu,,,,0.0899981354392845,,,,0,,,,0,,,0,0,0,0,,0.304230146939414,,0,,0,,,0.00298329714481622,0.0146578531087039,,0.0210815655092356,0,,,0,,0,0.114676498715859,,,0.0262121148328812,,0,0,0,0.166938331158012,,,0,0,,0,0,0.024299436421487,0,0,,,,0,,,,0,0.00338026813586031,,,,0,,0,,,,,,,,0,0.228246290426383,0,,0,0,0,0,0,0,,0,0,,,0.00329606216806308,0.304230146939414
0,0,2021,2021-09-26,272,Karlsruhe-Land,08,Baden-Württemberg,zweitstimme,209147,167946,166633,1313,0.803004585291685,cdu,,,,0.095233237113897,,,,0,,,,0,,,0.000414083644896269,0.00118824002448495,0,0.00328866431019066,,0.257037921660175,,0,,0.000768155167343804,,,0.001470296999994,0.00886979169792298,,0.0179496258244165,0.000120024244897469,,,0,,0,0.14798989395858,,,0.0180096379468653,,0,0.00118223881224007,0,0.161846693031992,,,0,0,,0,0,0.0269034344937677,0.000360072734692408,0,,,,0.00015603151836671,,,,0.000858173351016905,0.00198040004080824,,,,0,,0.00315063642855857,,,,,,,,0,0.230890639909262,0,,0.003414689767333,0,0.0137247724040256,0,0,0,,0,0.00319264491427268,,,0,0.257037921660175
0,0,2021,2021-09-26,273,Rastatt,08,Baden-Württemberg,erststimme,204890,155331,153595,1736,0.758118990677925,cdu,,,,0.107132393632605,,,,0,,,,0,,,0,0,0,0,,0.331963931117549,,0,,0,,,0,0,,0.023158305934438,0,,,0,,0,0.115654806471565,,,0.0291480842475341,,0,0,0,0.129965168136984,,,0,0.00316416550017904,,0,0,0.0274227676682184,0,0,,,,0,,,,0,0,,,,0,,0,,,,,,,,0,0.226875874865718,0,,0,0,0,0,0,0,,0,0.0050262052801198,,,0.000488297145089358,0.331963931117549
0,0,2021,2021-09-26,273,Rastatt,08,Baden-Württemberg,zweitstimme,204890,155331,153800,1531,0.758118990677925,cdu,,,,0.106196358907672,,,,0,,,,0,,,0.000364109232769831,0.00110533159947984,0,0.000656697009102731,,0.26979843953186,,0,,0.000780234070221066,,,0.000858257477243173,0.00714564369310793,,0.0212743823146944,0.000110533159947984,,,0,,0,0.138166449934981,,,0.0195058517555267,,0,0.00121586475942783,0,0.142561768530559,,,0,0,,0,0,0.0278283485045514,0.000227568270481144,0,,,,0.000162548764629389,,,,0.000936280884265279,0.00129388816644994,,,,0,,0.00355006501950585,,,,,,,,0,0.236944083224968,0,,0.00294538361508453,0,0.0131729518855657,0,0,0,,0,0.00319895968790637,,,0,0.26979843953186
0,0,2021,2021-09-26,274,Heidelberg,08,Baden-Württemberg,erststimme,218431,177868,176637,1231,0.814298336774542,gruene,,,,0.0612725533155568,,,,0,,,,0,,,0,0,0,0,,0.241070670357853,,0,,0,,,0.00335150619632353,0.0121775166018445,,0.016848112230167,0,,,0,,0,0.0900490837140577,,,0.0160725102894637,,0,0,0,0.301680848293393,,,0,0.00605762099673341,,0,0,0.0395556989758658,0,0,,,,0.000798247252840571,,,,0,0,,,,0,,0,,,,,,,,0,0.201554600678227,0,,0,0,0,0,0,0,,0,0.00951103109767489,,,0,0.241070670357853
0,0,2021,2021-09-26,274,Heidelberg,08,Baden-Württemberg,zweitstimme,218431,177868,176804,1064,0.814298336774542,gruene,,,,0.0612033664396733,,,,0,,,,0,,,0.000248863147892582,0.000548630121490464,0,0.0010407004366417,,0.208043935657564,,0,,0.000910612882061492,,,0.00214361666025656,0.0083142915318658,,0.0139476482432524,0.000243207167258659,,,0,,0,0.131444989932354,,,0.0113741770548178,,0,0.00105201239790955,0,0.256295106445556,,,0,0,,0,0,0.048777176986946,0.000186647360919436,0,,,,0.00036763874120495,,,,0.000644781792267143,0.00207574489264949,,,,0,,0.00274880658808624,,,,,,,,0,0.227794620031221,0,,0.00352933191556752,0,0.00996018189633719,0,0,0,,0,0.00710391167620642,,,0,0.208043935657564
0,0,2021,2021-09-26,275,Mannheim,08,Baden-Württemberg,erststimme,196863,142132,140782,1350,0.721984324123883,spd,,,,0.097832109218508,,,,0,,,,0,,,0,0,0,0,,0.198789617990936,,0,,0,,,0,0.013730448494836,,0.0161668395107329,0,,,0,,0,0.105688227188135,,,0.0227656944779872,,0,0,0,0.225334204656845,,,0,0.00291230412978932,,0,0,0.0483797644585245,0,0,,,,0.00130698526800301,,,,0,0.0035515904021821,,,,0,,0,,,,,,,,0,0.26354221420352,0,,0,0,0,0,0,0,,0,0,,,0,0.198789617990936
0,0,2021,2021-09-26,275,Mannheim,08,Baden-Württemberg,zweitstimme,196863,142132,140967,1165,0.721984324123883,spd,,,,0.0911277107408117,,,,0,,,,0,,,0.000354692942319834,0.000964764803109948,0,0.00103570339157391,,0.182184482893159,,0,,0.00103570339157391,,,0.00141877176927933,0.0104350663630495,,0.0130881695716019,0.000411443813091007,,,0,,0,0.131342796541034,,,0.0132726099016082,,0,0.00153227351082168,0,0.21149630764647,,,0,0,,0,0,0.0501252066086389,0.000163158753467124,0,,,,0.000574602566558131,,,,0.00103570339157391,0.0017096199819816,,,,0,,0.00375265132974384,,,,,,,,0,0.252903161732888,0,,0.00859775692183277,0,0.015450424567452,0,0,0,,0,0.00598721686635879,,,0,0.182184482893159
0,0,2021,2021-09-26,276,Odenwald – Tauber,08,Baden-Württemberg,erststimme,209418,162058,160252,1806,0.773849430325951,cdu,,,,0.120897087087837,,,,0,,,,0,,,0,0,0,0,,0.358129695729227,,0,,0,,,0,0.0164490926790305,,0.0216721164166438,0,,,0,,0,0.0970284302223997,,,0.045734218605696,,0,0,0,0.110419838753963,,,0,0,,0,0,0.0232259191772958,0,0,,,,0,,,,0,0,,,,0,,0,,,,,,,,0,0.206443601327909,0,,0,0,0,0,0,0,,0,0,,,0,0.358129695729227
0,0,2021,2021-09-26,276,Odenwald – Tauber,08,Baden-Württemberg,zweitstimme,209418,162058,160494,1564,0.773849430325951,cdu,,,,0.119680486497938,,,,0,,,,0,,,0.000373845751243037,0.00121499869153987,0,0.00168230588059367,,0.304472441337371,,0,,0.000616845489551011,,,0.000791306840131095,0.00973868181988112,,0.0169725971064339,8.09999127693247e-05,,,0,,0,0.130490859471382,,,0.029290814609892,,0,0.00161999825538649,0,0.11058357321769,,,0,0,,0,0,0.0254464341346094,0.000261692025870126,0,,,,0.000143307537976498,,,,0.00153276758009645,0.0036761498872232,,,,0,,0.00317768888556582,,,,,,,,0,0.22167806896208,0,,0.00214961306964746,0,0.0119069871770907,0,0,0,,0,0.00241753585803831,,,0,0.304472441337371
0,0,2021,2021-09-26,277,Rhein-Neckar,08,Baden-Württemberg,erststimme,196882,154085,152497,1588,0.782626141546713,cdu,,,,0.100303612530083,,,,0,,,,0,,,0,0,0,0,,0.28516626556588,,0,,0,,,0,0,,0.0212332045876312,0,,,0,,0,0.11652032499,,,0.026092316570162,,0,0,0,0.148829157294898,,,0,0,,0,0,0.0262693692334931,0,0,,,,0,,,,0,0,,,,0,,0,,,,,,,,0,0.270202036761379,0,,0,0,0,0,0,0,,0,0,,,0.00538371246647475,0.28516626556588
0,0,2021,2021-09-26,277,Rhein-Neckar,08,Baden-Württemberg,zweitstimme,196882,154085,152682,1403,0.782626141546713,cdu,,,,0.102834649794999,,,,0,,,,0,,,0.000203036376259153,0.000930037594477411,0,0.00237749047038944,,0.254587967147404,,0,,0.000681154294546836,,,0.0008776411102815,0.00892050143435376,,0.0159547294376547,0.000216135497308131,,,0,,0,0.143703907467809,,,0.0171598485741607,,0,0.00153259716273038,0,0.157661020945495,,,0,0,,0,0,0.0282941014657916,0.000294730223601996,0,,,,0.000216135497308131,,,,0.00159809276797527,0.00180112914423442,,,,0,,0.00357606004637089,,,,,,,,0,0.23478209612135,0,,0.00402143016203613,0,0.0133152565462857,0,0,0,,0,0.00446025071717688,,,0,0.254587967147404
0,0,2021,2021-09-26,278,Bruchsal – Schwetzingen,08,Baden-Württemberg,erststimme,195755,152231,150203,2028,0.777660851574673,cdu,,,,0.115523657982863,,,,0,,,,0,,,0,0,0,0,,0.296032702409406,,0,,0,,,0,0.0169969973968563,,0.0191607358042116,0,,,0,,0,0.117407774811422,,,0.0336477966485357,,0,0,0,0.147493725158619,,,0,0,,0,0,0.0256586086829158,0,0,,,,0,,,,0,0,,,,0,,0,,,,,,,,0,0.218610813365911,0,,0,0,0,0,0,0,,0,0,,,0.00946718773925954,0.296032702409406
0,0,2021,2021-09-26,278,Bruchsal – Schwetzingen,08,Baden-Württemberg,zweitstimme,195755,152231,150776,1455,0.777660851574673,cdu,,,,0.115814187934419,,,,0,,,,0,,,0.000338250119382395,0.00133973576696556,0,0.00131320634583753,,0.257773120390513,,0,,0.000683132594046798,,,0.00106117684512124,0.0101276065156258,,0.0160237703613307,0.000132647105640155,,,0,,0,0.145765904387966,,,0.0216082135087812,,0,0.00170451530747599,0,0.138337666472118,,,0,0,,0,0,0.027358465538282,0.000159176526768186,0,,,,0.000132647105640155,,,,0.0012800445694275,0.00143922109619568,,,,0,,0.00303098636387754,,,,,,,,0,0.228378521780655,0,,0.00451000159176527,0,0.0180798004987531,0,0,0,,0,0.00360800127341221,,,0,0.257773120390513
0,0,2021,2021-09-26,279,Pforzheim,08,Baden-Württemberg,erststimme,217126,163982,162541,1441,0.755238893545683,cdu,,,,0.141152078552488,,,,0,,,,0,,,0,0.006293796642078,0,0,,0.2847958361275,,0,,0,,,0,0.0139657071138974,,0.0157191108704881,0,,,0,,0,0.126934127389397,,,0.0271131591413859,,0,0,0,0.127223285201888,,,0,0,,0,0,0.0232064525258243,0,0,,,,0,,,,0,0,,,,0,,0,,,,,,,,0,0.208913443377363,0,,0,0,0.0243815406574341,0,0,0,,0,0,,,0.000301462400255935,0.2847958361275
0,0,2021,2021-09-26,279,Pforzheim,08,Baden-Württemberg,zweitstimme,217126,163982,162617,1365,0.755238893545683,cdu,,,,0.135459392314457,,,,0,,,,0,,,0.000338218021486069,0.00532539648376246,0,0.00503637381085618,,0.241819735943967,,0,,0.000707183135834507,,,0.00108844708732789,0.00942090925303013,,0.0149307882939668,0.000110689534304532,,,0,,0,0.16298418984485,,,0.0179194057201892,,0,0.00126678022592964,0,0.13044761617789,,,0,0,,0,0,0.026700775441682,0.000319769765768647,0,,,,0.000381263951493386,,,,0.00134057324879933,0.00195551510604672,,,,0,,0.0034498238191579,,,,,,,,0,0.210691379130103,0,,0.00436608718645652,0,0.0201454952434247,0,0,0,,0,0.00379419125921644,,,0,0.241819735943967
0,0,2021,2021-09-26,280,Calw,08,Baden-Württemberg,erststimme,199092,152863,151513,1350,0.767800815703293,cdu,,,,0.123210549589804,,,,0,,,,0,,,0,0,0,0,,0.33797759928191,,0,,0,,,0,0.0100717430187509,,0.020348088942863,0,,,0,,0,0.14972312606839,,,0.0277335938170322,,0,0,0,0.116900859992212,,,0,0.00258063664504036,,0,0,0.0197870809765499,0.00118801686983955,0,,,,0,,,,0,0,,,,0,,0,,,,,,,,0,0.17233504715767,0,,0,0,0.0181436576399385,0,0,0,,0,0,,,0,0.33797759928191
0,0,2021,2021-09-26,280,Calw,08,Baden-Württemberg,zweitstimme,199092,152863,151588,1275,0.767800815703293,cdu,,,,0.128460036414492,,,,0,,,,0,,,0.000316647755759031,0.00133255930548592,0,0.00524447845475895,,0.28261471884318,,0,,0.0007190542787028,,,0.000765232076417658,0.00761933662295169,,0.0197377101089796,0.000184711190859435,,,0,,0,0.17659709211811,,,0.0202918436815579,,0,0.00124680053830118,0,0.114131725466396,,,0,0,,0,0,0.0241180040636462,0.000646489168008022,0,,,,0.000191308019104415,,,,0.00129957516426102,0.0029751695384859,,,,0,,0.00314668707285537,,,,,,,,0,0.188477979787318,0,,0.00348972214159432,0,0.0147241206427949,0,0,0,,0,0.00166899754597989,,,0,0.28261471884318
0,0,2021,2021-09-26,281,Freiburg,08,Baden-Württemberg,erststimme,224392,180976,179769,1207,0.806517166387394,gruene,,,,0.0450967630681597,,,,0,,,,0,,,0,0,0,0,,0.206437149897925,,0,,0,,,0.00312067152846153,0.0151861555663101,,0.0228904872363978,0,,,0,,0,0.0769598762856777,,,0.0154031006458288,,0,0,0,0.288019625185655,,,0,0.00436671506210748,,0,0,0.0534241165050704,0,0,,,,0.000745401042448921,,,,0,0,,,,0,,0,,,,,,,,0,0.262548047772419,0,,0,0,0,0,0,0,,0,0.00580189020353899,,,0,0.206437149897925
0,0,2021,2021-09-26,281,Freiburg,08,Baden-Württemberg,zweitstimme,224392,180976,179873,1103,0.806517166387394,gruene,,,,0.0492236188866589,,,,0,,,,0,,,0.000194581732666937,0.000533709895315028,0,0.0015622133394117,,0.173989425872699,,0,,0.00122308517676361,,,0.0015566538613355,0.00955674281298472,,0.021009267649953,0.000105630083447766,,,0,,0,0.106436207768815,,,0.0101238095767569,,0,0.00080612432104874,0,0.316117482890706,,,0,0,,0,0,0.0690987530090675,0.000150105908057352,0,,,,0.000411401377638667,,,,0.000333568684571892,0.00317446198150918,,,,0,,0.00264075208619415,,,,,,,,0,0.212277551383476,0,,0.00339128162648091,0,0.0116304281354066,0,0,0,,0,0.00445314193903476,,,0,0.173989425872699
0,0,2021,2021-09-26,282,Lörrach – Müllheim,08,Baden-Württemberg,erststimme,231076,174064,172344,1720,0.753275978465959,cdu,,,,0.0811226384440422,,,,0,,,,0,,,0,0,0,0,,0.252454393538504,,0,,0,,,0,0.0150048739729843,,0.0278454718470037,0,,,0,,0,0.141751380959012,,,0.0204822912314905,,0,0,0,0.206319918302929,,,0,0,,0,0,0.0265747574618205,0.000858747621036996,0,,,,0.000974794596852806,,,,0,0,,,,0,,0.00585456992990763,,,,,,,,0,0.217564870259481,0,,0,0,0,0,0,0.00319129183493478,,0,0,,,0,0.252454393538504
0,0,2021,2021-09-26,282,Lörrach – Müllheim,08,Baden-Württemberg,zweitstimme,231076,174064,172569,1495,0.753275978465959,cdu,,,,0.0822569522915472,,,,0,,,,0,,,0.000347687012151661,0.0011299827894929,0,0.00343051185322972,,0.223104960914185,,0,,0.000950344499881207,,,0.000846038396235709,0.00983954244389201,,0.0239672247043212,0.000185433073147553,,,0,,0,0.142951515046155,,,0.0161326773638371,,0,0.00132121064617631,0,0.190167411296351,,,0,0,,0,0,0.0320567425203832,0.000365071362759244,0,,,,0.000423019198117854,,,,0.000869217530379153,0.00206873772230238,,,,0,,0.00425337111532199,,,,,,,,0,0.24241897443921,0,,0.00391727367024205,0,0.0143652683853995,0,0,0,,0,0.0026308317252809,,,0,0.223104960914185
0,0,2021,2021-09-26,283,Emmendingen – Lahr,08,Baden-Württemberg,erststimme,218872,168004,166655,1349,0.767590189699916,cdu,,,,0.086382046743272,,,,0,,,,0,,,0,0,0,0,,0.278455491884432,,0,,0,,,0,0.0118808316582161,,0.0199513965977618,0,,,0,,0,0.0997269808886622,,,0.0237796645765204,,0,0,0,0.140079805586391,,,0,0,,0,0,0.0295280669646875,0,0,,,,0,,,,0,0.00695448681407699,,,,0,,0,,,,,,,,0,0.277915454081786,0,,0,0,0.0216075125258768,0,0,0,,0,0.00373826167831748,,,0,0.278455491884432
0,0,2021,2021-09-26,283,Emmendingen – Lahr,08,Baden-Württemberg,zweitstimme,218872,168004,166572,1432,0.767590189699916,cdu,,,,0.0898770501644934,,,,0,,,,0,,,0.000384218235958024,0.00101457627932666,0,0.00199313209903225,,0.24807890882021,,0,,0.00100857286938981,,,0.000720409192421295,0.00908916264438201,,0.0188927310712485,0.000144081838484259,,,0,,0,0.132891482361982,,,0.0188867276613116,,0,0.00108661719856879,0,0.172441947025911,,,0,0,,0,0,0.0312717623610211,0.000186105708042168,0,,,,0.000132075018610571,,,,0.00100857286938981,0.00405830511730663,,,,0,,0.00340993684412746,,,,,,,,0,0.238497466561007,0,,0.00286362653987465,0,0.0187426458228274,0,0,0,,0,0.0033198856950748,,,0,0.24807890882021
0,0,2021,2021-09-26,284,Offenburg,08,Baden-Württemberg,erststimme,205893,156776,155153,1623,0.761444051036218,cdu,,,,0.0894343003357976,,,,0,,,,0,,,0,0,0,0,,0.348997441235426,,0,,0,,,0,0.0169316738960897,,0.0448267194317867,0,,,0,,0,0.107584126636288,,,0.0379045200543979,,0,0,0,0.139971511991389,,,0,0,,0,0,0.0274180969752438,0,0,,,,0,,,,0,0,,,,0,,0,,,,,,,,0,0.186931609443582,0,,0,0,0,0,0,0,,0,0,,,0,0.348997441235426
0,0,2021,2021-09-26,284,Offenburg,08,Baden-Württemberg,zweitstimme,205893,156776,155200,1576,0.761444051036218,cdu,,,,0.0987113402061856,,,,0,,,,0,,,0.000399484536082474,0.0014819587628866,0,0.00111469072164948,,0.259085051546392,,0,,0.000895618556701031,,,0.000895618556701031,0.00943943298969072,,0.0352512886597938,0.000122422680412371,,,0,,0,0.146900773195876,,,0.0240270618556701,,0,0.00142396907216495,0,0.148730670103093,,,0,0,,0,0,0.0284987113402062,0.000277061855670103,0,,,,0.000122422680412371,,,,0.000940721649484536,0.00185567010309278,,,,0,,0.00373711340206186,,,,,,,,0,0.212905927835052,0,,0.00558634020618557,0,0.0147551546391753,0,0,0,,0,0.00284149484536083,,,0,0.259085051546392
0,0,2021,2021-09-26,285,Rottweil – Tuttlingen,08,Baden-Württemberg,erststimme,198182,149664,147838,1826,0.755184628270983,cdu,,,,0.137265114517242,,,,0,,,,0,,,0,0,0,0,,0.314770221458624,,0,,0,,,0.00367970345919182,0,,0.0342131251775592,0,,,0,,0,0.167642960537886,,,0.0252506121565497,,0,0,0,0.122999499452103,,,0,0,,0,0,0.021489738768111,0,0,,,,0,,,,0,0.0104235717474533,,,,0,,0,,,,,,,,0,0.16226545272528,0,,0,0,0,0,0,0,,0,0,,,0,0.314770221458624
0,0,2021,2021-09-26,285,Rottweil – Tuttlingen,08,Baden-Württemberg,zweitstimme,198182,149664,147813,1851,0.755184628270983,cdu,,,,0.133594474099031,,,,0,,,,0,,,0.000439744812702536,0.00127187730443195,0,0.00202282613843167,,0.276146211767571,,0,,0.000717122309945675,,,0.00164396906902641,0.00658264158091643,,0.0279745353926921,0.000162367315459398,,,0,,0,0.181093679175715,,,0.0184422209142633,,0,0.00146130583913458,0,0.108488427946121,,,0,0,,0,0,0.0224608119718834,0.000250316277999905,0,,,,8.1183657729699e-05,,,,0.00149513236318862,0.00559490707853842,,,,0,,0.00371415234113373,,,,,,,,0,0.186201484307876,0,,0.00435685629816051,0,0.0132938239532382,0,0,0,,0,0.00250992808480986,,,0,0.276146211767571
0,0,2021,2021-09-26,286,Schwarzwald-Baar,08,Baden-Württemberg,erststimme,162800,122862,121492,1370,0.75468058968059,cdu,,,,0.105315576334244,,,,0,,,,0,,,0,0,0,0,,0.363711190860304,,0,,0,,,0,0,,0.04009317485925,0,,,0,,0,0.137844467125407,,,0.0272116682579923,,0,0,0,0.120929773153788,,,0,0,,0,0,0.0226928522042604,0,0,,,,0.00115233924867481,,,,0,0,,,,0,,0,,,,,,,,0,0.181048957956079,0,,0,0,0,0,0,0,,0,0,,,0,0.363711190860304
0,0,2021,2021-09-26,286,Schwarzwald-Baar,08,Baden-Württemberg,zweitstimme,162800,122862,121522,1340,0.75468058968059,cdu,,,,0.107774723918303,,,,0,,,,0,,,0.000419677095505341,0.00125080232385905,0,0.0024028570958345,,0.265869554483962,,0,,0.000822896265696746,,,0.000880499004295519,0.00693701551982357,,0.0314264083869587,0.000329158506278699,,,0,,0,0.162077648491631,,,0.0196672207501522,,0,0.00155527394216685,0,0.133152844752391,,,0,0,,0,0,0.0251970836556344,0.000271555767679926,0,,,,0.000477279834104113,,,,0.00161287668076562,0.00227119369332302,,,,0,,0.00363720149437962,,,,,,,,0,0.212422442026958,0,,0.00342324846529846,0,0.0131827981764619,0,0,0,,0,0.00293773966853738,,,0,0.265869554483962
0,0,2021,2021-09-26,287,Konstanz,08,Baden-Württemberg,erststimme,206009,157563,156286,1277,0.764835516894893,cdu,,,,0.0862969171902794,,,,0,,,,0,,,0,0,0,0,,0.341438132654236,,0,,0,,,0,0.0181590161626761,,0,0,,,0,,0,0.10907566896587,,,0.017973458915066,,0,0,0,0.180067312491202,,,0,0,,0,0,0.0357741576340811,0.00115173464033887,0,,,,0,,,,0,0.00604660686177905,,,,0,,0,,,,,,,,0,0.201463982698386,0,,0,0,0,0,0,0,,0,0,,,0.00255301178608449,0.341438132654236
0,0,2021,2021-09-26,287,Konstanz,08,Baden-Württemberg,zweitstimme,206009,157563,156400,1163,0.764835516894893,cdu,,,,0.0853005115089514,,,,0,,,,0,,,0.00028772378516624,0.00106777493606138,0,0.00141304347826087,,0.231515345268542,,0,,0.000895140664961637,,,0.00104859335038363,0.0105051150895141,,0.0193222506393862,0.000223785166240409,,,0,,0,0.150313299232737,,,0.0140920716112532,,0,0.00090153452685422,0,0.210441176470588,,,0,0,,0,0,0.0371099744245524,0.000658567774936061,0,,,,0.000210997442455243,,,,0.00090153452685422,0.00296035805626598,,,,0,,0.00349104859335038,,,,,,,,0,0.208804347826087,0,,0.00256393861892583,0,0.0123273657289003,0,0,0,,0,0.00364450127877238,,,0,0.231515345268542
0,0,2021,2021-09-26,288,Waldshut,08,Baden-Württemberg,erststimme,177275,136195,134877,1318,0.768269637568749,cdu,,,,0.0846697361299555,,,,0,,,,0,,,0,0,0,0,,0.336121058445843,,0,,0,,,0,0,,0.0294712960697524,0,,,0,,0,0.0757504986024304,,,0.0258161139408498,,0,0,0,0.153317467025512,,,0,0,,0,0,0.0267354700949754,0,0,,,,0,,,,0,0.00663567546727759,,,,0,,0,,,,,,,,0,0.255410485108655,0,,0,0,0,0,0,0,,0,0.00607219911474899,,,0,0.336121058445843
0,0,2021,2021-09-26,288,Waldshut,08,Baden-Württemberg,zweitstimme,177275,136195,135022,1173,0.768269637568749,cdu,,,,0.083430848306202,,,,0,,,,0,,,0.000392528624964821,0.0011849920753655,0,0.00159973930174342,,0.263623705766468,,0,,0.000836900653226882,,,0.000755432448045504,0.00662114322110471,,0.0269141325117388,0.000125905408007584,,,0,,0,0.136437025077395,,,0.018767311993601,,0,0.00114796107301032,0,0.172520033772274,,,0,0,,0,0,0.0288471508346788,0.000207373613188962,0,,,,0.000251810816015168,,,,0.000814682051813779,0.00347350802091511,,,,0,,0.00348832042185718,,,,,,,,0,0.227977662899379,0,,0.00289582438417443,0,0.0128275392158315,0,0,0,,0,0.00485846750899853,,,0,0.263623705766468
0,0,2021,2021-09-26,289,Reutlingen,08,Baden-Württemberg,erststimme,199189,153820,152477,1343,0.772231398320188,cdu,,,,0.100710271057274,,,,0,,,,0,,,0,0,0,0,,0.325498271870512,,0,,0,,,0,0.014500547623576,,0.0180158318959581,0,,,0,,0,0.133862812096251,,,0.0205867114384465,,0,0,0,0.166575942601179,,,0,0,,0,0,0.0404585609632928,0,0,,,,0.00116738918000748,,,,0,0,,,,0,,0,,,,,,,,0,0.178623661273504,0,,0,0,0,0,0,0,,0,0,,,0,0.325498271870512
0,0,2021,2021-09-26,289,Reutlingen,08,Baden-Württemberg,zweitstimme,199189,153820,152575,1245,0.772231398320188,cdu,,,,0.10258561363264,,,,0,,,,0,,,0.000465344912338194,0.00134360150745535,0,0.00291659839423234,,0.258915287563493,,0,,0.000688186137964935,,,0.00115353105030313,0.00812059642798624,,0.0160052433229559,0.000137637227592987,,,0,,0,0.165741438636736,,,0.0159528100933967,,0,0.00117974766508275,0,0.158590856955596,,,0,0,,0,0,0.033301654923808,0.000321153531050303,0,,,,0.000517778141897428,,,,0.000989677207930526,0.00215631656562346,,,,0,,0.00361789283958709,,,,,,,,0,0.206685236768802,0,,0.00451581189578896,0,0.011142061281337,0,0,0,,0,0.00295592331640177,,,0,0.258915287563493
0,0,2021,2021-09-26,290,Tübingen,08,Baden-Württemberg,erststimme,198791,160835,159628,1207,0.809065802777792,cdu,,,,0.0782068308818002,,,,0,,,,0,,,0,0,0,0,,0.269526649459995,,0,,0.00308843060114767,,,0,0.0122284311023129,,0.018417821434836,0,,,0,,0,0.0943380860500664,,,0.0174718721026386,,0,0,0,0.256709349236976,,,0,0,,0,0,0.0471471170471346,0,0,,,,0.000714160422983437,,,,0,0.00465457187962012,,,,0,,0,,,,,,,,0,0.181559626130754,0,,0,0,0.0159370536497356,0,0,0,,0,0,,,0,0.269526649459995
0,0,2021,2021-09-26,290,Tübingen,08,Baden-Württemberg,zweitstimme,198791,160835,159781,1054,0.809065802777792,cdu,,,,0.0785324913475319,,,,0,,,,0,,,0.000231566957272767,0.000920009262678291,0,0.00202151695132713,,0.217641647004337,,0,,0.00139566031004938,,,0.00130178181385772,0.00808606780530852,,0.0166853380564648,0.000262859789336655,,,0,,0,0.141931769108968,,,0.0123794443644739,,0,0.000970077793980511,0,0.234220589431785,,,0,0,,0,0,0.0515142601435715,0.00022530839085999,0,,,,0.000312928320638875,,,,0.000826130766486629,0.00314805890562708,,,,0,,0.00332955733159762,,,,,,,,0,0.20387905946264,0,,0.00524467865390754,0,0.0111214725155056,0,0,0,,0,0.00381772551179427,,,0,0.217641647004337
0,0,2021,2021-09-26,291,Ulm,08,Baden-Württemberg,erststimme,223376,177537,175998,1539,0.794789950576606,cdu,,,,0.0905237559517722,,,,0,,,,0,,,0,0,0,0,,0.327321901385243,,0,,0,,,0.00273298560210912,0.0113751292628325,,0,0,,,0,,0,0.112188774872442,,,0.02818782031614,,0,0,0,0.187570313299015,,,0,0.00209661473425834,,0,0,0.0261593881748656,0,0,,,,0.000772736053818793,,,,0,0,,,,0,,0.00948306230752622,,,,,,,,0,0.182820259321129,0,,0,0,0.0187672587188491,0,0,0,,0,0,,,0,0.327321901385243
0,0,2021,2021-09-26,291,Ulm,08,Baden-Württemberg,zweitstimme,223376,177537,176165,1372,0.794789950576606,cdu,,,,0.0910850622995487,,,,0,,,,0,,,0.000386001759713905,0.00120341725087276,0,0.00200380325263248,,0.26568841710896,,0,,0.000811738994692476,,,0.00175971390457809,0.00867936309709647,,0.0145658899327335,0.000204353872789714,,,0,,0,0.144120568784946,,,0.0216160985439787,,0,0.001430477109528,0,0.177322396616808,,,0,0,,0,0,0.0305225214997304,0.000357619277382,0,,,,0.000493855192575143,,,,0.000982033888683904,0.00292339568018619,,,,0,,0.00518831777027219,,,,,,,,0,0.206726648312661,0,,0.00465472710243238,0,0.0141401526977549,0,0,0,,0,0.00313342604944228,,,0,0.26568841710896
0,0,2021,2021-09-26,292,Biberach,08,Baden-Württemberg,erststimme,169147,133345,132171,1174,0.788337954560235,cdu,,,,0.101905864372669,,,,0,,,,0,,,0,0,0,0,,0.351499194225662,,0,,0,,,0,0.011129521604588,,0.0237117068040644,0,,,0,,0,0.0986978989339568,,,0.0335247520257848,,0,0,0,0.135521407873134,,,0,0,,0,0,0.0156161336450507,0,0,,,,0,,,,0,0.0188316650399861,,,,0,,0.00575012672976674,,,,,,,,0,0.18587284653971,0,,0,0,0.0179388822056276,0,0,0,,0,0,,,0,0.351499194225662
0,0,2021,2021-09-26,292,Biberach,08,Baden-Württemberg,zweitstimme,169147,133345,132230,1115,0.788337954560235,cdu,,,,0.108205399682372,,,,0,,,,0,,,0.000325190955153899,0.00151251607048325,0,0.00182258186493232,,0.30607275202299,,0,,0.000922634802994782,,,0.000884821901232701,0.00888603191408909,,0.0242531951901989,0.00012100128563866,,,0,,0,0.144921727293352,,,0.0314225213642895,,0,0.00142932768660667,0,0.136655826968162,,,0,0,,0,0,0.022438175905619,0.000204189669515239,0,,,,9.07509642289949e-05,,,,0.00119488769568177,0.00900703319972775,,,,0,,0.00422748241700068,,,,,,,,0,0.175088860319141,0,,0.00327459729259623,0,0.0145277168569916,0,0,0,,0,0.00251077667700219,,,0,0.30607275202299
0,0,2021,2021-09-26,293,Bodensee,08,Baden-Württemberg,erststimme,174430,137838,136755,1083,0.790219572321275,cdu,,,,0.0920185733611203,,,,0,,,,0,,,0,0,0,0,,0.304369127271398,,0,,0,,,0,0.0152023692003949,,0.0295784432013455,0,,,0,,0,0.12248912288399,,,0.0222807209974041,,0,0,0,0.170999232203576,,,0,0,,0,0,0.027092245256115,0,0,,,,0,,,,0,0.00680779496179299,,,,0,,0,,,,,,,,0,0.208409198932397,0,,0,0,0,0,0,0,,0,0,,,0.000753171730466893,0.304369127271398
0,0,2021,2021-09-26,293,Bodensee,08,Baden-Württemberg,zweitstimme,174430,137838,136848,990,0.790219572321275,cdu,,,,0.0870747106278499,,,,0,,,,0,,,0.000379983631474337,0.00115456564947971,0,0.00147609026072723,,0.267238103589384,,0,,0.000971881211270899,,,0.000854963170817257,0.00982842277563428,,0.0282210920144978,0.000233836080907284,,,0,,0,0.157919735765229,,,0.0184584356366187,,0,0.000913422191044078,0,0.172709867882614,,,0,0,,0,0,0.028535309248217,0.000358061498889279,0,,,,0.000197299193265521,,,,0.000686893487665147,0.00405559452823571,,,,0,,0.00358061498889279,,,,,,,,0,0.197218812112709,0,,0.00411405354846253,0,0.0104714719981293,0,0,0,,0,0.0033467789079855,,,0,0.267238103589384
0,0,2021,2021-09-26,294,Ravensburg,08,Baden-Württemberg,erststimme,187817,147020,145940,1080,0.782783241133657,cdu,,,,0.0803549403864602,,,,0,,,,0,,,0,0,0,0,,0.305584486775387,,0,,0,,,0,0.0131081266273811,,0.0322735370700288,0,,,0,,0,0.143442510620803,,,0.0304303138276004,,0,0,0,0.210655063724818,,,0,0,,0,0,0.0299095518706318,0,0.00240509798547348,,,,0.00087022063861861,,,,0,0.0130464574482664,,,,0,,0,,,,,,,,0,0.137919693024531,0,,0,0,0,0,0,0,,0,0,,,0,0.305584486775387
0,0,2021,2021-09-26,294,Ravensburg,08,Baden-Württemberg,zweitstimme,187817,147020,145978,1042,0.782783241133657,cdu,,,,0.0866568935045007,,,,0,,,,0,,,0.00032881667100522,0.0012536135582074,0,0.00163038266040088,,0.266663469837921,,0,,0.00111660661195523,,,0.000828892024825659,0.00940552686021181,,0.028470043431202,0.000123306251626958,,,0,,0,0.148926550576114,,,0.0256956527695954,,0,0.0010960555700174,0,0.174930468974777,,,0,0,,0,0,0.0324363945252024,0.000301415281754785,0,,,,0.000315115976380003,,,,0.000637082300072614,0.00747372891805615,,,,0,,0.00367178615955829,,,,,,,,0,0.190097137924893,0,,0.00390469796818699,0,0.0109879570894244,0,0,0,,0,0.00304840455411089,,,0,0.266663469837921
0,0,2021,2021-09-26,295,Zollernalb – Sigmaringen,08,Baden-Württemberg,erststimme,182648,138084,136396,1688,0.756011563225439,cdu,,,,0.114035602217074,,,,0,,,,0,,,0,0,0,0,,0.301372474266108,,0,,0,,,0,0.0138347165606029,,0.0286372034370509,0,,,0,,0,0.136939499692073,,,0.0246268219009355,,0,0,0,0.169491773952315,,,0,0,,0,0,0.0208803777236869,0,0,,,,0.00155429777999355,,,,0,0.00555734772280712,,,,0,,0,,,,,,,,0,0.183069884747353,0,,0,0,0,0,0,0,,0,0,,,0,0.301372474266108
0,0,2021,2021-09-26,295,Zollernalb – Sigmaringen,08,Baden-Württemberg,zweitstimme,182648,138084,136540,1544,0.756011563225439,cdu,,,,0.12067525999707,,,,0,,,,0,,,0.000344221473560861,0.001223084810312,0,0.00188955617401494,,0.288062106342464,,0,,0.000607880474586202,,,0.0008129485864948,0.00977735462135638,,0.0218251061959865,0.000124505639373077,,,0,,0,0.169913578438553,,,0.0191665446023143,,0,0.00133294272740589,0,0.113541819247107,,,0,0,,0,0,0.0259264684341585,0.000219715834187784,0,,,,0.000834920169913579,,,,0.00150871539475612,0.00314193642888531,,,,0,,0.00373516918119232,,,,,,,,0,0.195664274205361,0,,0.00399150432107807,0,0.0137908305258532,0,0,0,,0,0.00188955617401494,,,0,0.288062106342464
0,0,2021,2021-09-26,296,Saarbrücken,10,Saarland,erststimme,192929,142697,140398,2299,0.739634787927165,spd,,,,0.0895240672944059,,,,0,,,,0,,,0,0,0,0,,0.251086197809086,,0,,0,,,0,0.0244946509209533,,0.0155201641049018,0,,,0,,0,0.0829570221798031,,,0.0185472727531731,,0,0,0,0.0793672274533825,,,0,0,,0,0,0.0620450433766863,0,0,,,,0.00143164432541774,,,,0,0.00430917819342156,,,,0,,0,,,,,,,,0,0.368587871622103,0,,0,0,0,0,0,0,,0,0,,,0.00212965996666619,0.251086197809086
0,0,2021,2021-09-26,296,Saarbrücken,10,Saarland,zweitstimme,192929,142697,140474,2223,0.739634787927165,spd,,,,0.0925865284679015,,,,0,,,,0,,,0,0,0,0,,0.204998789811638,,0,,0,,,0,0.0196762390193203,,0.0136893660036733,0,,,0,,0,0.117018095875393,,,0.0155971923629996,,0,0,0,0,,,0,0,,0,0,0.0959892933923715,0,0,,,,0.00100374446516793,,,,0.00263393937668181,0.00496889104033487,,,,0,,0.00718282386776201,,,,,,,,0,0.381116790295713,0,,0.00532482879394052,0,0.0273573757421302,0,0,0,,0,0.0108561014849723,,,0,0.204998789811638
0,0,2021,2021-09-26,297,Saarlouis,10,Saarland,erststimme,203279,159170,156123,3047,0.783012509900186,spd,,,,0.096789070156223,,,,0,,,,0,,,0,0,0,0,,0.279721757844776,,0,,0,,,0,0.0246792593019606,,0.0157952383697469,0,,,0,,0,0.081839318998482,,,0.0278754571715891,,0,0,0,0.0472896370169674,,,0,0,,0,0,0.0538357577038617,0,0,,,,0,,,,0,0.00481030981982155,,,,0,,0,,,,,,,,0,0.367364193616572,0,,0,0,0,0,0,0,,0,0,,,0,0.279721757844776
0,0,2021,2021-09-26,297,Saarlouis,10,Saarland,zweitstimme,203279,159170,156279,2891,0.783012509900186,spd,,,,0.100147812565988,,,,0,,,,0,,,0,0,0,0,,0.243698769508379,,0,,0,,,0,0.0175071506728351,,0.0142117622969177,0,,,0,,0,0.120758387243328,,,0.0212120630410996,,0,0,0,0,,,0,0,,0,0,0.0672643157429981,0,0,,,,0.000486309740912087,,,,0.00223958433314777,0.00379449574159036,,,,0,,0.00550297864716309,,,,,,,,0,0.364220400693631,0,,0.00383288861587289,0,0.0290186141452147,0,0,0,,0,0.00610446701092277,,,0,0.243698769508379
0,0,2021,2021-09-26,298,St. Wendel,10,Saarland,erststimme,173074,139808,136980,2828,0.807793198285127,spd,,,,0.090129945977515,,,,0,,,,0,,,0,0,0,0,,0.320689151700978,,0,,0,,,0,0.0238063950941743,,0.0164330559205723,0,,,0,,0,0.0828880128485911,,,0.026003796174624,,0,0,0,0.0418966272448533,,,0,0,,0,0,0.042217842020733,0,0,,,,0,,,,0,0.0045335085413929,,,,0,,0,,,,,,,,0,0.351401664476566,0,,0,0,0,0,0,0,,0,0,,,0,0.320689151700978
0,0,2021,2021-09-26,298,St. Wendel,10,Saarland,zweitstimme,173074,139808,137032,2776,0.807793198285127,spd,,,,0.0941677856267149,,,,0,,,,0,,,0,0,0,0,,0.264522155408956,,0,,0,,,0,0.0166092591511472,,0.015281102224298,0,,,0,,0,0.108850487477378,,,0.021024286298091,,0,0,0,0,,,0,0,,0,0,0.0575558993519762,0,0,,,,0.00043055636639617,,,,0.00213818670091657,0.0043420514916224,,,,0,,0.00540749605931461,,,,,,,,0,0.373846984645922,0,,0.0029774067371125,0,0.0277891295463833,0,0,0,,0,0.00505721291377197,,,0,0.264522155408956
0,0,2021,2021-09-26,299,Homburg,10,Saarland,erststimme,185941,142288,139612,2676,0.765231982187898,spd,,,,0.116107497922815,,,,0,,,,0,,,0,0,0,0,,0.261238288972295,,0,,0,,,0,0.0235438214480131,,0.0149414090479328,0,,,0,,0,0.0788972294645159,,,0.0316448442827264,,0,0,0,0.0488926453313469,,,0,0,,0,0,0.0523737214566083,0,0,,,,0,,,,0,0.00641062372861932,,,,0,,0,,,,,,,,0,0.365949918345128,0,,0,0,0,0,0,0,,0,0,,,0,0.261238288972295
0,0,2021,2021-09-26,299,Homburg,10,Saarland,zweitstimme,185941,142288,139883,2405,0.765231982187898,spd,,,,0.114867424919397,,,,0,,,,0,,,0,0,0,0,,0.228791204077694,,0,,0,,,0,0.0157417270147194,,0.0134255056011095,0,,,0,,0,0.1123724827177,,,0.0240129250873945,,0,0,0,0,,,0,0,,0,0,0.0661052450976888,0,0,,,,0.000579055353402486,,,,0.00258787701150247,0.00461099633264943,,,,0,,0.00578340470250138,,,,,,,,0,0.372389782889987,0,,0.00376028538135442,0,0.0289170235125069,0,0,0,,0,0.0060550603003939,,,0,0.228791204077694
0,0,2025,2025-02-23,001,Flensburg – Schleswig,01,Schleswig-Holstein,erststimme,232131,192882,191785,1097,0.830918748465306,cdu,,,,0.150308939698099,,,,,,,,0,0,,,,0,0,0.0033683551894048,0.265078082227494,,0,,,,,,0,,0,,,,,,,0.0233959903016399,,,0.00806632426936413,,,0,,0.225763224444039,,,,,,,,0.0540970357431499,,0,0,,,0,,,,,0,,,,0,0,0,,,,,,,,0,0.14795734807206,0.111937847068332,,0,,0,,,,,,0.00757097791798107,0,,0.00245587506843601,0.265078082227494
0,0,2025,2025-02-23,001,Flensburg – Schleswig,01,Schleswig-Holstein,zweitstimme,232131,192882,191894,988,0.830918748465306,cdu,,,,0.152542549532554,,,,,,,,0,0.0315278226520892,,,,0,0,0.00170927699667525,0.248501777022731,,0,,,,,,0.00631598695112927,,0,,,,,,,0.0368276235838536,,,0.00592514617445048,,,0,,0.159436980833168,,,,,,,,0.0829207791801724,,0,0,,,0.000276194148853013,,,,,0,,,,0,0,0,,,,,,,,0,0.159244166050007,0.107220653068882,,0,,0,,,,,,0.00755104380543425,0,,0,0.248501777022731
0,0,2025,2025-02-23,002,Nordfriesland – Dithmarschen Nord,01,Schleswig-Holstein,erststimme,186019,153755,152717,1038,0.826555351872658,cdu,,,,0.160257207776475,,,,,,,,0,0,,,,0,0,0,0.326525534157952,,0,,,,,,0,,0,,,,,,,0.037651342024791,,,0.00971732027213735,,,0,,0.108881133076213,,,,,,,,0.0518606311019729,,0,0,,,0,,,,,0,,,,0,0,0,,,,,,,,0,0.204096466012297,0.0933360398645861,,0,,0,,,,,,0.00767432571357478,0,,0,0.326525534157952
0,0,2025,2025-02-23,002,Nordfriesland – Dithmarschen Nord,01,Schleswig-Holstein,zweitstimme,186019,153755,152915,840,0.826555351872658,cdu,,,,0.160638263087336,,,,,,,,0,0.0320897230487526,,,,0,0,0.00116404538469084,0.296256089984632,,0,,,,,,0.00697773272733218,,0,,,,,,,0.0498185266324429,,,0.00718699931334401,,,0,,0.122708694372691,,,,,,,,0.0617467220351176,,0,0,,,0.000313899879017755,,,,,0,,,,0,0,0,,,,,,,,0,0.174207893274041,0.0802014190890364,,0,,0,,,,,,0.0066899911715659,0,,0,0.296256089984632
0,0,2025,2025-02-23,003,Steinburg – Dithmarschen Süd,01,Schleswig-Holstein,erststimme,175948,146393,145247,1146,0.832024234432901,cdu,,,,0.204300260934821,,,,,,,,0,0,,,,0,0,0,0.350348027842227,,0,,,,,,0,,0,,,,,,,0.0387271337790109,,,0.0214186867887116,,,0,,0.0994788188396318,,,,,,,,0.0596569980791342,,0,0,,,0,,,,,0,,,,0,0,0,,,,,,,,0,0.211377859783679,0,,0,,0,,,,,,0.0146922139527839,0,,0,0.350348027842227
0,0,2025,2025-02-23,003,Steinburg – Dithmarschen Süd,01,Schleswig-Holstein,zweitstimme,175948,146393,145592,801,0.832024234432901,cdu,,,,0.203671905049728,,,,,,,,0,0.0367946040991263,,,,0,0,0.00162096818506511,0.292330622561679,,0,,,,,,0.00833150173086433,,0,,,,,,,0.0510673663388098,,,0.0105912412769932,,,0,,0.110383812297379,,,,,,,,0.0663223254024946,,0,0,,,0.000309082916643772,,,,,0,,,,0,0,0,,,,,,,,0,0.17584757404253,0.0342875982196824,,0,,0,,,,,,0.00844139787900434,0,,0,0.292330622561679
0,0,2025,2025-02-23,004,Rendsburg-Eckernförde,01,Schleswig-Holstein,erststimme,202649,172504,171367,1137,0.851245256576642,cdu,,,,0.154154533836736,,,,,,,,0,0,,,,0,0,0.00368799127019788,0.327735211563487,,0,,,,,,0,,0,,,,,,,0.0476754567682226,,,0.00797703175057041,,,0,,0.119468742523356,,,,,,,,0.0506223485268459,,0,0,,,0,,,,,0,,,,0,0,0,,,,,,,,0,0.211627676273728,0.0646273786668378,,0,,0,,,,,,0.00774361458157055,0,,0.00468001423844731,0.327735211563487
0,0,2025,2025-02-23,004,Rendsburg-Eckernförde,01,Schleswig-Holstein,zweitstimme,202649,172504,171646,858,0.851245256576642,cdu,,,,0.160201810703424,,,,,,,,0,0.0318271325868357,,,,0,0,0.00173613134008366,0.292642997797793,,0,,,,,,0.00676392109341319,,0,,,,,,,0.0463512112137772,,,0.00577933654148655,,,0,,0.14696526572131,,,,,,,,0.0634445311862787,,0,0,,,0.0002446896519581,,,,,0,,,,0,0,0,,,,,,,,0,0.177213567458607,0.0611549351572422,,0,,0,,,,,,0.00567446954779022,0,,0,0.292642997797793
0,0,2025,2025-02-23,005,Kiel,01,Schleswig-Holstein,erststimme,201508,167176,166196,980,0.829624630287631,gruene,,,,0.107168644251366,,,,,,,,0,0,,,,0,0,0,0.210257767936653,,0,,,,,,0.0121603408024261,,0,,,,,,,0.0290500373053503,,,0.00467520277262991,,,0,,0.260421430118655,,,,,,,,0.0959890731425546,,0,0,,,0,,,,,0,,,,0,0,0,,,,,,,,0,0.220763435943103,0.0443151459722256,,0,,0,,,,,,0.0151989217550362,0,,0,0.210257767936653
0,0,2025,2025-02-23,005,Kiel,01,Schleswig-Holstein,zweitstimme,201508,167176,166309,867,0.829624630287631,gruene,,,,0.107534769615595,,,,,,,,0,0.0327763380213939,,,,0,0,0.00111238718289449,0.197475783030383,,0,,,,,,0.00876080067825554,,0,,,,,,,0.0394867385409088,,,0.00345741962250991,,,0,,0.229380250016536,,,,,,,,0.136979958991997,,0,0,,,0.000366787125170616,,,,,0,,,,0,0,0,,,,,,,,0,0.192942053647127,0.0381398481140528,,0,,0,,,,,,0.0115868654131767,0,,0,0.197475783030383
0,0,2025,2025-02-23,006,Plön – Neumünster,01,Schleswig-Holstein,erststimme,173740,143576,141713,1863,0.826384252331069,cdu,,,,0.178169963235554,,,,,,,,0,0,,,,0,0,0,0.327210629935151,,0,,,,,,0,,0,,,,,,,0.0331162278690029,,,0.0213247902450728,,,0,,0.133029432726708,,,,,,,,0.0537918186757743,,0,0,,,0,,,,,0,,,,0,0,0,,,,,,,,0,0.239759231686578,0,,0,,0,,,,,,0.0135979056261599,0,,0,0.327210629935151
0,0,2025,2025-02-23,006,Plön – Neumünster,01,Schleswig-Holstein,zweitstimme,173740,143576,142655,921,0.826384252331069,cdu,,,,0.180035750587081,,,,,,,,0,0.035344011776664,,,,0,0,0.00124075566927202,0.286109845431285,,0,,,,,,0.00695383968315166,,0,,,,,,,0.0431110020679261,,,0.00813150608110476,,,0,,0.139896954190179,,,,,,,,0.0676947881251972,,0,0,,,0.000280396761417406,,,,,0,,,,0,0,0,,,,,,,,0,0.191665206266868,0.0317058637972731,,0,,0,,,,,,0.00783007956258105,0,,0,0.286109845431285
0,0,2025,2025-02-23,007,Pinneberg,01,Schleswig-Holstein,erststimme,236767,200304,199102,1202,0.845996274818704,cdu,,,,0.152770941527458,,,,,,,,0,0,,,,0,0,0.00379704874888248,0.317585960964732,,0,,,,,,0,,0,,,,,,,0.0385480808831654,,,0.0109993872487469,,,0,,0.127547689124168,,,,,,,,0.0637010175688843,,0,0,,,0,,,,,0,,,,0,0,0,,,,,,,,0,0.249691113097809,0.0231891191449609,,0,,0,,,,,,0.0121696416911935,0,,0,0.317585960964732
0,0,2025,2025-02-23,007,Pinneberg,01,Schleswig-Holstein,zweitstimme,236767,200304,199319,985,0.845996274818704,cdu,,,,0.1560212523643,,,,,,,,0,0.0357316663238327,,,,0,0,0.00193157701975226,0.288637811749005,,0,,,,,,0.00682323310873524,,0,,,,,,,0.0506073179175091,,,0.00658743019983042,,,0,,0.145329848132893,,,,,,,,0.0757128020911203,,0,0,,,0.000235802908904821,,,,,0,,,,0,0,0,,,,,,,,0,0.202318895840336,0.0199479226767142,,0,,0,,,,,,0.0101144396670664,0,,0,0.288637811749005
0,0,2025,2025-02-23,008,Segeberg – Stormarn-Mitte,01,Schleswig-Holstein,erststimme,249219,211551,210047,1504,0.848855825599172,cdu,,,,0.171728232252782,,,,,,,,0,0,,,,0,0,0.00567968121420444,0.323165767661523,,0,,,,,,0,,0,,,,,,,0.0448328231300614,,,0.0155250967640576,,,0,,0.118068813170386,,,,,,,,0.0601579646460078,,0,0,,,0,,,,,0,,,,0,0,0,,,,,,,,0,0.244883288026013,0,,0,,0,,,,,,0.015958333134965,0,,0,0.323165767661523
0,0,2025,2025-02-23,008,Segeberg – Stormarn-Mitte,01,Schleswig-Holstein,zweitstimme,249219,211551,210509,1042,0.848855825599172,cdu,,,,0.172002147176605,,,,,,,,0,0.0369200366730164,,,,0,0,0.00220893168463106,0.290628904227373,,0,,,,,,0.00803766109762528,,0,,,,,,,0.052130787757293,,,0.00818017281921438,,,0,,0.136849255851294,,,,,,,,0.0707238170339511,,0,0,,,0.000242269926701471,,,,,0,,,,0,0,0,,,,,,,,0,0.190842196770684,0.0209444726828782,,0,,0,,,,,,0.0102893462987331,0,,0,0.290628904227373
0,0,2025,2025-02-23,009,Ostholstein – Stormarn-Nord,01,Schleswig-Holstein,erststimme,181112,150786,149672,1114,0.832556650028712,cdu,,,,0.173238815543321,,,,,,,,0,0,,,,0,0,0,0.347586722967556,,0,,,,,,0,,0,,,,,,,0.0362325618686194,,,0.017611844566786,,,0,,0.104468437650329,,,,,,,,0.0550002672510556,,0,0,,,0,,,,,0,,,,0,0,0,,,,,,,,0,0.254356192206959,0,,0,,0,,,,,,0.0115051579453739,0,,0,0.347586722967556
0,0,2025,2025-02-23,009,Ostholstein – Stormarn-Nord,01,Schleswig-Holstein,zweitstimme,181112,150786,149995,791,0.832556650028712,cdu,,,,0.176639221307377,,,,,,,,0,0.0309476982566086,,,,0,0,0.00148004933497783,0.311490383012767,,0,,,,,,0.00709356978565952,,0,,,,,,,0.0510417013900463,,,0.00903363445448182,,,0,,0.12729090969699,,,,,,,,0.0595686522884096,,0,0,,,0.000280009333644455,,,,,0,,,,0,0,0,,,,,,,,0,0.196746558218607,0.0211140371345712,,0,,0,,,,,,0.00727357578585953,0,,0,0.311490383012767
0,0,2025,2025-02-23,010,Herzogtum Lauenburg – Stormarn-Süd,01,Schleswig-Holstein,erststimme,245473,208042,206631,1411,0.847514797961487,cdu,,,,0.171407000885637,,,,,,,,0,0,,,,0,0,0,0.327356495395173,,0,,,,,,0,,0,,,,,,,0.0360304117000837,,,0.0183128378607276,,,0,,0.140390357690763,,,,,,,,0.0588537053975444,,0,0,,,0,,,,,0,,,,0,0,0,,,,,,,,0,0.233629029526063,0,,0,,0,,,,,,0.0140201615440084,0,,0,0.327356495395173
0,0,2025,2025-02-23,010,Herzogtum Lauenburg – Stormarn-Süd,01,Schleswig-Holstein,zweitstimme,245473,208042,207001,1041,0.847514797961487,cdu,,,,0.171767286148376,,,,,,,,0,0.0370239757295859,,,,0,0,0.00149274641185308,0.297182139216719,,0,,,,,,0.00658934014811523,,0,,,,,,,0.0535746204124618,,,0.00857000690817919,,,0,,0.139371307384988,,,,,,,,0.0688644016212482,,0,0,,,0.000275360988594258,,,,,0,,,,0,0,0,,,,,,,,0,0.192569118023584,0.0131786802962305,,0,,0,,,,,,0.0095410167100642,0,,0,0.297182139216719
0,0,2025,2025-02-23,011,Lübeck,01,Schleswig-Holstein,erststimme,178245,142999,141752,1247,0.802260932985498,spd,,,,0.155003104012642,,,,,,,,0,0,,,,0,0,0,0.237703877193973,,0,,,,,,0,,0,,,,,,,0.0284158248208138,,,0.0138269654043682,,,0,,0.193838534906033,,,,,,,,0.0717802923415543,,0,0,,,0.00201760821716801,,,,,0,,,,0,0,0,,,,,,,,0,0.280835543766578,0,,0,,0,,,,,,0.01657824933687,0,,0,0.237703877193973
0,0,2025,2025-02-23,011,Lübeck,01,Schleswig-Holstein,zweitstimme,178245,142999,142170,829,0.802260932985498,spd,,,,0.156530913694872,,,,,,,,0,0.0373285503270732,,,,0,0,0.0013926988816206,0.225342899345854,,0,,,,,,0.00806780614756981,,0,,,,,,,0.039016670183583,,,0.0070760357318703,,,0,,0.178968840120982,,,,,,,,0.104951818245762,,0,0,,,0.00063304494619118,,,,,0,,,,0,0,0,,,,,,,,0,0.211197861714848,0.0187381304072589,,0,,0,,,,,,0.0107547302525146,0,,0,0.225342899345854
0,0,2025,2025-02-23,012,Schwerin – Ludwigslust-Parchim I – Nordwestmecklenburg I,13,Mecklenburg-Vorpommern,erststimme,212978,171841,169758,2083,0.806848594690531,afd,,,,0.35853980372059,,,,,,,,0,0,,,,0,0,0.011498721709728,0.20885613638238,,0,,,,,,0,,0,,,,,,,0.0286878968885119,,,0.0279986804745579,,,0,,0.0325875658290036,,,,,,,,0.127063231187926,,0,0,,,0.00389377820191096,,,,,0,,,,0,0,0,,,,,,,,0,0.200874185605391,0,,0,,0,,,,,,0,0,,0,0.20885613638238
0,0,2025,2025-02-23,012,Schwerin – Ludwigslust-Parchim I – Nordwestmecklenburg I,13,Mecklenburg-Vorpommern,zweitstimme,212978,171841,170424,1417,0.806848594690531,afd,,,,0.322577805942825,,,,,,,,0,0.103582828709571,,,,0,0,0.00414260902220345,0.188993334272168,,0,,,,,,0,,0,,,,,,,0.0329355020419659,,,0.011600478805802,,,0,,0.0557139839459231,,,,,,,,0.11477256724405,,0,0,,,0.00107379242360231,,,,,0,,,,0,0,0,,,,,,,,0,0.144891564568371,0,,0,,0.0135544289536685,,,,,,0.00616110406984932,0,,0,0.188993334272168
0,0,2025,2025-02-23,013,Ludwigslust-Parchim II – Nordwestmecklenburg II – Landkreis Rostock I,13,Mecklenburg-Vorpommern,erststimme,202532,162855,161231,1624,0.804095155333478,afd,,,,0.368533346564867,,,,,,,,0,0,,,,0,0,0,0.203633296326389,,0,,,,,,0,,0,,,,,,,0.0274264874620886,,,0.0375486103788974,,,0,,0.0356507123319957,,,,,,,,0.112255087421154,,0,0,,,0,,,,,0,,,,0,0,0,,,,,,,,0,0.214952459514609,0,,0,,0,,,,,,0,0,,0,0.203633296326389
0,0,2025,2025-02-23,013,Ludwigslust-Parchim II – Nordwestmecklenburg II – Landkreis Rostock I,13,Mecklenburg-Vorpommern,zweitstimme,202532,162855,161724,1131,0.804095155333478,afd,,,,0.347740595087928,,,,,,,,0,0.105581113502016,,,,0,0,0.00238059904528703,0.184289282975934,,0,,,,,,0,,0,,,,,,,0.0304283841606688,,,0.011624743389973,,,0,,0.0478840493680592,,,,,,,,0.107232074398358,,0,0,,,0.000587420543642255,,,,,0,,,,0,0,0,,,,,,,,0,0.142279439044298,0,,0,,0.0138074744626648,,,,,,0.00616482402117187,0,,0,0.184289282975934
0,0,2025,2025-02-23,014,Rostock – Landkreis Rostock II,13,Mecklenburg-Vorpommern,erststimme,221164,179109,177568,1541,0.809846991372918,afd,,,,0.268049423319517,,,,,,,,0,0,,,,0,0,0.00858825914579203,0.193745494683727,,0,,,,,,0,,0,,,,,,,0.0283665975851505,,,0.0193221751666967,,,0,,0.052937466210128,,,,,,,,0.256341232654532,,0,0,,,0.00350851504775635,,,,,0,,,,0,0,0,,,,,,,,0,0.1691408361867,0,,0,,0,,,,,,0,0,,0,0.193745494683727
0,0,2025,2025-02-23,014,Rostock – Landkreis Rostock II,13,Mecklenburg-Vorpommern,zweitstimme,221164,179109,178020,1089,0.809846991372918,afd,,,,0.256218402426694,,,,,,,,0,0.0990001123469273,,,,0,0,0.00308392315470172,0.168014829794405,,0,,,,,,0,,0,,,,,,,0.0340242669362993,,,0.00843725424109651,,,0,,0.0894787102572745,,,,,,,,0.172694079316931,,0,0,,,0.00134816312773846,,,,,0,,,,0,0,0,,,,,,,,0,0.142500842601955,0,,0,,0.0156386922817661,,,,,,0.00956072351421189,0,,0,0.168014829794405
0,0,2025,2025-02-23,015,Vorpommern-Rügen – Vorpommern-Greifswald I,13,Mecklenburg-Vorpommern,erststimme,237125,186435,184664,1771,0.786230890880337,afd,,,,0.372828488498029,,,,,,,,0,0,,,,0,0,0,0.212477797513322,,0,,,,,,0,,0,,,,,,,0.0260689685049604,,,0.0269787289347139,,,0,,0.0490945717627691,,,,,,,,0.133393623012607,,0,0,,,0,,,,,0,,,,0,0,0,,,,,,,,0,0.145588744963826,0,,0,,0.0335690768097734,,,,,,0,0,,0,0.212477797513322
0,0,2025,2025-02-23,015,Vorpommern-Rügen – Vorpommern-Greifswald I,13,Mecklenburg-Vorpommern,zweitstimme,237125,186435,185085,1350,0.786230890880337,afd,,,,0.354707296647486,,,,,,,,0,0.101429073128563,,,,0,0,0.0025447767242078,0.176535105492071,,0,,,,,,0,,0,,,,,,,0.0335251370991707,,,0.0115082259502391,,,0,,0.0619553178269444,,,,,,,,0.125423454088662,,0,0,,,0.000723991679498609,,,,,0,,,,0,0,0,,,,,,,,0,0.103465975092525,0,,0,,0.0207688359402437,,,,,,0.00741281033038874,0,,0,0.176535105492071
0,0,2025,2025-02-23,016,Mecklenburgische Seenplatte I – Vorpommern-Greifswald II,13,Mecklenburg-Vorpommern,erststimme,215874,168212,166076,2136,0.779213800642968,afd,,,,0.452070136563983,,,,,,,,0,0,,,,0,0,0,0.198999253353886,,0,,,,,,0,,0,,,,,,,0.0354235410294082,,,0.0287097473445892,,,0,,0.0227727064717358,,,,,,,,0.108438305354175,,0,0,,,0,,,,,0,,,,0,0,0,,,,,,,,0,0.137714058623763,0,,0,,0,,,,,,0,0,,0.01587225125846,0.198999253353886
0,0,2025,2025-02-23,016,Mecklenburgische Seenplatte I – Vorpommern-Greifswald II,13,Mecklenburg-Vorpommern,zweitstimme,215874,168212,166830,1382,0.779213800642968,afd,,,,0.428508062099143,,,,,,,,0,0.113936342384463,,,,0,0,0.00245759156027093,0.173104357729425,,0,,,,,,0,,0,,,,,,,0.0314751543487382,,,0.0101600431577055,,,0,,0.0282982676976563,,,,,,,,0.0948450518491878,,0,0,,,0.000563447821135287,,,,,0,,,,0,0,0,,,,,,,,0,0.0977342204639453,0,,0,,0.0150512497752203,,,,,,0.00386621111310915,0,,0,0.173104357729425
0,0,2025,2025-02-23,017,Mecklenburgische Seenplatte II – Landkreis Rostock III,13,Mecklenburg-Vorpommern,erststimme,205056,160586,158426,2160,0.783132412609239,afd,,,,0.41053236211228,,,,,,,,0,0,,,,0,0,0.021221264186434,0.194475654248671,,0,,,,,,0,,0,,,,,,,0.0272240667567192,,,0.0226162372337874,,,0,,0.0212717609483292,,,,,,,,0.106983702170098,,0,0,,,0,,,,,0,,,,0,0,0,,,,,,,,0,0.195674952343681,0,,0,,0,,,,,,0,0,,0,0.194475654248671
0,0,2025,2025-02-23,017,Mecklenburgische Seenplatte II – Landkreis Rostock III,13,Mecklenburg-Vorpommern,zweitstimme,205056,160586,159159,1427,0.783132412609239,afd,,,,0.398324945494757,,,,,,,,0,0.111454583152696,,,,0,0,0.00456775928474042,0.178940556299047,,0,,,,,,0,,0,,,,,,,0.029096689474048,,,0.010241330996048,,,0,,0.0336958638845431,,,,,,,,0.102897102897103,,0,0,,,0.000603170414491169,,,,,0,,,,0,0,0,,,,,,,,0,0.114106019766397,0,,0,,0.0124026916479747,,,,,,0.00366928668815461,0,,0,0.178940556299047
0,0,2025,2025-02-23,018,Hamburg-Mitte,02,Hamburg,erststimme,243955,189443,187794,1649,0.776548953700478,spd,,,,0.105983151751387,,,,,,,,0,0,,,,0,0,0,0.169515532977624,,0,,,,,,0,,0,,,,,,,0.0348307187663078,,,0.00781707615791772,,,0,,0.214863094667561,,,,,,,,0.165175671214203,,0,0,,,0.0023216929188366,,,,,0,,,,0,0,0,,,,,,,,0,0.274524212701151,0,,0,,0,,,,,,0.024968848845011,0,,0,0.169515532977624
0,0,2025,2025-02-23,018,Hamburg-Mitte,02,Hamburg,zweitstimme,243955,189443,188356,1087,0.776548953700478,spd,,,,0.105231582747563,,,,,,,,0,0.0452812758818408,,,,0,0,0.00129011021682346,0.156989955191234,,0,,,,,,0.00565949584828729,,0,,,,,,,0.0411773450275011,,,0.00347745758032662,,,0,,0.202595085901166,,,,,,,,0.189964747605598,,0,0,,,0.000679564229437873,,,,,0,,,,0,0,0,,,,,,,,0,0.221856484529296,0,,0,,0.00976342670262694,,,,,,0.0160334685382998,0,,0,0.156989955191234
0,0,2025,2025-02-23,019,Hamburg-Altona,02,Hamburg,erststimme,188984,158855,157644,1211,0.840573805189857,gruene,,,,0.0755563167643551,,,,,,,,0,0,,,,0,0,0,0.211964933647966,,0,,,,,,0,,0,,,,,,,0.0335122174012332,,,0.00652736545634468,,,0,,0.275126233792596,,,,,,,,0.160393037476847,,0,0,,,0.00258810991855066,,,,,0,,,,0,0,0,,,,,,,,0,0.234331785542108,0,,0,,0,,,,,,0,0,,0,0.211964933647966
0,0,2025,2025-02-23,019,Hamburg-Altona,02,Hamburg,zweitstimme,188984,158855,158186,669,0.840573805189857,gruene,,,,0.0733440380311785,,,,,,,,0,0.0331571694081651,,,,0,0,0.000979859153148825,0.195175299963334,,0,,,,,,0.00381196818934672,,0,,,,,,,0.0466602607057515,,,0.00228844524799919,,,0,,0.236873048183784,,,,,,,,0.180015930613329,,0,0,,,0.000644810539491485,,,,,0,,,,0,0,0,,,,,,,,0,0.205568128658668,0,,0,,0.00717509766983172,,,,,,0.0143059436359728,0,,0,0.195175299963334
0,0,2025,2025-02-23,020,Hamburg-Eimsbüttel,02,Hamburg,erststimme,194730,165712,164592,1120,0.850983412930725,gruene,,,,0.0774764265577914,,,,,,,,0,0,,,,0,0,0,0.209736803732867,,0,,,,,,0,,0,,,,,,,0.039965490424808,,,0.00949620880723243,,,0,,0.277498298823758,,,,,,,,0.12600247885681,,0,0,,,0,,,,,0,,,,0,0,0,,,,,,,,0,0.259824292796734,0,,0,,0,,,,,,0,0,,0,0.209736803732867
0,0,2025,2025-02-23,020,Hamburg-Eimsbüttel,02,Hamburg,zweitstimme,194730,165712,165063,649,0.850983412930725,gruene,,,,0.0758740602073148,,,,,,,,0,0.0326844901643615,,,,0,0,0.00101173491333612,0.202243991688022,,0,,,,,,0.00381672452336381,,0,,,,,,,0.0490903473219316,,,0.00288374741765265,,,0,,0.238702798325488,,,,,,,,0.145205164088863,,0,0,,,0.000399847331019065,,,,,0,,,,0,0,0,,,,,,,,0,0.22369034853359,0,,0,,0.00800906320616977,,,,,,0.0163876822788875,0,,0,0.202243991688022
0,0,2025,2025-02-23,021,Hamburg-Nord,02,Hamburg,erststimme,222169,190250,189117,1133,0.856330091056808,cdu,,,,0.0807489543510102,,,,,,,,0,0,,,,0,0,0,0.280820867505301,,0,,,,,,0,,0,,,,,,,0.0371621800261214,,,0.00727591914000328,,,0,,0.22671150663346,,,,,,,,0.0788982481744105,,0,0,,,0,,,,,0,,,,0,0,0,,,,,,,,0,0.266306043348826,0,,0,,0,,,,,,0.0220762808208675,0,,0,0.280820867505301
0,0,2025,2025-02-23,021,Hamburg-Nord,02,Hamburg,zweitstimme,222169,190250,189572,678,0.856330091056808,cdu,,,,0.0832401409490853,,,,,,,,0,0.0300993817652396,,,,0,0,0.000944232270588484,0.260808558225898,,0,,,,,,0.00329162534551516,,0,,,,,,,0.0585318506952504,,,0.00310699892389171,,,0,,0.210716772519148,,,,,,,,0.101913784736142,,0,0,,,0.0002479269090372,,,,,0,,,,0,0,0,,,,,,,,0,0.225275884624312,0,,0,,0.00792311100795476,,,,,,0.0138997320279366,0,,0,0.260808558225898
0,0,2025,2025-02-23,022,Hamburg-Wandsbek,02,Hamburg,erststimme,230501,179963,178285,1678,0.780747155109956,spd,,,,0.145239363939759,,,,,,,,0,0,,,,0,0,0,0.246689289620551,,0,,,,,,0,,0,,,,,,,0.0320105449140421,,,0.0137869142103935,,,0,,0.13019042544241,,,,,,,,0.106324143926859,,0,0,,,0.00251843957708164,,,,,0,,,,0,0,0,,,,,,,,0,0.323240878368904,0,,0,,0,,,,,,0,0,,0,0.246689289620551
0,0,2025,2025-02-23,022,Hamburg-Wandsbek,02,Hamburg,zweitstimme,230501,179963,178965,998,0.780747155109956,spd,,,,0.141251082613919,,,,,,,,0,0.0474059173581427,,,,0,0,0.00141368423993518,0.223278294638616,,0,,,,,,0.00462101528231777,,0,,,,,,,0.0410191936970916,,,0.00519654681082893,,,0,,0.145095409716984,,,,,,,,0.114670466292292,,0,0,,,0.000447014779426145,,,,,0,,,,0,0,0,,,,,,,,0,0.248713435587964,0,,0,,0.0120861620987344,,,,,,0.0148017768837482,0,,0,0.223278294638616
0,0,2025,2025-02-23,023,Hamburg-Bergedorf – Harburg,02,Hamburg,erststimme,218950,166582,164866,1716,0.76082210550354,spd,,,,0.175797314182427,,,,,,,,0,0,,,,0,0,0,0.213555250931059,,0,,,,,,0,,0,,,,,,,0.0252447442165152,,,0.0110392682542186,,,0,,0.116088217097522,,,,,,,,0.115700023049022,,0,0,,,0.00211687067072653,,,,,0,,,,0,0,0,,,,,,,,0,0.321915980250628,0,,0,,0,,,,,,0.0185423313478825,0,,0,0.213555250931059
0,0,2025,2025-02-23,023,Hamburg-Bergedorf – Harburg,02,Hamburg,zweitstimme,218950,166582,165478,1104,0.76082210550354,spd,,,,0.172844728604407,,,,,,,,0,0.0517289307339949,,,,0,0,0.00170415402651712,0.203694750963874,,0,,,,,,0.00464110032753599,,0,,,,,,,0.0328623744546103,,,0.00516080687462986,,,0,,0.12550913112317,,,,,,,,0.139281354621158,,0,0,,,0.000634525435405311,,,,,0,,,,0,0,0,,,,,,,,0,0.237457547226822,0,,0,,0.0107204583086573,,,,,,0.013760137299218,0,,0,0.203694750963874
0,0,2025,2025-02-23,024,Aurich – Emden,03,Niedersachsen,erststimme,189800,155699,154424,1275,0.820331928345627,spd,,,,0.20178210640833,,,,,,,,0,0,,,,0,0,0,0.220626327513858,,0,,,,,,0,,0,,,,,,,0.0231894006113039,,,0,,,0,,0.0504455266020826,,,,,,,,0.0578860798839559,,0,0,,,0,,,,,0,,,,0,0,0,,,,,,,,0,0.411574625705849,0,,0,,0.0278648396622287,,,,,,0,0,,0.00663109361239186,0.220626327513858
0,0,2025,2025-02-23,024,Aurich – Emden,03,Niedersachsen,zweitstimme,189800,155699,154683,1016,0.820331928345627,spd,,,,0.210410969531235,,,,,,,,0,0.0416852530659478,,,,0,0,0.00104083835974218,0.232779297013893,,0,,,,,,0.00414395893537105,,0.00248249646050309,,,,,,,0.0326603440584938,,,0.0085141870793817,,,0,,0.0824137106210767,,,,,,,,0.0753282519733907,,0,0,,,0.000219804374107045,,,,,0,,,,0,0.00045253841727921,0.00160327896407491,,,,,,,,0,0.286249943432698,0,,0,,0.0161750160004655,,,,,,0.00384011171234072,0,,0,0.232779297013893
0,0,2025,2025-02-23,025,Unterems,03,Niedersachsen,erststimme,237527,198273,196844,1429,0.834738787590463,cdu,,,,0.20325740180041,,,,,,,,0,0,,,,0,0,0,0.4052701631749,,0,,,,,,0,,0,,,,,,,0.0253043018837252,,,0.0163225701570787,,,0,,0.0697913068216456,,,,,,,,0.0550639084757473,,0,0,,,0,,,,,0,,,,0,0,0,,,,,,,,0,0.224990347686493,0,,0,,0,,,,,,0,0,,0,0.4052701631749
0,0,2025,2025-02-23,025,Unterems,03,Niedersachsen,zweitstimme,237527,198273,197223,1050,0.834738787590463,cdu,,,,0.208778894956471,,,,,,,,0,0.0372978810787788,,,,0,0,0.00115605177895073,0.327766031345228,,0,,,,,,0.0043757573913793,,0.0027380173711991,,,,,,,0.0391282963954508,,,0.00726588683875613,,,0,,0.0723394330275881,,,,,,,,0.0656870648960821,,0,0,,,0.000136900868559955,,,,,0,,,,0,0.000517181059004274,0.00137407908813881,,,,,,,,0,0.217484776116376,0,,0,,0.0105210852689595,,,,,,0.00343266251907739,0,,0,0.327766031345228
0,0,2025,2025-02-23,026,Friesland – Wilhelmshaven – Wittmund,03,Niedersachsen,erststimme,185864,150806,149649,1157,0.811378212025998,spd,,,,0.197348462067906,,,,,,,,0,0,,,,0,0,0,0.267926949060802,,0,,,,,,0.0100769133104799,,0.0079452585717245,,,,,,,0.0265554731404821,,,0.016939638754686,,,0,,0.0576682771017514,,,,,,,,0.0551022726513375,,0,0,,,0,,,,,0,,,,0,0,0,,,,,,,,0,0.353614123716163,0,,0,,0,,,,,,0.00682263162466839,0,,0,0.267926949060802
0,0,2025,2025-02-23,026,Friesland – Wilhelmshaven – Wittmund,03,Niedersachsen,zweitstimme,185864,150806,149918,888,0.811378212025998,spd,,,,0.201997091743486,,,,,,,,0,0.0408356568257314,,,,0,0,0.00132739230779493,0.264277805200176,,0,,,,,,0.00551634893741912,,0.00366867220747342,,,,,,,0.0397684067290119,,,0.00822449605784496,,,0,,0.0838658466628424,,,,,,,,0.0726864018997052,,0,0,,,0.000340185968329353,,,,,0,,,,0,0.000760415693912672,0.00156752357955682,,,,,,,,0,0.254892674662149,0,,0,,0.0152283248175669,,,,,,0.00504275670699983,0,,0,0.264277805200176
0,0,2025,2025-02-23,027,Oldenburg – Ammerland,03,Niedersachsen,erststimme,229344,193988,192715,1273,0.84583856564811,spd,,,,0.129963936382741,,,,,,,,0,0,,,,0,0,0,0.239586954829671,,0,,,,,,0,,0,,,,,,,0.0311133020263083,,,0.0107464390421088,,,0,,0.149069870015308,,,,,,,,0.0813221596658278,,0,0,,,0,,,,,0,,,,0,0,0,,,,,,,,0,0.343927561424902,0,,0,,0,,,,,,0.0142697766131334,0,,0,0.239586954829671
0,0,2025,2025-02-23,027,Oldenburg – Ammerland,03,Niedersachsen,zweitstimme,229344,193988,193187,801,0.84583856564811,spd,,,,0.129004539642937,,,,,,,,0,0.038092625280169,,,,0,0,0.00103526634814972,0.238504661286733,,0,,,,,,0.00500033646156315,,0.00174442379663228,,,,,,,0.0442835180421043,,,0.00489163349500743,,,0,,0.164902400265028,,,,,,,,0.112326398774245,,0,0,,,0.000284698245741173,,,,,0,,,,0,0.000895505391149508,0.00139243323826137,,,,,,,,0,0.238230315704473,0,,0,,0.0104976007702382,,,,,,0.00891364325756909,0,,0,0.238504661286733
0,0,2025,2025-02-23,028,Delmenhorst – Wesermarsch – Oldenburg-Land,03,Niedersachsen,erststimme,225017,185056,183544,1512,0.822408973544221,cdu,,,,0.192493353092447,,,,,,,,0,0,,,,0,0,0.0055844920019178,0.292910691714248,,0,,,,,,0,,0,,,,,,,0.0556160920542213,,,0.0213845181536852,,,0,,0.0981835418210347,,,,,,,,0.0688935623065859,,0,0,,,0,,,,,0,,,,0,0,0,,,,,,,,0,0.26493374885586,0,,0,,0,,,,,,0,0,,0,0.292910691714248
0,0,2025,2025-02-23,028,Delmenhorst – Wesermarsch – Oldenburg-Land,03,Niedersachsen,zweitstimme,225017,185056,184090,966,0.822408973544221,cdu,,,,0.195312075615188,,,,,,,,0,0.0415829213971427,,,,0,0,0.00192297245912325,0.261301537291542,,0,,,,,,0.00468249225922103,,0.00218914661306969,,,,,,,0.0491498723450486,,,0.0104133847574556,,,0,,0.100141235265359,,,,,,,,0.0739583899179749,,0,0,,,0.00016296376772231,,,,,0,,,,0,0.000706176326796676,0.00156988429572492,,,,,,,,0,0.238122657395839,0,,0,,0.0130153729154218,,,,,,0.00576891737736977,0,,0,0.261301537291542
0,0,2025,2025-02-23,029,Cuxhaven – Stade II,03,Niedersachsen,erststimme,187074,155165,154032,1133,0.829431134203577,cdu,,,,0.197822530383297,,,,,,,,0,0,,,,0,0,0,0.327172275890724,,0,,,,,,0,,0,,,,,,,0.0270528201932066,,,0.0200412901215332,,,0,,0.0716020047782279,,,,,,,,0.0517295107510128,,0,0,,,0,,,,,0,,,,0,0,0,,,,,,,,0,0.304579567881999,0,,0,,0,,,,,,0,0,,0,0.327172275890724
0,0,2025,2025-02-23,029,Cuxhaven – Stade II,03,Niedersachsen,zweitstimme,187074,155165,154389,776,0.829431134203577,cdu,,,,0.20034458413488,,,,,,,,0,0.0371140430989254,,,,0,0,0.0012306576245717,0.297709033674679,,0,,,,,,0.00411298732422647,,0.00343288705801579,,,,,,,0.0377228947658188,,,0.00797984312353859,,,0,,0.0884518974797427,,,,,,,,0.0601143863876312,,0,0,,,0.000155451489419583,,,,,0,,,,0,0.000421014450511371,0.00146383485870107,,,,,,,,0,0.239913465337556,0,,0,,0.0135696195972511,,,,,,0.0062633995945307,0,,0,0.297709033674679
0,0,2025,2025-02-23,030,Stade I – Rotenburg II,03,Niedersachsen,erststimme,197893,167138,165920,1218,0.844587731754029,cdu,,,,0.180153085824494,,,,,,,,0,0,,,,0,0,0,0.363470347155256,,0,,,,,,0,,0,,,,,,,0.0281159594985535,,,0,,,0,,0.0976675506268081,,,,,,,,0.0623854869816779,,0,0,,,0,,,,,0,,,,0,0,0,,,,,,,,0,0.255544840887175,0,,0,,0,,,,,,0.0126627290260366,0,,0,0.363470347155256
0,0,2025,2025-02-23,030,Stade I – Rotenburg II,03,Niedersachsen,zweitstimme,197893,167138,166373,765,0.844587731754029,cdu,,,,0.183335036334021,,,,,,,,0,0.0331363863126829,,,,0,0,0.00127424522007778,0.306888737956279,,0,,,,,,0.0049467161137925,,0.00266870225337044,,,,,,,0.0402288832923611,,,0.00667776622408684,,,0,,0.109416792388188,,,,,,,,0.0708588532995138,,0,0,,,0.000168296538500838,,,,,0,,,,0,0.000679196744664098,0.00173105011029434,,,,,,,,0,0.219867406370024,0,,0,,0.0106086925162136,,,,,,0.00751323832593029,0,,0,0.306888737956279
0,0,2025,2025-02-23,031,Mittelems,03,Niedersachsen,erststimme,233785,199529,198314,1215,0.85347220737002,cdu,,,,0.14116502112811,,,,,,,,0,0,,,,0,0,0.00318686527426203,0.438673013503837,,0,,,,,,0,,0,,,,,,,0.0348134776163055,,,0.0142803836340349,,,0,,0.0729247556904707,,,,,,,,0.0512772673638775,,0,0,,,0,,,,,0,,,,0,0,0,,,,,,,,0,0.243679215789102,0,,0,,0,,,,,,0,0,,0,0.438673013503837
0,0,2025,2025-02-23,031,Mittelems,03,Niedersachsen,zweitstimme,233785,199529,198610,919,0.85347220737002,cdu,,,,0.143416746387392,,,,,,,,0,0.0292734504808419,,,,0,0,0.00144504304919188,0.392764714767635,,0,,,,,,0.00384673480690801,,0.00166154775691053,,,,,,,0.0449171743618146,,,0.00639947636070691,,,0,,0.0868838427068124,,,,,,,,0.063496299279996,,0,0,,,0.000140979809677257,,,,,0,,,,0,0.000518604299884195,0.00110266351140426,,,,,,,,0,0.212305523387543,0,,0,,0.00814661900206435,,,,,,0.00368058003121696,0,,0,0.392764714767635
0,0,2025,2025-02-23,032,Cloppenburg – Vechta,03,Niedersachsen,erststimme,225099,187176,185977,1199,0.831527461250383,cdu,,,,0.20628357269985,,,,,,,,0,0,,,,0,0,0,0.458341622888852,,0,,,,,,0,,0,,,,,,,0.0329879501228647,,,0.0158890615506219,,,0,,0.0606580383595821,,,,,,,,0.0510009302225544,,0,0,,,0,,,,,0,,,,0,0,0,,,,,,,,0,0.174838824155675,0,,0,,0,,,,,,0,0,,0,0.458341622888852
0,0,2025,2025-02-23,032,Cloppenburg – Vechta,03,Niedersachsen,zweitstimme,225099,187176,186176,1000,0.831527461250383,cdu,,,,0.206009367480234,,,,,,,,0,0.0334146184255758,,,,0,0,0.00124076143004469,0.395410794087315,,0,,,,,,0.00342686490202819,,0.00196588174630457,,,,,,,0.0452904778274321,,,0.0091526297696803,,,0,,0.071314240288759,,,,,,,,0.0618661911309729,,0,0,,,0.000118167755242351,,,,,0,,,,0,0.000558611206600206,0.00137504297009282,,,,,,,,0,0.156051263320729,0,,0,,0.00823414403575112,,,,,,0.00457094362323823,0,,0,0.395410794087315
0,0,2025,2025-02-23,033,Diepholz – Nienburg I,03,Niedersachsen,erststimme,194011,162094,160975,1119,0.835488709403075,cdu,,,,0.169908370865041,,,,,,,,0,0,,,,0,0,0,0.353601490914738,,0,,,,,,0,,0,,,,,,,0.0330361857431278,,,0.0276378319614847,,,0,,0.0807889423823575,,,,,,,,0.0597235595589377,,0,0,,,0,,,,,0,,,,0,0,0,,,,,,,,0,0.275303618574313,0,,0,,0,,,,,,0,0,,0,0.353601490914738
0,0,2025,2025-02-23,033,Diepholz – Nienburg I,03,Niedersachsen,zweitstimme,194011,162094,161340,754,0.835488709403075,cdu,,,,0.175678690963183,,,,,,,,0,0.0367174910127681,,,,0,0,0.00131399528945085,0.304251890417751,,0,,,,,,0.00430767323664311,,0.00257220776000992,,,,,,,0.0457109210363208,,,0.0120676831535887,,,0,,0.102627990578902,,,,,,,,0.0680612371389612,,0,0,,,0.000179744638651295,,,,,0,,,,0,0.000576422461881741,0.00145035329118631,,,,,,,,0,0.228269492996157,0,,0,,0.0111999504152721,,,,,,0.00501425560927234,0,,0,0.304251890417751
0,0,2025,2025-02-23,034,Osterholz – Verden,03,Niedersachsen,erststimme,196082,166168,165089,1079,0.847441376566947,cdu,,,,0.16995075383581,,,,,,,,0,0,,,,0,0,0,0.359424310523415,,0,,,,,,0,,0,,,,,,,0.0299959415830249,,,0,,,0,,0.111770014961627,,,,,,,,0.0670668548479911,,0,0,,,0,,,,,0,,,,0,0,0,,,,,,,,0,0.248138882663291,0,,0,,0,,,,,,0.0136532415848421,0,,0,0.359424310523415
0,0,2025,2025-02-23,034,Osterholz – Verden,03,Niedersachsen,zweitstimme,196082,166168,165420,748,0.847441376566947,cdu,,,,0.176417603675493,,,,,,,,0,0.039481320275662,,,,0,0,0.00143271672107363,0.280062870269617,,0,,,,,,0.00423769798089711,,0.00264780558578165,,,,,,,0.0419719501874018,,,0.00576109297545641,,,0,,0.123636803288599,,,,,,,,0.0728871962277838,,0,0,,,0.000217627856365615,,,,,0,,,,0,0.000689154878491114,0.00149921412162979,,,,,,,,0,0.229808971103857,0,,0,,0.012132752992383,,,,,,0.00711522185950913,0,,0,0.280062870269617
0,0,2025,2025-02-23,035,Rotenburg I – Heidekreis,03,Niedersachsen,erststimme,168109,139371,138258,1113,0.829051389277195,spd,,,,0.192907462859292,,,,,,,,0,0,,,,0,0,0,0.27321384657669,,0,,,,,,0,,0,,,,,,,0.0235791057298674,,,0.0211416337571786,,,0,,0.0536026848355972,,,,,,,,0,,0,0,,,0,,,,,0,,,,0,0,0,,,,,,,,0,0.420829174441985,0,,0,,0,,,,,,0.0147260917993896,0,,0,0.27321384657669
0,0,2025,2025-02-23,035,Rotenburg I – Heidekreis,03,Niedersachsen,zweitstimme,168109,139371,138599,772,0.829051389277195,spd,,,,0.198197678193926,,,,,,,,0,0.0343797574297073,,,,0,0,0.00121934501691931,0.28094719298119,,0,,,,,,0.00426410002958174,,0.00212844248515502,,,,,,,0.0369266733526216,,,0.00963210412773541,,,0,,0.0923094683222823,,,,,,,,0.0705199893217123,,0,0,,,0.000144301185434238,,,,,0,,,,0,0.000634925215910649,0.00145744197288581,,,,,,,,0,0.247837285983304,0,,0,,0.0122150953470083,,,,,,0.00718619903462507,0,,0,0.28094719298119
0,0,2025,2025-02-23,036,Harburg,03,Niedersachsen,erststimme,202671,175135,173955,1180,0.864134483966626,cdu,,,,0.166163663016297,,,,,,,,0,0,,,,0,0,0,0.331798453623063,,0,,,,,,0,,0,,,,,,,0.0347618637003823,,,0.0180621425081199,,,0,,0.105906700008623,,,,,,,,0.0592682015463769,,0,0,,,0,,,,,0,,,,0,0,0,,,,,,,,0,0.262930068121066,0,,0,,0,,,,,,0.0150901095110805,0,,0.00601879796499095,0.331798453623063
0,0,2025,2025-02-23,036,Harburg,03,Niedersachsen,zweitstimme,202671,175135,174429,706,0.864134483966626,cdu,,,,0.168108514065895,,,,,,,,0,0.0356477420612398,,,,0,0,0.00116953029599436,0.304020547042063,,0,,,,,,0.00403602611950994,,0.00281489889869231,,,,,,,0.0486043031835303,,,0.00916705364360284,,,0,,0.128998045049848,,,,,,,,0.0705043312751893,,0,0,,,0.000177722741057966,,,,,0,,,,0,0.000601964122938273,0.00149631081987514,,,,,,,,0,0.204856990523365,0,,0,,0.0114201193608861,,,,,,0.00837590079631254,0,,0,0.304020547042063
0,0,2025,2025-02-23,037,Lüchow-Dannenberg – Lüneburg,03,Niedersachsen,erststimme,182679,155019,154076,943,0.84858686548536,spd,,,,0.155085801812093,,,,,,,,0,0,,,,0,0,0,0.263266180326592,,0,,,,,,0,,0.00994314494145746,,,,,,,0.0252732417767855,,,0.0240790259352527,,,0,,0.164185207300293,,,,,,,,0.0709844492328461,,0,0,,,0,,,,,0,,,,0,0,0,,,,,,,,0,0.278498922609621,0,,0,,0,,,,,,0.0086840260650588,0,,0,0.263266180326592
0,0,2025,2025-02-23,037,Lüchow-Dannenberg – Lüneburg,03,Niedersachsen,zweitstimme,182679,155019,154343,676,0.84858686548536,spd,,,,0.162359161089262,,,,,,,,0,0.0386282500664105,,,,0,0,0.000945945070395159,0.240632876126549,,0,,,,,,0.00519621881134875,,0.0036671569167374,,,,,,,0.0364901550442845,,,0.0121677043986446,,,0,,0.166168857674141,,,,,,,,0.103652255042341,,0,0,,,0.000226767653861853,,,,,0,,,,0,0.000570158672566945,0.00167160156275309,,,,,,,,0,0.209850786883759,0,,0,,0.0114420479062866,,,,,,0.00633005708065802,0,,0,0.240632876126549
0,0,2025,2025-02-23,038,Osnabrück-Land,03,Niedersachsen,erststimme,199476,167747,166610,1137,0.84093825823658,cdu,,,,0.17997119020467,,,,,,,,0,0,,,,0,0,0,0.365836384370686,,0,,,,,,0,,0,,,,,,,0.0294940279695096,,,0.0171058159774323,,,0,,0.100582197947302,,,,,,,,0.0571154192425425,,0,0,,,0,,,,,0,,,,0,0,0,,,,,,,,0,0.242446431786808,0,,0,,0,,,,,,0.00744853250105036,0,,0,0.365836384370686
0,0,2025,2025-02-23,038,Osnabrück-Land,03,Niedersachsen,zweitstimme,199476,167747,166906,841,0.84093825823658,cdu,,,,0.180994092483194,,,,,,,,0,0.0368890273567158,,,,0,0,0.00119827927096689,0.320611601739902,,0,,,,,,0.00378057109990054,,0.00288186164667537,,,,,,,0.0430781397912598,,,0.0088852407942195,,,0,,0.0985225216588978,,,,,,,,0.0653062202676956,,0,0,,,0.000209698872419206,,,,,0,,,,0,0.000593148239128611,0.00147388350328928,,,,,,,,0,0.222328735935197,0,,0,,0.00903502570309036,,,,,,0.00421195163744862,0,,0,0.320611601739902
0,0,2025,2025-02-23,039,Stadt Osnabrück,03,Niedersachsen,erststimme,192267,161535,160519,1016,0.840159777808984,cdu,,,,0.113793382714819,,,,,,,,0,0,,,,0,0,0,0.297329288121655,,0,,,,,,0,,0,,,,,,,0.0260280714432559,,,0.011481506862116,,,0,,0.136768856023275,,,,,,,,0.117506338813474,,0,0,,,0,,,,,0,,,,0,0,0,,,,,,,,0,0.281954161189641,0,,0,,0,,,,,,0.0122228521234246,0,,0.00291554270833982,0.297329288121655
0,0,2025,2025-02-23,039,Stadt Osnabrück,03,Niedersachsen,zweitstimme,192267,161535,160869,666,0.840159777808984,cdu,,,,0.11526148605387,,,,,,,,0,0.0342639041704741,,,,0,0,0.000876489566044421,0.262723085243273,,0,,,,,,0.00430785297353747,,0.00264190117424737,,,,,,,0.0413379830794,,,0.00526515363432358,,,0,,0.159577047162598,,,,,,,,0.110667686129708,,0,0,,,0.000317028140909684,,,,,0,,,,0,0.000671353710161684,0.00138622108672274,,,,,,,,0,0.244640048735306,0,,0,,0.00823651542559474,,,,,,0.00782624371382927,0,,0,0.262723085243273
0,0,2025,2025-02-23,040,Nienburg II – Schaumburg,03,Niedersachsen,erststimme,191029,157513,156424,1089,0.824550199184417,spd,,,,0.201183961540429,,,,,,,,0,0,,,,0,0,0,0.286356313609165,,0,,,,,,0.0105546463458293,,0,,,,,,,0.028026389812305,,,0.0168452411394671,,,0,,0.0749565284099627,,,,,,,,0.0554198844167136,,0,0,,,0,,,,,0,,,,0,0,0,,,,,,,,0,0.317457679128522,0,,0,,0,,,,,,0.00648877410116095,0,,0.00271058149644556,0.286356313609165
0,0,2025,2025-02-23,040,Nienburg II – Schaumburg,03,Niedersachsen,zweitstimme,191029,157513,156692,821,0.824550199184417,spd,,,,0.20583054654992,,,,,,,,0,0.0366642840732137,,,,0,0,0.00120618793556787,0.273855716947898,,0,,,,,,0.00486942536951472,,0.00202307711944452,,,,,,,0.0378832359022796,,,0.0101026217037245,,,0,,0.0992392719475149,,,,,,,,0.0653192249763868,,0,0,,,0.00019145840247109,,,,,0,,,,0,0.000836035024123759,0.00158272279376101,,,,,,,,0,0.243107497511041,0,,0,,0.0126681642968371,,,,,,0.0046205294463023,0,,0,0.273855716947898
0,0,2025,2025-02-23,041,Stadt Hannover I,03,Niedersachsen,erststimme,175419,143749,142683,1066,0.819460833775133,spd,,,,0.131192924174569,,,,,,,,0,0,,,,0,0,0,0.230013386317922,,0,,,,,,0,,0,,,,,,,0.0279921223972022,,,0.00757623543099038,,,0,,0.156970346852814,,,,,,,,0.084431922513544,,0,0,,,0.00227076806627279,,,,,0,,,,0,0,0.00509521106228493,,,,,,,,0,0.341084782349684,0,,0,,0,,,,,,0.0133723008347175,0,,0,0.230013386317922
0,0,2025,2025-02-23,041,Stadt Hannover I,03,Niedersachsen,zweitstimme,175419,143749,142953,796,0.819460833775133,spd,,,,0.128804572132099,,,,,,,,0,0.0449238560925619,,,,0,0,0.00102831000398732,0.214028386952355,,0,,,,,,0.00460990675256903,,0.00174183123124384,,,,,,,0.0432100060859164,,,0.00367953103467573,,,0,,0.18015011926997,,,,,,,,0.119060110665743,,0,0,,,0.000573615104265038,,,,,0,,,,0,0.000874413268696705,0.00228046980476101,,,,,,,,0,0.236714164795422,0,,0,,0.00991234881394584,,,,,,0.00840835799178751,0,,0,0.214028386952355
0,0,2025,2025-02-23,042,Stadt Hannover II,03,Niedersachsen,erststimme,189782,159053,158066,987,0.83808264218946,spd,,,,0.102425569066086,,,,,,,,0,0,,,,0,0,0,0.178204041349816,,0,,,,,,0.0087431832272595,,0,,,,,,,0.0238444700315058,,,0.00545974466362153,,,0,,0.190844330849139,,,,,,,,0.114142193767161,,0,0,,,0.00157529133399972,,,,,0,,,,0,0,0.00310629736945327,,,,,,,,0,0.361981703845229,0,,0,,0,,,,,,0.00967317449672922,0,,0,0.178204041349816
0,0,2025,2025-02-23,042,Stadt Hannover II,03,Niedersachsen,zweitstimme,189782,159053,158271,782,0.83808264218946,spd,,,,0.103689241869957,,,,,,,,0,0.0388258114247083,,,,0,0,0.000941423255049883,0.187577003999469,,0,,,,,,0.00542739983951577,,0.00139002091349647,,,,,,,0.0387689469327925,,,0.00334236846927106,,,0,,0.212610016996165,,,,,,,,0.164925981386356,,0,0,,,0.000518098704121412,,,,,0,,,,0,0.000884558763134118,0.00217980552343765,,,,,,,,0,0.220558409310613,0,,0,,0.00913622836779953,,,,,,0.00922468424411294,0,,0,0.187577003999469
0,0,2025,2025-02-23,043,Hannover-Land I,03,Niedersachsen,erststimme,227327,192232,190970,1262,0.845618866214748,cdu,,,,0.173529873802168,,,,,,,,0,0,,,,0,0,0.00529402523956642,0.348143687490182,,0,,,,,,0,,0,,,,,,,0.0267162381525894,,,0.0132114991883542,,,0,,0.0948840131957899,,,,,,,,0.0546211446824109,,0,0,,,0,,,,,0,,,,0,0,0,,,,,,,,0,0.273933078494004,0,,0,,0,,,,,,0.00966643975493533,0,,0,0.348143687490182
0,0,2025,2025-02-23,043,Hannover-Land I,03,Niedersachsen,zweitstimme,227327,192232,191251,981,0.845618866214748,cdu,,,,0.173834385179685,,,,,,,,0,0.0389540446847337,,,,0,0,0.00177253975142614,0.297509555505592,,0,,,,,,0.00377514365937956,,0.00218560948700922,,,,,,,0.0456520488781758,,,0.00667708927012146,,,0,,0.113730124286932,,,,,,,,0.0690819917281478,,0,0,,,0.00026143654150828,,,,,0,,,,0,0.000611761507129375,0.00157384797987984,,,,,,,,0,0.22702626391496,0,,0,,0.012188171565116,,,,,,0.00516598606020361,0,,0,0.297509555505592
0,0,2025,2025-02-23,044,Celle – Uelzen,03,Niedersachsen,erststimme,212447,174872,173651,1221,0.823132357717454,cdu,,,,0.201369413363586,,,,,,,,0,0,,,,0,0,0,0.352010642034886,,0,,,,,,0,,0,,,,,,,0.0340913671674796,,,0.0198213658429839,,,0,,0.0927089391941308,,,,,,,,0.0591876810384046,,0,0,,,0,,,,,0,,,,0,0,0,,,,,,,,0,0.230727148130446,0,,0,,0,,,,,,0.0100834432280839,0,,0,0.352010642034886
0,0,2025,2025-02-23,044,Celle – Uelzen,03,Niedersachsen,zweitstimme,212447,174872,173964,908,0.823132357717454,cdu,,,,0.203363914373089,,,,,,,,0,0.0363006139201214,,,,0,0,0.00108643167551907,0.296843024993677,,0,,,,,,0.00461589754202019,,0.00285691292451312,,,,,,,0.0431353613391276,,,0.00972040192223679,,,0,,0.102262537076637,,,,,,,,0.0700892138603389,,0,0,,,0.00016095284081764,,,,,0,,,,0,0.000580579890092203,0.00162102503966338,,,,,,,,0,0.208807569382171,0,,0,,0.0130084385275114,,,,,,0.00554712469246511,0,,0,0.296843024993677
0,0,2025,2025-02-23,045,Gifhorn – Peine,03,Niedersachsen,erststimme,216950,183851,182646,1205,0.84743489283245,spd,,,,0.212963875474963,,,,,,,,0,0,,,,0,0,0.00499874073344065,0.279173921137063,,0,,,,,,0,,0,,,,,,,0.0258204395387799,,,0.0145855918005322,,,0,,0.0643923217590311,,,,,,,,0.0496370027265859,,0,0,,,0,,,,,0,,,,0,0,0,,,,,,,,0,0.339361387602247,0,,0,,0,,,,,,0.00906671922735784,0,,0,0.279173921137063
0,0,2025,2025-02-23,045,Gifhorn – Peine,03,Niedersachsen,zweitstimme,216950,183851,182932,919,0.84743489283245,spd,,,,0.213150241619837,,,,,,,,0,0.0381890538560777,,,,0,0,0.00198434390921217,0.274604771171802,,0,,,,,,0.00439507576585835,,0.00296831609559836,,,,,,,0.0372214812061312,,,0.00767498305381235,,,0,,0.0952321081057442,,,,,,,,0.0649202982529027,,0,0,,,0.00022959351015678,,,,,0,,,,0,0.000759845188376009,0.0015306234010452,,,,,,,,0,0.238695252880852,0,,0,,0.0127205737651149,,,,,,0.00572343821747972,0,,0,0.274604771171802
0,0,2025,2025-02-23,046,Hameln-Pyrmont – Holzminden,03,Niedersachsen,erststimme,179071,145350,144137,1213,0.811689218243043,spd,,,,0.208676467527422,,,,,,,,0,0,,,,0,0,0,0.285707347870429,,0,,,,,,0,,0,,,,,,,0.0321083413696691,,,0.0181979644366124,,,0,,0.0715569215399238,,,,,,,,0.0538168547978659,,0,0,,,0,,,,,0,,,,0,0,0,,,,,,,,0,0.329936102458078,0,,0,,0,,,,,,0,0,,0,0.285707347870429
0,0,2025,2025-02-23,046,Hameln-Pyrmont – Holzminden,03,Niedersachsen,zweitstimme,179071,145350,144462,888,0.811689218243043,spd,,,,0.211903476346721,,,,,,,,0,0.0376361949855325,,,,0,0,0.00109371322562335,0.270050255430494,,0,,,,,,0.00389029641012862,,0.00276889424208442,,,,,,,0.0393390649444145,,,0.00733064750591851,,,0,,0.0941147152884496,,,,,,,,0.06657806205092,,0,0,,,0.000186900361340699,,,,,0,,,,0,0.000602234497653362,0.00150904736193601,,,,,,,,0,0.246099320236464,0,,0,,0.0126400022151154,,,,,,0.0042571748972048,0,,0,0.270050255430494
0,0,2025,2025-02-23,047,Hannover-Land II,03,Niedersachsen,erststimme,234055,197778,196496,1282,0.845006515562582,spd,,,,0.17188136145265,,,,,,,,0,0,,,,0,0,0,0.300311456721765,,0,,,,,,0,,0,,,,,,,0.0250692126048367,,,0.0112368699617295,,,0,,0.089324973536357,,,,,,,,0.0554107971663545,,0,0,,,0,,,,,0,,,,0,0,0.00474818825828516,,,,,,,,0,0.317594251282469,0,,0,,0.0170283364546861,,,,,,0.00739455256086638,0,,0,0.300311456721765
0,0,2025,2025-02-23,047,Hannover-Land II,03,Niedersachsen,zweitstimme,234055,197778,196714,1064,0.845006515562582,spd,,,,0.174552904216273,,,,,,,,0,0.0383856766676495,,,,0,0,0.00104212206553677,0.274449200361947,,0,,,,,,0.00391939567087243,,0.00210966174242809,,,,,,,0.0398700651707555,,,0.00703051130067001,,,0,,0.122004534501866,,,,,,,,0.0742499262889271,,0,0,,,0.000249092591274642,,,,,0,,,,0,0.000803196518803949,0.00227233445509725,,,,,,,,0,0.241487641957359,0,,0,,0.0123377085515012,,,,,,0.0052360279390384,0,,0,0.274449200361947
0,0,2025,2025-02-23,048,Hildesheim,03,Niedersachsen,erststimme,211156,176681,175377,1304,0.836732084335752,spd,,,,0.182253089059569,,,,,,,,0,0,,,,0,0,0,0.293202643448115,,0,,,,,,0,,0,,,,,,,0.0249120466195681,,,0.0120882441825325,,,0,,0.0941457545744311,,,,,,,,0.0685437657161429,,0,0,,,0,,,,,0,,,,0,0,0,,,,,,,,0,0.307486158390211,0,,0,,0,,,,,,0.00807403479361604,0,,0.00929426321581507,0.293202643448115
0,0,2025,2025-02-23,048,Hildesheim,03,Niedersachsen,zweitstimme,211156,176681,175762,919,0.836732084335752,spd,,,,0.180596488433222,,,,,,,,0,0.0374369886551132,,,,0,0,0.00132565628520386,0.268977367121448,,0,,,,,,0.00460850468246834,,0.00227011526951218,,,,,,,0.0371752711052446,,,0.00563830634608163,,,0,,0.115514161195253,,,,,,,,0.0839146118045994,,0,0,,,0.000187753894470932,,,,,0,,,,0,0.000568951195366461,0.00147358359599914,,,,,,,,0,0.242430104345649,0,,0,,0.0127729543359771,,,,,,0.00510918173439082,0,,0,0.268977367121448
0,0,2025,2025-02-23,049,Salzgitter – Wolfenbüttel,03,Niedersachsen,erststimme,195221,159593,158282,1311,0.817499141998043,spd,,,,0.21346078518088,,,,,,,,0,0,,,,0,0,0,0.283095993227278,,0,,,,,,0,,0.0088765620853919,,,,,,,0.0248543738390973,,,0.0144931198746541,,,0,,0.0689339280524633,,,,,,,,0.0703617593914659,,0,0,,,0,,,,,0,,,,0,0,0,,,,,,,,0,0.305846527084571,0,,0,,0,,,,,,0.0100769512641993,0,,0,0.283095993227278
0,0,2025,2025-02-23,049,Salzgitter – Wolfenbüttel,03,Niedersachsen,zweitstimme,195221,159593,158601,992,0.817499141998043,spd,,,,0.213353005340446,,,,,,,,0,0.0404032761457998,,,,0,0,0.00112861835675689,0.265345111317079,,0,,,,,,0.0046090503842977,,0.00339216020075535,,,,,,,0.0354222230629063,,,0.00713110257816786,,,0,,0.0871684289506371,,,,,,,,0.0778998871381643,,0,0,,,0.000195459045024937,,,,,0,,,,0,0.000662038700890915,0.001689774969893,,,,,,,,0,0.243699598363188,0,,0,,0.0127678892314676,,,,,,0.00513237621452576,0,,0,0.265345111317079
0,0,2025,2025-02-23,050,Braunschweig,03,Niedersachsen,erststimme,186358,155402,154272,1130,0.833889610319922,spd,,,,0.132700684505289,,,,,,,,0,0,,,,0,0,0,0.247342356357602,,0,,,,,,0,,0,,,,,,,0.0289229412984858,,,0.0108315183571873,,,0,,0.142501555693839,,,,,,,,0.0820628500311139,,0,0,,,0.00162051441609625,,,,,0,,,,0,0,0,,,,,,,,0,0.334169518772039,0,,0,,0,,,,,,0.0158615951047501,0,,0.00398646546359676,0.247342356357602
0,0,2025,2025-02-23,050,Braunschweig,03,Niedersachsen,zweitstimme,186358,155402,154570,832,0.833889610319922,spd,,,,0.133428220223847,,,,,,,,0,0.0385973992365918,,,,0,0,0.00102219059325872,0.22616290353885,,0,,,,,,0.0056349873843566,,0.00242608526881025,,,,,,,0.0397942679692049,,,0.00516917901274503,,,0,,0.179776153199198,,,,,,,,0.116309762567122,,0,0,,,0.000562851782363978,,,,,0,,,,0,0.000938086303939962,0.00185029436501262,,,,,,,,0,0.226395807724656,0,,0,,0.0107459403506502,,,,,,0.0111858704793944,0,,0,0.22616290353885
0,0,2025,2025-02-23,051,Helmstedt – Wolfsburg,03,Niedersachsen,erststimme,176276,144199,142937,1262,0.818029680727949,cdu,,,,0.221006457390319,,,,,,,,0,0,,,,0,0,0,0.309346075543771,,0,,,,,,0,,0,,,,,,,0.0323289281291758,,,0,,,0,,0.0693242477455103,,,,,,,,0.0617474831569153,,0,0,,,0.00153214353176574,,,,,0,,,,0,0,0,,,,,,,,0,0.285853208056696,0,,0,,0,,,,,,0.0132366007401862,0,,0.00562485570566054,0.309346075543771
0,0,2025,2025-02-23,051,Helmstedt – Wolfsburg,03,Niedersachsen,zweitstimme,176276,144199,143357,842,0.818029680727949,cdu,,,,0.217743116834197,,,,,,,,0,0.0449716442168851,,,,0,0,0.00129048459440418,0.277210042062822,,0,,,,,,0.00484106112711622,,0.00308321184176566,,,,,,,0.0378356131894501,,,0.00522471870923638,,,0,,0.0852696415243065,,,,,,,,0.0669656870609737,,0,0,,,0.000397608766924531,,,,,0,,,,0,0.000683608055414106,0.00202292179663358,,,,,,,,0,0.232308153769959,0,,0,,0.0136093807766625,,,,,,0.0065431056732493,0,,0,0.277210042062822
0,0,2025,2025-02-23,052,Goslar – Northeim – Göttingen II,03,Niedersachsen,erststimme,191421,155587,154168,1419,0.812800058509777,spd,,,,0.197797208240361,,,,,,,,0,0,,,,0,0,0.00487130922110944,0.30290981267189,,0,,,,,,0,,0,,,,,,,0.0259457215505163,,,0.0165793160707799,,,0,,0.0773312230813139,,,,,,,,0.0595908359711484,,0,0,,,0,,,,,0,,,,0,0,0,,,,,,,,0,0.304051424420113,0,,0,,0,,,,,,0.0109231487727674,0,,0,0.30290981267189
0,0,2025,2025-02-23,052,Goslar – Northeim – Göttingen II,03,Niedersachsen,zweitstimme,191421,155587,154617,970,0.812800058509777,spd,,,,0.20004268612119,,,,,,,,0,0.0390319305121688,,,,0,0,0.0015910281534372,0.279464741910657,,0,,,,,,0.00465666776615767,,0.00231539869483951,,,,,,,0.0395558056358615,,,0.00756708512000621,,,0,,0.0870796872271484,,,,,,,,0.0693067385863133,,0,0,,,0.000155222258871922,,,,,0,,,,0,0.000646759411966343,0.0015910281534372,,,,,,,,0,0.248698396683418,0,,0,,0.0125794705627454,,,,,,0.00571735320178247,0,,0,0.279464741910657
0,0,2025,2025-02-23,053,Göttingen I,03,Niedersachsen,erststimme,210202,175553,174205,1348,0.835163319093063,cdu,,,,0.14209121437387,,,,,,,,0,0,,,,0,0,0,0.291243075686691,,0,,,,,,0,,0,,,,,,,0.0362848368301714,,,0.0127263855802072,,,0,,0.153675267644442,,,,,,,,0.091472690221291,,0,0,,,0.00167618610258029,,,,,0,,,,0,0,0,,,,,,,,0,0.25615223443644,0,,0,,0,,,,,,0.0146781091243076,0,,0,0.291243075686691
0,0,2025,2025-02-23,053,Göttingen I,03,Niedersachsen,zweitstimme,210202,175553,174635,918,0.835163319093063,cdu,,,,0.144678901709279,,,,,,,,0,0.0378045638045065,,,,0,0,0.00102499498954963,0.2564663440891,,0,,,,,,0.00432330288888253,,0.00171786869756922,,,,,,,0.0395739685630028,,,0.00647636498983594,,,0,,0.156841412088069,,,,,,,,0.111254903083574,,0,0,,,0.000481003235319381,,,,,0,,,,0,0.000727231081970968,0.00148881953789332,,,,,,,,0,0.219577976923297,0,,0,,0.0106794170698886,,,,,,0.00688292724826066,0,,0,0.2564663440891
0,0,2025,2025-02-23,054,Bremen I,04,Bremen,erststimme,239863,194761,193127,1634,0.811967664875366,spd,,,,0.11780848871468,,,,,,,,0,0,,,,0,0,0.00414235192386357,0.239785219052748,,0,,,,,,0.0115312721680552,,0,,,,,,,0.028965395827616,,,0,,,0,,0.189362440259518,,,,,,,,0.133642628943649,,0,0,,,0.00146017905316191,,,,,0,,,,0,0,0,,,,,,,,0,0.251974089588716,0,,0,,0,,,,,,0.0176049956764202,0,,0.00372293879157239,0.239785219052748
0,0,2025,2025-02-23,054,Bremen I,04,Bremen,zweitstimme,239863,194761,193781,980,0.811967664875366,spd,,,,0.117622470727264,,,,,,,,0,0.0413198404384331,,,,0,0,0.0022912463038172,0.212554378396231,,0,,,,,,0.00692018309328572,,0,,,,,,,0.038290647689918,,,0.00303435321316331,,,0.000758588303290828,,0.184806559982661,,,,,,,,0.159107446034441,,0.00157394171771226,0.000830834808366145,,,0.000423158101155428,,,,,0,,,,0,0,0,,,,,,,,0,0.219097847570195,0,,0,,0,,,,,,0.011368503620066,0,,0,0.212554378396231
0,0,2025,2025-02-23,055,Bremen II – Bremerhaven,04,Bremen,erststimme,210701,155605,153953,1652,0.738510970522209,spd,,,,0.194124180756465,,,,,,,,0,0,,,,0,0,0.0075802355264269,0.210220002208466,,0,,,,,,0,,0,,,,,,,0.0264366397536911,,,0.0114190694562626,,,0,,0.10857859216774,,,,,,,,0.120803102245491,,0,0,,,0.00294895195286873,,,,,0,,,,0,0,0,,,,,,,,0,0.30271576390197,0,,0,,0,,,,,,0.0151734620306197,0,,0,0.210220002208466
0,0,2025,2025-02-23,055,Bremen II – Bremerhaven,04,Bremen,zweitstimme,210701,155605,154475,1130,0.738510970522209,spd,,,,0.192283541026056,,,,,,,,0,0.0460074445703188,,,,0,0,0.00316556077035119,0.19669202136268,,0,,,,,,0.00803366240491989,,0,,,,,,,0.0315585046123968,,,0.00666774558990128,,,0.0010098721475967,,0.119553325780871,,,,,,,,0.133542644440848,,0.00251820682958408,0.000640880401359443,,,0.000809192425958893,,,,,0,,,,0,0,0,,,,,,,,0,0.246946107784431,0,,0,,0,,,,,,0.010571289852727,0,,0,0.19669202136268
0,0,2025,2025-02-23,056,Prignitz – Ostprignitz-Ruppin – Havelland I,12,Brandenburg,erststimme,169648,133142,131724,1418,0.784813260398001,afd,,,,0.388790197686071,,,,,,,,0,0,,,,0,0,0,0.196380310345875,,0,,,,,,0,,0,,,,,,,0.0216133734171449,,,0.0348911360116607,,,0,,0.0306170477665422,,,,,,,,0.10530351340682,,0,0,,,0,,,,,0,,,,0,0,0,,,,,,,,0,0.222404421365886,0,,0,,0,,,,,,0,0,,0,0.196380310345875
0,0,2025,2025-02-23,056,Prignitz – Ostprignitz-Ruppin – Havelland I,12,Brandenburg,zweitstimme,169648,133142,132110,1032,0.784813260398001,afd,,,,0.365559003860419,,,,,,,,0,0.106600560139278,,,,0,0,0.00221027931269397,0.17360532889259,,0,,,,,,0.00691847702672016,,0,,,,,,,0.0254030731965786,,,0.0144954961774279,,,0,,0.043819544319128,,,,,,,,0.0977443039891,,0,0,,,0.000560139277874499,,,,,0,,,,0,0,0,,,,,,,,0,0.159155249413368,0,,0,,0,,,,,,0.0039285443948225,0,,0,0.17360532889259
0,0,2025,2025-02-23,057,Uckermark – Barnim I,12,Brandenburg,erststimme,180128,142115,140583,1532,0.788966734766388,afd,,,,0.383488757531138,,,,,,,,0,0,,,,0,0,0,0.18255407837363,,0,,,,,,0.0187789419773372,,0,,,,,,,0.023630168654816,,,0.0368252206881344,,,0,,0.0388311531266227,,,,,,,,0.122333425805396,,0,0,,,0,,,,,0,,,,0,0,0,,,,,,,,0,0.193558253842926,0,,0,,0,,,,,,0,0,,0,0.18255407837363
0,0,2025,2025-02-23,057,Uckermark – Barnim I,12,Brandenburg,zweitstimme,180128,142115,141090,1025,0.788966734766388,afd,,,,0.359812885392303,,,,,,,,0,0.124027216670211,,,,0,0,0.001942022822312,0.160876036572401,,0,,,,,,0.00922815224324899,,0,,,,,,,0.0265433411297753,,,0.0156424976965058,,,0,,0.0484159047416543,,,,,,,,0.10971011411156,,0,0,,,0.000588276986320788,,,,,0,,,,0,0,0,,,,,,,,0,0.138280530158055,0,,0,,0,,,,,,0.00493302147565384,0,,0,0.160876036572401
0,0,2025,2025-02-23,058,Oberhavel – Havelland II,12,Brandenburg,erststimme,251733,211139,209316,1823,0.838741841554345,afd,,,,0.308418849968469,,,,,,,,0,0,,,,0,0,0,0.248428213801143,,0,,,,,,0.020872747424946,,0,,,,,,,0.0288511150604827,,,0.0325106537483996,,,0,,0.0663542204131552,,,,,,,,0.0947466987712358,,0,0,,,0,,,,,0,,,,0,0,0,,,,,,,,0,0.199817500812169,0,,0,,0,,,,,,0,0,,0,0.248428213801143
0,0,2025,2025-02-23,058,Oberhavel – Havelland II,12,Brandenburg,zweitstimme,251733,211139,209843,1296,0.838741841554345,afd,,,,0.293295463751471,,,,,,,,0,0.0875082799998094,,,,0,0,0.00193477981157341,0.217271960465681,,0,,,,,,0.0110368227674976,,0,,,,,,,0.0361174783052091,,,0.0141439075880539,,,0,,0.0839675376352797,,,,,,,,0.0934126942523696,,0,0,,,0.000657634517234313,,,,,0,,,,0,0,0,,,,,,,,0,0.153772105812441,0,,0,,0,,,,,,0.00688133509337934,0,,0,0.217271960465681
0,0,2025,2025-02-23,059,Märkisch-Oderland – Barnim II,12,Brandenburg,erststimme,231598,193015,191125,1890,0.833405297109647,afd,,,,0.36112491824722,,,,,,,,0,0,,,,0,0,0.0114689339437541,0.181028122956181,,0,,,,,,0.0159424460431655,,0,,,,,,,0.0245493786788751,,,0.0347835186396337,,,0,,0.039895356442119,,,,,,,,0.13314323086985,,0,0,,,0,,,,,0,,,,0,0,0,,,,,,,,0,0.187254414650098,0,,0,,0,,,,,,0.010809679529104,0,,0,0.181028122956181
0,0,2025,2025-02-23,059,Märkisch-Oderland – Barnim II,12,Brandenburg,zweitstimme,231598,193015,191829,1186,0.833405297109647,afd,,,,0.338275234714251,,,,,,,,0,0.123208691073821,,,,0,0,0.00350833294236012,0.168895213966606,,0,,,,,,0.00960230205026352,,0,,,,,,,0.0289372305542958,,,0.0173592105468933,,,0,,0.058036063368938,,,,,,,,0.112793164745685,,0,0,,,0.000708964755068316,,,,,0,,,,0,0,0,,,,,,,,0,0.131033368260273,0,,0,,0,,,,,,0.00764222302154523,0,,0,0.168895213966606
0,0,2025,2025-02-23,060,Brandenburg an der Havel – Potsdam-Mittelmark I – Havelland III – Teltow-Fläming I,12,Brandenburg,erststimme,201899,161157,159351,1806,0.798206033709924,afd,,,,0.336433408011246,,,,,,,,0,0,,,,0,0,0,0.194150021022774,,0,,,,,,0,,0,,,,,,,0.0233258655421052,,,0.0301410094696613,,,0,,0.0373766088697278,,,,,,,,0.108872865560932,,0,0,,,0,,,,,0,,,,0,0,0,,,,,,,,0,0.257682725555535,0,,0,,0,,,,,,0.0120174959680203,0,,0,0.194150021022774
0,0,2025,2025-02-23,060,Brandenburg an der Havel – Potsdam-Mittelmark I – Havelland III – Teltow-Fläming I,12,Brandenburg,zweitstimme,201899,161157,159907,1250,0.798206033709924,afd,,,,0.314088814123209,,,,,,,,0,0.10162156753613,,,,0,0,0.00219502585878042,0.183475395073386,,0,,,,,,0.00765444914856761,,0,,,,,,,0.0289355687993646,,,0.0145021793917715,,,0,,0.0600474025527338,,,,,,,,0.107743876127999,,0,0,,,0.000637870762380634,,,,,0,,,,0,0,0,,,,,,,,0,0.172081272239489,0,,0,,0,,,,,,0.00701657838618697,0,,0,0.183475395073386
0,0,2025,2025-02-23,061,Potsdam – Potsdam-Mittelmark II – Teltow-Fläming II,12,Brandenburg,erststimme,234264,200726,199111,1615,0.856836731209234,spd,,,,0.189823766642727,,,,,,,,0,0,,,,0,0,0.00689062884521699,0.205694311213343,,0,,,,,,0,,0,,,,,,,0.0399726785561822,,,0.0196121761228661,,,0,,0.158851093108869,,,,,,,,0.138224407491299,,0,0,,,0,,,,,0,,,,0,0,0,,,,,,,,0,0.217627353586693,0,,0,,0,,,,,,0.0170959916830311,0,,0.00620759274977274,0.205694311213343
0,0,2025,2025-02-23,061,Potsdam – Potsdam-Mittelmark II – Teltow-Fläming II,12,Brandenburg,zweitstimme,234264,200726,199636,1090,0.856836731209234,spd,,,,0.184946602817127,,,,,,,,0,0.0834418641928309,,,,0,0,0.00311066140375483,0.191804083431846,,0,,,,,,0.00803963213047747,,0,,,,,,,0.0430784026929011,,,0.00927688392875033,,,0,,0.145845438698431,,,,,,,,0.147303091626761,,0,0,,,0.000616121340840329,,,,,0,,,,0,0,0,,,,,,,,0,0.170500310565229,0,,0,,0,,,,,,0.0120369071710513,0,,0,0.191804083431846
0,0,2025,2025-02-23,062,Dahme-Spreewald – Teltow-Fläming III,12,Brandenburg,erststimme,241186,200748,198791,1957,0.8323368686408,afd,,,,0.336106765396824,,,,,,,,0,0,,,,0,0,0,0.238466530174907,,0,,,,,,0.0157250579754617,,0,,,,,,,0.0249860406155208,,,0.0277175526055003,,,0,,0.0515516296009377,,,,,,,,0.112791826591747,,0,0,,,0,,,,,0,,,,0,0,0,,,,,,,,0,0.176340981231545,0,,0,,0,,,,,,0.0108204093746699,0,,0.0054932064328868,0.238466530174907
0,0,2025,2025-02-23,062,Dahme-Spreewald – Teltow-Fläming III,12,Brandenburg,zweitstimme,241186,200748,199350,1398,0.8323368686408,afd,,,,0.321008276899925,,,,,,,,0,0.102322548281916,,,,0,0,0.00234261349385503,0.196042136945071,,0,,,,,,0.00954100827689992,,0,,,,,,,0.0349636318033609,,,0.0143064961123652,,,0,,0.0623576624028091,,,,,,,,0.102332580887886,,0,0,,,0.000677200902934537,,,,,0,,,,0,0,0,,,,,,,,0,0.147017807875596,0,,0,,0,,,,,,0.00708803611738149,0,,0,0.196042136945071
0,0,2025,2025-02-23,063,Frankfurt (Oder) – Oder-Spree,12,Brandenburg,erststimme,187968,149773,148204,1569,0.796800519237317,afd,,,,0.382040970554101,,,,,,,,0,0,,,,0,0,0,0.187970635070578,,0,,,,,,0,,0,,,,,,,0.0238050255053845,,,0.0386359342527867,,,0,,0.0301138970608081,,,,,,,,0.113276294836847,,0,0,,,0,,,,,0,,,,0,0,0,,,,,,,,0,0.208030822379963,0,,0,,0,,,,,,0,0,,0.016126420339532,0.187970635070578
0,0,2025,2025-02-23,063,Frankfurt (Oder) – Oder-Spree,12,Brandenburg,zweitstimme,187968,149773,148681,1092,0.796800519237317,afd,,,,0.354214728176431,,,,,,,,0,0.125994578997989,,,,0,0,0.00271050100550844,0.166403239149589,,0,,,,,,0.00888479361855247,,0,,,,,,,0.0314566084435806,,,0.0144873924711295,,,0,,0.0475380176350711,,,,,,,,0.106079458706896,,0,0,,,0.00101559715094733,,,,,0,,,,0,0,0,,,,,,,,0,0.135652840645409,0,,0,,0,,,,,,0.00556224399889697,0,,0,0.166403239149589
0,0,2025,2025-02-23,064,Cottbus – Spree-Neiße,12,Brandenburg,erststimme,165945,132378,130910,1468,0.797722136852572,afd,,,,0.419983194561149,,,,,,,,0,0,,,,0,0,0,0.17349323963028,,0,,,,,,0.0172408524940799,,0,,,,,,,0.0271789779237644,,,0.022015124894966,,,0,,0,,,,,,,,0.0979145978152929,,0,0,,,0,,,,,0,,,,0,0,0,,,,,,,,0,0.233381712626996,0,,0,,0,,,,,,0.00879230005347185,0,,0,0.17349323963028
0,0,2025,2025-02-23,064,Cottbus – Spree-Neiße,12,Brandenburg,zweitstimme,165945,132378,131406,972,0.797722136852572,afd,,,,0.390492062767301,,,,,,,,0,0.115169779157725,,,,0,0,0.00248086084349269,0.159292574159475,,0,,,,,,0.00939835319544009,,0,,,,,,,0.0323349009938663,,,0.0122901541786524,,,0,,0.0401427636485396,,,,,,,,0.0924158714213963,,0,0,,,0.000700120238040881,,,,,0,,,,0,0,0,,,,,,,,0,0.139635937476219,0,,0,,0,,,,,,0.00564662191985145,0,,0,0.159292574159475
0,0,2025,2025-02-23,065,Elbe-Elster – Oberspreewald-Lausitz,12,Brandenburg,erststimme,169170,134488,133078,1410,0.79498729089082,afd,,,,0.429778024917717,,,,,,,,0,0,,,,0,0,0,0.182832624475871,,0,,,,,,0,,0,,,,,,,0.0287199987976976,,,0.0526383023489983,,,0,,0.0203189107140173,,,,,,,,0.119741805557643,,0,0,,,0,,,,,0,,,,0,0,0,,,,,,,,0,0.165970333188055,0,,0,,0,,,,,,0,0,,0,0.182832624475871
0,0,2025,2025-02-23,065,Elbe-Elster – Oberspreewald-Lausitz,12,Brandenburg,zweitstimme,169170,134488,133486,1002,0.79498729089082,afd,,,,0.409481144090017,,,,,,,,0,0.117255742175209,,,,0,0,0.00250213505536161,0.165103456542259,,0,,,,,,0.00782853632590684,,0,,,,,,,0.0308122200080907,,,0.0206538513402155,,,0,,0.0279654795259428,,,,,,,,0.0872076472439057,,0,0,,,0.000636770897322566,,,,,0,,,,0,0,0,,,,,,,,0,0.125024347122545,0,,0,,0,,,,,,0.00552866967322416,0,,0,0.165103456542259
0,0,2025,2025-02-23,066,Altmark – Jerichower Land,15,Sachsen-Anhalt,erststimme,227996,178476,176206,2270,0.782803207073808,afd,,,,0.391893579106273,,,,,,,,0,0,,,,0,0,0,0.220310318604361,,0,,,,,,0,,0,,,,,,,0.0343177871355119,,,0.0397829812832707,,,0,,0.0275359522377218,,,,,,,,0.125688115047161,,0,0,,,0,,,,,0,,,,0,0,0,,,,,,,,0,0.160471266585701,0,,0,,0,,,,,,0,0,,0,0.220310318604361
0,0,2025,2025-02-23,066,Altmark – Jerichower Land,15,Sachsen-Anhalt,zweitstimme,227996,178476,177166,1310,0.782803207073808,afd,,,,0.373519749839134,,,,,,,,0,0.116190465439193,,,,0,0,0.00259079055800774,0.192836097219557,,0,,,,,,0.00730388449250985,,0,,,,,,,0.0303049117776549,,,0.0160527414966754,,,0,,0.0333980560604179,,,,,,,,0.105257216395922,,0,0,,,0.000801508190059041,,,,,0,,,,0,0,0,,,,,,,,0,0.116613797229717,0,,0,,0,,,,,,0.00513078130115259,0,,0,0.192836097219557
0,0,2025,2025-02-23,067,Börde – Salzlandkreis,15,Sachsen-Anhalt,erststimme,217023,170433,168205,2228,0.78532229302885,afd,,,,0.431919384084896,,,,,,,,0,0,,,,0,0,0.0140602241312684,0.223590261882822,,0,,,,,,0,,0,,,,,,,0.0273951428316637,,,0.0281680092743973,,,0,,0.0222644986772094,,,,,,,,0.105543830444993,,0,0,,,0,,,,,0,,,,0,0,0,,,,,,,,0,0.136113670818347,0,,0,,0,,,,,,0,0,,0.0109449778544039,0.223590261882822
0,0,2025,2025-02-23,067,Börde – Salzlandkreis,15,Sachsen-Anhalt,zweitstimme,217023,170433,168962,1471,0.78532229302885,afd,,,,0.415241296859649,,,,,,,,0,0.112806429848132,,,,0,0,0.00471111847634379,0.191480924704963,,0,,,,,,0.00679442714929984,,0,,,,,,,0.0292491802890591,,,0.0130147607154271,,,0,,0.0264083048259372,,,,,,,,0.0908014819900333,,0,0,,,0.00069838188468413,,,,,0,,,,0,0,0,,,,,,,,0,0.104005634403002,0,,0,,0,,,,,,0.00478805885347001,0,,0,0.191480924704963
0,0,2025,2025-02-23,068,Harz,15,Sachsen-Anhalt,erststimme,200219,154033,152021,2012,0.769322591762021,afd,,,,0.39009084271252,,,,,,,,0,0,,,,0,0,0.0172213049512896,0.234888600916979,,0,,,,,,0.0153399859229975,,0,,,,,,,0.0223982212983733,,,0.0288052308562633,,,0,,0.0326139151827708,,,,,,,,0.118904625018912,,0,0,,,0,,,,,0,,,,0,0,0,,,,,,,,0,0.139737273139895,0,,0,,0,,,,,,0,0,,0,0.234888600916979
0,0,2025,2025-02-23,068,Harz,15,Sachsen-Anhalt,zweitstimme,200219,154033,152822,1211,0.769322591762021,afd,,,,0.369645731635498,,,,,,,,0,0.117522346259047,,,,0,0,0.00537226315582835,0.195678632657602,,0,,,,,,0.00999856041669393,,0,,,,,,,0.0273389956943372,,,0.0142584182905603,,,0,,0.0383321773043148,,,,,,,,0.10134012118674,,0,0,,,0.000641268927248695,,,,,0,,,,0,0,0,,,,,,,,0,0.115153577364516,0,,0,,0,,,,,,0.0047179071076154,0,,0,0.195678632657602
0,0,2025,2025-02-23,069,Magdeburg,15,Sachsen-Anhalt,erststimme,222983,174468,172048,2420,0.782427359933269,afd,,,,0.322334464800521,,,,,,,,0,0,,,,0,0,0.011095740723519,0.230900678880312,,0,,,,,,0,,0,,,,,,,0.0270099042127778,,,0.0231563284664745,,,0,,0.0598960755138101,,,,,,,,0.148563191667442,,0,0,,,0.00489979540593323,,,,,0,,,,0,0,0,,,,,,,,0,0.17214382032921,0,,0,,0,,,,,,0,0,,0,0.230900678880312
0,0,2025,2025-02-23,069,Magdeburg,15,Sachsen-Anhalt,zweitstimme,222983,174468,173227,1241,0.782427359933269,afd,,,,0.30381522510925,,,,,,,,0,0.112338145901043,,,,0,0,0.00368880139931997,0.185912126862441,,0,,,,,,0.0102120339208091,,0,,,,,,,0.0301973710795661,,,0.010350580452239,,,0,,0.0708376869656578,,,,,,,,0.134066860246959,,0,0,,,0.00138546531429858,,,,,0,,,,0,0,0,,,,,,,,0,0.126221662904743,0,,0,,0,,,,,,0.0109740398436733,0,,0,0.185912126862441
0,0,2025,2025-02-23,070,Anhalt – Dessau – Wittenberg,15,Sachsen-Anhalt,erststimme,227853,176302,174318,1984,0.773753253193945,afd,,,,0.385760506660242,,,,,,,,0,0,,,,0,0,0,0.295287922073452,,0,,,,,,0,,0,,,,,,,0.0213116258791404,,,0.0427838777406808,,,0,,0.0483369474179373,,,,,,,,0.101796716345988,,0,0,,,0,,,,,0,,,,0,0,0,,,,,,,,0,0.104722403882559,0,,0,,0,,,,,,0,0,,0,0.295287922073452
0,0,2025,2025-02-23,070,Anhalt – Dessau – Wittenberg,15,Sachsen-Anhalt,zweitstimme,227853,176302,175022,1280,0.773753253193945,afd,,,,0.374530059078287,,,,,,,,0,0.108277816503068,,,,0,0,0.002319708379518,0.214715864291346,,0,,,,,,0.00740478339865845,,0,,,,,,,0.02921347030659,,,0.0186833655197632,,,0,,0.0390179520288878,,,,,,,,0.095153752099736,,0,0,,,0.000731336631966267,,,,,0,,,,0,0,0,,,,,,,,0,0.105032510198718,0,,0,,0,,,,,,0.00491938156346059,0,,0,0.214715864291346
0,0,2025,2025-02-23,071,Halle,15,Sachsen-Anhalt,erststimme,224552,173599,171490,2109,0.773090420036339,afd,,,,0.30640853694093,,,,,,,,0,0,,,,0,0,0.00926584640503819,0.22260190098548,,0,,,,,,0.0163624701148755,,0,,,,,,,0.0294186249927109,,,0.0167123447431337,,,0,,0.0546154294711062,,,,,,,,0.162131902734853,,0,0,,,0.00289229692693452,,,,,0,,,,0,0,0,,,,,,,,0,0.179590646684938,0,,0,,0,,,,,,0,0,,0,0.22260190098548
0,0,2025,2025-02-23,071,Halle,15,Sachsen-Anhalt,zweitstimme,224552,173599,172278,1321,0.773090420036339,afd,,,,0.286438198725316,,,,,,,,0,0.101847014708785,,,,0,0,0.00323314642612522,0.180707925562173,,0,,,,,,0.0101754141561894,,0,,,,,,,0.0351698998130928,,,0.00938018783593959,,,0,,0.0881250072557146,,,,,,,,0.153472875236536,,0,0,,,0.00111447776268589,,,,,0,,,,0,0,0,,,,,,,,0,0.120700263527554,0,,0,,0,,,,,,0.00963558898988844,0,,0,0.180707925562173
0,0,2025,2025-02-23,072,Burgenland – Saalekreis,15,Sachsen-Anhalt,erststimme,203597,157343,155590,1753,0.772815905931816,afd,,,,0.443948839899737,,,,,,,,0,0,,,,0,0,0,0.242438460055273,,0,,,,,,0,,0,,,,,,,0.0296420078411209,,,0.040587441352272,,,0,,0.0241146603252137,,,,,,,,0.109480043704608,,0,0,,,0,,,,,0,,,,0,0,0,,,,,,,,0,0.100604151937785,0,,0,,0,,,,,,0,0,,0.00918439488398997,0.242438460055273
0,0,2025,2025-02-23,072,Burgenland – Saalekreis,15,Sachsen-Anhalt,zweitstimme,203597,157343,156217,1126,0.772815905931816,afd,,,,0.423366214944596,,,,,,,,0,0.115883674632082,,,,0,0,0.00267576512159368,0.188142135619043,,0,,,,,,0.00807850618050532,,0,,,,,,,0.0328261328792641,,,0.0152416190299391,,,0,,0.029343797410013,,,,,,,,0.086571883981897,,0,0,,,0.000697747364243328,,,,,0,,,,0,0,0,,,,,,,,0,0.0907071573516327,0,,0,,0,,,,,,0.00646536548519047,0,,0,0.188142135619043
0,0,2025,2025-02-23,073,Mansfeld,15,Sachsen-Anhalt,erststimme,210496,163183,160666,2517,0.775230883247188,afd,,,,0.437584803256445,,,,,,,,0,0,,,,0,0,0,0.212160631371914,,0,,,,,,0,,0,,,,,,,0.0343818854020141,,,0.0349358296092515,,,0,,0.0198859746306001,,,,,,,,0.122608392565944,,0,0,,,0,,,,,0,,,,0,0,0,,,,,,,,0,0.107141523408811,0,,0,,0,,,,,,0,0,,0.0313009597550197,0.212160631371914
0,0,2025,2025-02-23,073,Mansfeld,15,Sachsen-Anhalt,zweitstimme,210496,163183,161655,1528,0.775230883247188,afd,,,,0.430676440567876,,,,,,,,0,0.115963007639727,,,,0,0,0.00260431165135628,0.184398874145557,,0,,,,,,0.00611178126256534,,0,,,,,,,0.0323590362191086,,,0.0134050910890477,,,0,,0.0245832173455816,,,,,,,,0.0896229624818286,,0,0,,,0.000649531409483159,,,,,0,,,,0,0,0,,,,,,,,0,0.0958337199591723,0,,0,,0,,,,,,0.00379202622869692,0,,0,0.184398874145557
0,0,2025,2025-02-23,074,Berlin-Mitte,11,Berlin,erststimme,207445,161865,160822,1043,0.780279110125576,gruene,,,,0.0852246583178918,,,,,,,,0,0.0498190546069568,,,,0,0,0.00124982900349455,0.14259864943851,,0,,,,,,0.00923381129447464,,0,,,,,,,0.0285159990548557,,,0.00292870378430812,,,0,,0.252900722537961,,,,,,,,0.239525686784146,,0,0.00409148002139011,,,0.000814565171431769,,,,,0,,,,0,0,0,,,,,,,,0.000453917996294039,0.166743356008506,0,,0.00465732300307172,,0.0112422429767072,,,,,,0,0,,0,0.14259864943851
0,0,2025,2025-02-23,074,Berlin-Mitte,11,Berlin,zweitstimme,207445,161865,160986,879,0.780279110125576,gruene,,,,0.0887716944330563,,,,,,,,0,0.0608375883617209,,,,0.000142869566297691,0,0.00104356900600052,0.13465767209571,,0,,,,,,0.00604400382641969,,0,,,,,,,0.0398916675984247,,,0.00184488092132235,,,0,,0.216913271961537,,,,,,,,0.270917968022064,,0,0.00241635918651311,,,0.000527996223274074,,,,,0,,,,0.00135415501969115,0,0,,,,,,,,0.000341644615059695,0.150255301703254,0,,0.00326736486402544,,0.00967786018660008,,,,,,0.0110941324090294,0,,0,0.13465767209571
0,0,2025,2025-02-23,075,Berlin-Pankow,11,Berlin,erststimme,235392,199072,196813,2259,0.845704187058184,gruene,,,,0.168581343712052,,,,,,,,0,0,,,,0.00412574372627824,0,0.00594472926077038,0.162174246619888,,0,,,,,,0,,0,,,,,,,0.0274727787290474,,,0.0119758349296032,,,0,,0.258387403271125,,,,,,,,0.228694242758354,,0,0,,,0,,,,,0,,,,0,0,0,,,,,,,,0,0.132643676992882,0,,0,,0,,,,,,0,0,,0,0.162174246619888
0,0,2025,2025-02-23,075,Berlin-Pankow,11,Berlin,zweitstimme,235392,199072,198140,932,0.845704187058184,gruene,,,,0.15689411527203,,,,,,,,0,0.0763399616432825,,,,0.000620773190673261,0,0.00148379933380438,0.144483698395074,,0,,,,,,0.00793883112950439,,0,,,,,,,0.0330826688200262,,,0.0038457656202685,,,0,,0.195917028363783,,,,,,,,0.217926718481881,,0,0.00101443423841728,,,0.000418895730291713,,,,,0,,,,0.00187241344503886,0,0,,,,,,,,0.00027253457151509,0.131452508327445,0,,0.00113051377813667,,0.0140254365600081,,,,,,0.011279903098819,0,,0,0.144483698395074
0,0,2025,2025-02-23,076,Berlin-Reinickendorf,11,Berlin,erststimme,172428,134126,132350,1776,0.777866703783608,cdu,,,,0.180324896108802,,,,,,,,0,0,,,,0,0,0.0090970910464677,0.308779750661126,,0,,,,,,0,,0,,,,,,,0.0357914620324896,,,0,,,0,,0.129474877219494,,,,,,,,0.117748394408765,,0,0,,,0,,,,,0,,,,0,0,0,,,,,,,,0,0.218783528522856,0,,0,,0,,,,,,0,0,,0,0.308779750661126
0,0,2025,2025-02-23,076,Berlin-Reinickendorf,11,Berlin,zweitstimme,172428,134126,133070,1056,0.777866703783608,cdu,,,,0.173773202074096,,,,,,,,0,0.053227624558503,,,,0.000300593672503194,0,0.00202900728939656,0.264289471706621,,0,,,,,,0.00558352746674682,,0,,,,,,,0.044983843090103,,,0.00341925302472383,,,0,,0.128308409107988,,,,,,,,0.118200946870068,,0,0.000841662283008943,,,0.000300593672503194,,,,,0,,,,0.00185616592770722,0,0,,,,,,,,0.000217930412564816,0.172818817163899,0,,0.00316374840309611,,0.0190726685203276,,,,,,0.00761253475614338,0,,0,0.264289471706621
0,0,2025,2025-02-23,077,Berlin-Spandau – Charlottenburg Nord,11,Berlin,erststimme,176536,133309,131520,1789,0.755137762269452,spd,,,,0.197163929440389,,,,,,,,0,0,,,,0,0,0,0.260834854014599,,0,,,,,,0.0237834549878346,,0,,,,,,,0.0325653892944039,,,0,,,0,,0.0928908150851581,,,,,,,,0.114385644768856,,0,0,,,0.00313260340632603,,,,,0,,,,0,0,0,,,,,,,,0,0.275243309002433,0,,0,,0,,,,,,0,0,,0,0.260834854014599
0,0,2025,2025-02-23,077,Berlin-Spandau – Charlottenburg Nord,11,Berlin,zweitstimme,176536,133309,132170,1139,0.755137762269452,spd,,,,0.191457970795188,,,,,,,,0,0.0598698645683589,,,,0.000370734659907695,0,0.00121056215480064,0.237875463418325,,0,,,,,,0.00804267231595672,,0,,,,,,,0.0394037981387607,,,0.00309449950820912,,,0,,0.110652946962246,,,,,,,,0.12915941590376,,0,0.00110463796625558,,,0.000726337292880381,,,,,0,,,,0.00192933343421351,0,0,,,,,,,,0.000257244457895135,0.183823863206477,0,,0.00327608383142922,,0.0209200272376485,,,,,,0.00682454414768858,0,,0,0.237875463418325
0,0,2025,2025-02-23,078,Berlin-Steglitz-Zehlendorf,11,Berlin,erststimme,214757,181883,180189,1694,0.846924663689659,cdu,,,,0.102886413710049,,,,,,,,0,0,,,,0,0,0.00523894355371305,0.307443850623512,,0,,,,,,0,,0,,,,,,,0.0409680946117688,,,0.0105722324892197,,,0,,0.221117826282403,,,,,,,,0.0878133515364423,,0,0,,,0,,,,,0,,,,0,0,0,,,,,,,,0,0.223959287192892,0,,0,,0,,,,,,0,0,,0,0.307443850623512
0,0,2025,2025-02-23,078,Berlin-Steglitz-Zehlendorf,11,Berlin,zweitstimme,214757,181883,181064,819,0.846924663689659,cdu,,,,0.103156894799629,,,,,,,,0,0.0390469668183626,,,,0.000209870543012415,0,0.00141938761984713,0.267861087792162,,0,,,,,,0.00450669376574029,,0,,,,,,,0.059371272036407,,,0.00362302832147749,,,0,,0.197985242787081,,,,,,,,0.114445720850086,,0,0.000690363628330314,,,0.000143595634692705,,,,,0,,,,0.00167344143507268,0,0,,,,,,,,0.000143595634692705,0.18219524587991,0,,0.0018446516148986,,0.0121890602218,,,,,,0.00949388061679848,0,,0,0.267861087792162
0,0,2025,2025-02-23,079,Berlin-Charlottenburg-Wilmersdorf,11,Berlin,erststimme,195504,162287,160987,1300,0.830095547917178,cdu,,,,0.0861560250206538,,,,,,,,0,0,,,,0,0,0.00357171697093554,0.262586420021492,,0,,,,,,0.0153863355426215,,0,,,,,,,0.0438731077664656,,,0,,,0,,0.2402740593961,,,,,,,,0.110946846639791,,0,0,,,0,,,,,0,,,,0,0,0,,,,,,,,0,0.23720548864194,0,,0,,0,,,,,,0,0,,0,0.262586420021492
0,0,2025,2025-02-23,079,Berlin-Charlottenburg-Wilmersdorf,11,Berlin,zweitstimme,195504,162287,161558,729,0.830095547917178,cdu,,,,0.0886926057514948,,,,,,,,0,0.0432971440597185,,,,0.000142363733148467,0,0.00115128932024412,0.231074908082546,,0,,,,,,0.00481560801693509,,0,,,,,,,0.0639708340038871,,,0.00160932915733049,,,0,,0.217395610245237,,,,,,,,0.14526671535919,,0,0.000934648856757325,,,0.000154743188204855,,,,,0,,,,0.00105844340732121,0,0,,,,,,,,8.66561853947189e-05,0.17906262766313,0,,0.00173312370789438,,0.00904938164621993,,,,,,0.0105039676153456,0,,0,0.231074908082546
0,0,2025,2025-02-23,080,Berlin-Tempelhof-Schöneberg,11,Berlin,erststimme,229238,186838,185018,1820,0.815039391374903,gruene,,,,0.111481045087505,,,,,,,,0,0,,,,0.00125933692937984,0,0.00287539590742522,0.246316574603552,,0,,,,,,0,,0,,,,,,,0.0269487293128236,,,0,,,0,,0.246673296652218,,,,,,,,0.121063896485747,,0,0,,,0,,,,,0,,,,0,0,0,,,,,,,,0,0.205028699910279,0,,0.00978283194067604,,0.0241435968392265,,,,,,0,0,,0.00442659633116778,0.246316574603552
0,0,2025,2025-02-23,080,Berlin-Tempelhof-Schöneberg,11,Berlin,zweitstimme,229238,186838,185683,1155,0.815039391374903,gruene,,,,0.113020578082,,,,,,,,0,0.0512755610368208,,,,0.00050085360533813,0,0.00135176618214915,0.209302951804958,,0,,,,,,0.0054447633870629,,0,,,,,,,0.0384795592488273,,,0.00246656936822434,,,0,,0.198774255047581,,,,,,,,0.172982987133986,,0,0.00132483856895892,,,0.000328516880920709,,,,,0,,,,0.00155641604239483,0,0,,,,,,,,0.000226191950797865,0.176914418659759,0,,0.00327978328656905,,0.0140831416984861,,,,,,0.00868684801516563,0,,0,0.209302951804958
0,0,2025,2025-02-23,081,Berlin-Neukölln,11,Berlin,erststimme,192506,146236,144837,1399,0.75964385525646,linke_pds,,,,0.130443187859456,,,,,,,,0,0,,,,0,0,0.00349358244095086,0.196683167975034,,0,,,,,,0.00921725802108577,,0,,,,,,,0.019269937930225,,,0.00573748420638373,,,0,,0.111407996575461,,,,,,,,0.29973694566996,,0,0,,,0.00180893003859511,,,,,0,,,,0,0,0,,,,,,,,0,0.188253001650131,0,,0.0147407085206128,,0.018324047032181,,,,,,0,0,,0.000883752079924329,0.196683167975034
0,0,2025,2025-02-23,081,Berlin-Neukölln,11,Berlin,zweitstimme,192506,146236,145169,1067,0.75964385525646,linke_pds,,,,0.130013983701755,,,,,,,,0,0.0563894495381245,,,,0.000247986829143963,0,0.0016601340506582,0.180362198541011,,0,,,,,,0.00593101833035979,,0,,,,,,,0.0277814133871557,,,0.00292762228850512,,,0,,0.153338522687351,,,,,,,,0.252712355943762,,0,0.00223876998532745,,,0.000757737533495443,,,,,0,,,,0.00121926857662449,0,0,,,,,,,,0.000220432737016856,0.157423416845194,0,,0.00484952021437084,,0.0152029703311313,,,,,,0.00672319847901412,0,,0,0.180362198541011
0,0,2025,2025-02-23,082,Berlin-Friedrichshain-Kreuzberg – Prenzlauer Berg Ost,11,Berlin,erststimme,218729,180869,179057,1812,0.82690909755908,linke_pds,,,,0.0773720100303255,,,,,,,,0,0,,,,0,0,0.0052162160652753,0.100191559112461,,0,,,,,,0,,0,,,,,,,0.0238862485130433,,,0,,,0,,0.305885835236824,,,,,,,,0.346532109886796,,0,0,,,0,,,,,0,,,,0,0,0,,,,,,,,0,0.131349235159754,0,,0,,0,,,,,,0,0,,0.00956678599552098,0.100191559112461
0,0,2025,2025-02-23,082,Berlin-Friedrichshain-Kreuzberg – Prenzlauer Berg Ost,11,Berlin,zweitstimme,218729,180869,180134,735,0.82690909755908,linke_pds,,,,0.0720907768661108,,,,,,,,0,0.0590837931761911,,,,0.000183196953379151,0,0.00136009859326946,0.0928308925577626,,0,,,,,,0.00826606859338048,,0,,,,,,,0.0278126283766529,,,0.00158770692928598,,,0,,0.258807332319273,,,,,,,,0.316747532392552,,0,0.00216505490357179,,,0.000544039437307782,,,,,0,,,,0.00133789290195077,0,0,,,,,,,,0.000144336993571452,0.134000244262605,0,,0.00179866099681348,,0.00983156983134777,,,,,,0.0114081739149744,0,,0,0.0928308925577626
0,0,2025,2025-02-23,083,Berlin-Treptow-Köpenick,11,Berlin,erststimme,206841,169802,168680,1122,0.820930086394864,linke_pds,,,,0.205394830448186,,,,,,,,0,0.0562840882143704,,,,0.000592838510789661,0,0.00217571733459806,0.140781361157221,,0,,,,,,0,,0,,,,,,,0.0175539483044819,,,0.00528811951624378,,,0,,0.0479072800569125,,,,,,,,0.41837799383448,,0,0,,,0.000669907517192317,,,,,0,,,,0,0,0,,,,,,,,0,0.0857955892814797,0,,0,,0.0191783258240455,,,,,,0,0,,0,0.140781361157221
0,0,2025,2025-02-23,083,Berlin-Treptow-Köpenick,11,Berlin,zweitstimme,206841,169802,168783,1019,0.820930086394864,linke_pds,,,,0.215720777566461,,,,,,,,0,0.0916620749720055,,,,0.000426583245943016,0,0.00177150542412447,0.15320263296659,,0,,,,,,0.00766664889236475,,0,,,,,,,0.0293216733912776,,,0.00450874791892548,,,0,,0.119834343506159,,,,,,,,0.216899806260109,,0,0.000758370215009806,,,0.000509529988209713,,,,,0,,,,0.00217438960084843,0,0,,,,,,,,0.000159968717228631,0.126807794623866,0,,0.00154043949923867,,0.0178750229584733,,,,,,0.00915969025316531,0,,0,0.15320263296659
0,0,2025,2025-02-23,084,Berlin-Marzahn-Hellersdorf,11,Berlin,erststimme,195867,149493,148205,1288,0.763237298779274,afd,,,,0.295057521676057,,,,,,,,0,0.0860564758274012,,,,0,0,0.00347491650079282,0.291906480887959,,0,,,,,,0,,0,,,,,,,0.0126244053844337,,,0.0123747511892311,,,0,,0.0411119732802537,,,,,,,,0.167976788907257,,0,0,,,0.00219965588205526,,,,,0,,,,0,0,0,,,,,,,,0,0.0872170304645592,0,,0,,0,,,,,,0,0,,0,0.291906480887959
0,0,2025,2025-02-23,084,Berlin-Marzahn-Hellersdorf,11,Berlin,zweitstimme,195867,149493,148443,1050,0.763237298779274,afd,,,,0.311803183713614,,,,,,,,0,0.109375315777773,,,,0.000424405327297346,0,0.00202097774903498,0.165012833208706,,0,,,,,,0.00698584641916426,,0,,,,,,,0.0256394710427572,,,0.00699258301166104,,,0,,0.0600432489238294,,,,,,,,0.166804766812851,,0,0.000586083547220145,,,0.000774708137130077,,,,,0,,,,0.00266095403622939,0,0,,,,,,,,0.000316619847348814,0.108870071340515,0,,0.00132037212936952,,0.0226686337516757,,,,,,0.00769992522382329,0,,0,0.165012833208706
0,0,2025,2025-02-23,085,Berlin-Lichtenberg,11,Berlin,erststimme,196799,155397,154160,1237,0.789622914750583,linke_pds,,,,0.218649455111572,,,,,,,,0,0.0747729631551635,,,,0.000973015049299429,0,0.00334717176959004,0.17637519460301,,0,,,,,,0,,0,,,,,,,0.0144719771665802,,,0.00552023871302543,,,0,,0.0525947067981318,,,,,,,,0.33976388168137,,0,0,,,0,,,,,0,,,,0,0,0,,,,,,,,0,0.090334717176959,0,,0,,0.0231966787752984,,,,,,0,0,,0,0.17637519460301
0,0,2025,2025-02-23,085,Berlin-Lichtenberg,11,Berlin,zweitstimme,196799,155397,154333,1064,0.789622914750583,linke_pds,,,,0.224417331354927,,,,,,,,0,0.1011643653658,,,,0.000537798137792954,0,0.00187257423882125,0.137559692353547,,0,,,,,,0.00805401307562219,,0,,,,,,,0.0251210045810034,,,0.00385529990345552,,,0,,0.108201097626561,,,,,,,,0.234583660007905,,0,0.000900649893412297,,,0.000647949563605969,,,,,0,,,,0.00252052380242722,0,0,,,,,,,,0.000252700329806328,0.11877563450461,0,,0.00143196853556919,,0.020086436471785,,,,,,0.0100173002533483,0,,0,0.137559692353547
0,0,2025,2025-02-23,086,Aachen I,05,Nordrhein-Westfalen,erststimme,172442,143853,140952,2901,0.834210923092982,cdu,,,,0,,,,,,,,0,0,,,,0,0,0.0189993756739883,0.323145467960724,,0,,,,,,0,,0,,,,,,,0.0419717350587434,,,0.0236818207616777,,,0,,0.279364606390828,,,,,,,,0.0933793064305579,,0,0,,,0,,,,,0,,,,0,0,0,,,,,,,,0,0.196676882910494,0,,0,,0,,,,,,0.022780804812986,0,,0,0.323145467960724
0,0,2025,2025-02-23,086,Aachen I,05,Nordrhein-Westfalen,zweitstimme,172442,143853,142982,871,0.834210923092982,cdu,,,,0.0971381012994643,,,,,,,,0,0.0353750821781763,,,,0,0,0.00127988138367067,0.239044075478032,,0,,,,,,0.00519645829544978,,0.00130785693304052,,,,,,,0.0480410121553762,,,0.00281853659901246,,,0,,0.243170469010085,,,,,,,,0.128680533213971,,0,0.00065043152284903,,,0.000251779944328657,,,,,0,,,,0.00168552684953351,0,0,,,,,,,,0,0.176287924354115,0,,0.00137080191912269,,0.00678407072218881,,,,,,0.0106446965352282,0.000272761606356045,,0,0.239044075478032
0,0,2025,2025-02-23,087,Aachen II,05,Nordrhein-Westfalen,erststimme,224835,182361,175998,6363,0.811088131296284,cdu,,,,0,,,,,,,,0,0,,,,0,0,0,0.400805690973761,,0,,,,,,0,,0,,,,,,,0.0465403015943363,,,0.0734042432300367,,,0,,0.0753929021920704,,,,,,,,0.0757394970397391,,0,0,,,0,,,,,0,,,,0,0,0,,,,,,,,0,0.305384152092637,0,,0,,0,,,,,,0.0227332128774191,0,,0,0.400805690973761
0,0,2025,2025-02-23,087,Aachen II,05,Nordrhein-Westfalen,zweitstimme,224835,182361,180985,1376,0.811088131296284,cdu,,,,0.191148437715833,,,,,,,,0,0.0407547586816587,,,,0,0,0.00097798160068514,0.315434980799514,,0,,,,,,0.00487333204409205,,0.00208857087603945,,,,,,,0.0419869049921264,,,0.00709451059480067,,,0,,0.0939414868635522,,,,,,,,0.0679945851866177,,0,0.000442025582230572,,,0.000149183634002818,,,,,0,,,,0.00151946293891759,0,0,,,,,,,,0,0.209409619581733,0,,0.00192833660248087,,0.0139845843578197,,,,,,0.00566897809210708,0.000602259855789154,,0,0.315434980799514
0,0,2025,2025-02-23,088,Heinsberg,05,Nordrhein-Westfalen,erststimme,192359,157150,155555,1595,0.816962034529188,cdu,,,,0.197897849635177,,,,,,,,0,0,,,,0,0,0,0.415441483719585,,0,,,,,,0,,0,,,,,,,0.0300793931406898,,,0.0180257786634952,,,0,,0.0758381279933143,,,,,,,,0.0575937771206326,,0,0,,,0,,,,,0,,,,0,0,0,,,,,,,,0,0.191655684484587,0,,0,,0,,,,,,0.0134679052425187,0,,0,0.415441483719585
0,0,2025,2025-02-23,088,Heinsberg,05,Nordrhein-Westfalen,zweitstimme,192359,157150,156032,1118,0.816962034529188,cdu,,,,0.201292042657916,,,,,,,,0,0.0389471390484003,,,,0,0,0.00114079163248564,0.352305937243642,,0,,,,,,0.00547323625922888,,0.00287761484823626,,,,,,,0.0417606644790812,,,0.00774200164068909,,,0,,0.087309013535685,,,,,,,,0.0631665299425759,,0,0.000307629204265792,,,0.000140996718621821,,,,,0,,,,0.00182654840032814,0,0,,,,,,,,0,0.170881614027892,0,,0.00160223543888433,,0.0156570447087777,,,,,,0.00689602132895816,0.000672938884331419,,0,0.352305937243642
0,0,2025,2025-02-23,089,Düren,05,Nordrhein-Westfalen,erststimme,199301,164552,163100,1452,0.82564563148203,cdu,,,,0.203169834457388,,,,,,,,0,0,,,,0,0,0,0.398503985285101,,0,,,,,,0,,0,,,,,,,0.0281483752299203,,,0.0200122624156959,,,0,,0.0745125689760883,,,,,,,,0.0558246474555488,,0,0,,,0,,,,,0,,,,0,0,0,,,,,,,,0,0.219828326180258,0,,0,,0,,,,,,0,0,,0,0.398503985285101
0,0,2025,2025-02-23,089,Düren,05,Nordrhein-Westfalen,zweitstimme,199301,164552,163419,1133,0.82564563148203,cdu,,,,0.205098550352162,,,,,,,,0,0.0424124489808407,,,,0,0,0.00127280181619028,0.333394525728342,,0,,,,,,0.00510344574376297,,0.00241709960286136,,,,,,,0.0428713919434093,,,0.00721458337157858,,,0,,0.0847086324111639,,,,,,,,0.0642397762806039,,0,0.000263127298539338,,,0.00018969642452836,,,,,0,,,,0.00197651435879549,0,0,,,,,,,,0,0.185449672314725,0,,0.00152369063572779,,0.0155979414878319,,,,,,0.00560522338283798,0.000660877866098801,,0,0.333394525728342
0,0,2025,2025-02-23,090,Rhein-Erft-Kreis I,05,Nordrhein-Westfalen,erststimme,247391,207151,205356,1795,0.837342506396757,cdu,,,,0.16726075692943,,,,,,,,0,0,,,,0,0,0.00641812267476967,0.349797424959582,,0,,,,,,0,,0,,,,,,,0.0367654219988703,,,0.0125002434796159,,,0,,0.102149438049047,,,,,,,,0.0643662712557705,,0,0,,,0,,,,,0,,,,0,0,0,,,,,,,,0,0.260742320652915,0,,0,,0,,,,,,0,0,,0,0.349797424959582
0,0,2025,2025-02-23,090,Rhein-Erft-Kreis I,05,Nordrhein-Westfalen,zweitstimme,247391,207151,205987,1164,0.837342506396757,cdu,,,,0.166991120798885,,,,,,,,0,0.042672595843427,,,,0,0,0.00179622985916587,0.316267531446159,,0,,,,,,0.00451484802438989,,0.002150621155704,,,,,,,0.0499254807342211,,,0.0052964507468918,,,0,,0.115784005786773,,,,,,,,0.0719317238466505,,0,0.000398083374193517,,,0.000140785583556244,,,,,0,,,,0.001810793885051,0,0,,,,,,,,0,0.197114381004627,0,,0.00223315063571973,,0.01358338147553,,,,,,0.00676256268599475,0.000626253113060533,,0,0.316267531446159
0,0,2025,2025-02-23,091,Euskirchen – Rhein-Erft-Kreis II,05,Nordrhein-Westfalen,erststimme,248663,207572,205520,2052,0.834752255060061,cdu,,,,0.184103736862592,,,,,,,,0,0,,,,0,0,0.00527929155313352,0.383821525885559,,0,,,,,,0,,0,,,,,,,0.0413487738419619,,,0.0140375632541845,,,0,,0.0951196963799144,,,,,,,,0.0557463993771896,,0,0,,,0,,,,,0,,,,0,0,0,,,,,,,,0,0.206627092253795,0,,0,,0,,,,,,0.0139159205916699,0,,0,0.383821525885559
0,0,2025,2025-02-23,091,Euskirchen – Rhein-Erft-Kreis II,05,Nordrhein-Westfalen,zweitstimme,248663,207572,206374,1198,0.834752255060061,cdu,,,,0.183555098995028,,,,,,,,0,0.039811216529214,,,,0,0,0.00214658823301385,0.337930165621638,,0,,,,,,0.00498124763778383,,0.00288311512109084,,,,,,,0.0479953870158063,,,0.00694370414877843,,,0,,0.109083508581507,,,,,,,,0.0627986083518273,,0,0.000295579869557212,,,0.000174440578755076,,,,,0,,,,0.0017977070755037,0,0,,,,,,,,0,0.176848827856222,0,,0.00161842092511654,,0.0136305930010563,,,,,,0.00685163828776881,0.000654152170331534,,0,0.337930165621638
0,0,2025,2025-02-23,092,Köln I,05,Nordrhein-Westfalen,erststimme,190951,153110,151595,1515,0.801828741404863,spd,,,,0.132075596160823,,,,,,,,0,0,,,,0,0,0,0.245793067053663,,0,,,,,,0,,0,,,,,,,0.0308189584089185,,,0.00981562716448432,,,0,,0.201167584682872,,,,,,,,0.111441670239784,,0,0,,,0.00228899370031993,,,,,0,,,,0,0,0,,,,,,,,0,0.248801081829876,0,,0,,0,,,,,,0.0177974207592599,0,,0,0.245793067053663
0,0,2025,2025-02-23,092,Köln I,05,Nordrhein-Westfalen,zweitstimme,190951,153110,152234,876,0.801828741404863,spd,,,,0.123842242862961,,,,,,,,0,0.0470985456599708,,,,0,0,0.00118895910243441,0.222906840784582,,0,,,,,,0.00559007843188775,,0.00195094394156365,,,,,,,0.0420865246922501,,,0.00380992419564618,,,0,,0.179158400882851,,,,,,,,0.149217651772929,,0,0.000821104352509952,,,0.000630608142727643,,,,,0,,,,0.00203633879422468,0,0,,,,,,,,0,0.195587056767871,0,,0.00225967917810739,,0.0105101357121274,,,,,,0.010976522984353,0.000328441741003981,,0,0.222906840784582
0,0,2025,2025-02-23,093,Köln II,05,Nordrhein-Westfalen,erststimme,243912,214600,213387,1213,0.879825510839975,gruene,,,,0.0598677520186328,,,,,,,,0,0,,,,0,0,0.00265714406219685,0.280827791758636,,0,,,,,,0,,0,,,,,,,0.0377764343657299,,,0.00412864888676442,,,0,,0.34143598251065,,,,,,,,0.0864813695304775,,0,0,,,0,,,,,0,,,,0,0,0,,,,,,,,0,0.164602342223284,0,,0,,0,,,,,,0.0212477798553801,0,,0.000974754788248581,0.280827791758636
0,0,2025,2025-02-23,093,Köln II,05,Nordrhein-Westfalen,zweitstimme,243912,214600,213921,679,0.879825510839975,gruene,,,,0.0628456299288055,,,,,,,,0,0.028127205837669,,,,0,0,0.000846106740338723,0.249746401709042,,0,,,,,,0.00460917815455238,,0.0011078856213275,,,,,,,0.0604568976397829,,,0.00201943708191342,,,0,,0.257501601058335,,,,,,,,0.134451503124985,,0,0.000420716058731962,,,0.000144913309118787,,,,,0,,,,0.00156132404018306,0,0,,,,,,,,0,0.177243000920901,0,,0.00100504391808191,,0.00676885392270979,,,,,,0.010891871298283,0.000252429635239177,,0,0.249746401709042
0,0,2025,2025-02-23,094,Köln III,05,Nordrhein-Westfalen,erststimme,206670,169136,167822,1314,0.8183868002129,gruene,,,,0.115950232984948,,,,,,,,0,0,,,,0,0,0,0.194485824266187,,0,,,,,,0,,0,,,,,,,0.0284408480413772,,,0.00787739390544744,,,0,,0.260377066177259,,,,,,,,0.112059205586872,,0,0,,,0,,,,,0,,,,0.00443922727651917,0,0,,,,,,,,0,0.258053175388209,0,,0,,0,,,,,,0.0183170263731811,0,,0,0.194485824266187
0,0,2025,2025-02-23,094,Köln III,05,Nordrhein-Westfalen,zweitstimme,206670,169136,168354,782,0.8183868002129,gruene,,,,0.112031790156456,,,,,,,,0,0.0427076279743873,,,,0,0,0.000908799315727574,0.193182223172601,,0,,,,,,0.00569039048671252,,0.00184729795549853,,,,,,,0.0339463273815888,,,0.00298775199876451,,,0,,0.218402889150243,,,,,,,,0.163358161968234,,0,0.000813761478788743,,,0.00035045202371194,,,,,0,,,,0.00200767430533281,0,0,,,,,,,,0,0.198955771766635,0,,0.00246504389560094,,0.0103650640911413,,,,,,0.00969385936776079,0.000285113510816494,,0,0.193182223172601
0,0,2025,2025-02-23,095,Bonn,05,Nordrhein-Westfalen,erststimme,228194,193699,192052,1647,0.848834763403069,cdu,,,,0.0816497615229209,,,,,,,,0,0,,,,0,0,0,0.333102493074792,,0,,,,,,0,,0,,,,,,,0.0246651948430633,,,0.00486847312186283,,,0,,0.243782933788766,,,,,,,,0.0769374960948077,,0,0,,,0,,,,,0,,,,0.00279611771811801,0,0,,,,,,,,0,0.216488242767584,0,,0,,0,,,,,,0.0157092870680857,0,,0,0.333102493074792
0,0,2025,2025-02-23,095,Bonn,05,Nordrhein-Westfalen,zweitstimme,228194,193699,192723,976,0.848834763403069,cdu,,,,0.0891746184939006,,,,,,,,0,0.0358597572682036,,,,0,0,0.000664165667823768,0.261582686031247,,0,,,,,,0.00455057258344878,,0.00175381246659714,,,,,,,0.0518619988273325,,,0.00217410480326686,,,0,,0.229012624336483,,,,,,,,0.124499929951277,,0,0.000731619993462119,,,0.000306138862512518,,,,,0,,,,0.0014891839583236,0,0,,,,,,,,0,0.176823731469518,0,,0.00140097445556576,,0.00649637043840123,,,,,,0.0111403413188877,0.000477369073748333,,0,0.261582686031247
0,0,2025,2025-02-23,096,Rhein-Sieg-Kreis I,05,Nordrhein-Westfalen,erststimme,238140,199347,197596,1751,0.837100025195263,cdu,,,,0.174922569282779,,,,,,,,0,0,,,,0,0,0,0.356029474280856,,0,,,,,,0,,0,,,,,,,0.0427032935889391,,,0.0167968987226462,,,0,,0.112446608230936,,,,,,,,0.0573442782242556,,0,0,,,0,,,,,0,,,,0,0,0,,,,,,,,0,0.224063240146562,0,,0,,0,,,,,,0.0156936375230268,0,,0,0.356029474280856
0,0,2025,2025-02-23,096,Rhein-Sieg-Kreis I,05,Nordrhein-Westfalen,zweitstimme,238140,199347,198279,1068,0.837100025195263,cdu,,,,0.1737602065776,,,,,,,,0,0.0428840169659924,,,,0,0,0.00128102320467624,0.319262251675669,,0,,,,,,0.00553765149108075,,0.0025771766046833,,,,,,,0.0499699917792605,,,0.00633450844517069,,,0,,0.124990543627918,,,,,,,,0.067813535472743,,0,0.000337907695721685,,,0.000181562343969861,,,,,0,,,,0.00185597062724746,0,0,,,,,,,,0,0.178954906974516,0,,0.00176518945526253,,0.0131582265393713,,,,,,0.00859899434635035,0.000736336172766657,,0,0.319262251675669
0,0,2025,2025-02-23,097,Rhein-Sieg-Kreis II,05,Nordrhein-Westfalen,erststimme,214269,183163,181735,1428,0.854827343199436,cdu,,,,0.142141029521006,,,,,,,,0,0,,,,0,0,0,0.438214983354885,,0,,,,,,0,,0,,,,,,,0.0323492998046606,,,0.0117698847222604,,,0,,0.127421795471428,,,,,,,,0.0537485899799158,,0,0,,,0,,,,,0,,,,0,0,0,,,,,,,,0,0.177659779349052,0,,0,,0,,,,,,0.016694637796792,0,,0,0.438214983354885
0,0,2025,2025-02-23,097,Rhein-Sieg-Kreis II,05,Nordrhein-Westfalen,zweitstimme,214269,183163,182281,882,0.854827343199436,cdu,,,,0.142834414996626,,,,,,,,0,0.0364053302318947,,,,0,0,0.00112463723591598,0.349553711028577,,0,,,,,,0.00450403497896105,,0.00238093931896358,,,,,,,0.0562922081840675,,,0.00493743176743599,,,0,,0.14702574596365,,,,,,,,0.0652179876125323,,0,0.0002468715883718,,,0.000131664847131626,,,,,0,,,,0.00152511781260801,0,0,,,,,,,,0,0.166407908668484,0,,0.00147574349493365,,0.010165623405621,,,,,,0.00905744427559647,0.000713184588629643,,0,0.349553711028577
0,0,2025,2025-02-23,098,Oberbergischer Kreis,05,Nordrhein-Westfalen,erststimme,204353,169819,168260,1559,0.831008108518103,cdu,,,,0.215529537620349,,,,,,,,0,0,,,,0,0,0,0.369071674789017,,0,,,,,,0,,0,,,,,,,0.0325448710329252,,,0.0173184357541899,,,0,,0.0880363722809937,,,,,,,,0.0598121954118626,,0,0,,,0,,,,,0,,,,0,0,0,,,,,,,,0,0.207232853916558,0,,0,,0,,,,,,0.0104540591941044,0,,0,0.369071674789017
0,0,2025,2025-02-23,098,Oberbergischer Kreis,05,Nordrhein-Westfalen,zweitstimme,204353,169819,168609,1210,0.831008108518103,cdu,,,,0.211862949190138,,,,,,,,0,0.0460710875457419,,,,0,0,0.00174961004454092,0.31675058863999,,0,,,,,,0.00599019032198756,,0.00349328920757492,,,,,,,0.0460888801902627,,,0.00705181811172595,,,0,,0.0951016849634361,,,,,,,,0.0628554822103209,,0,0.00021944261575598,,,0.000278751430825164,,,,,0,,,,0.00205801588290068,0,0,,,,,,,,0,0.177689209947274,0,,0.00150051302125035,,0.0140502582898896,,,,,,0.00612066971513976,0.00106755867124531,,0,0.31675058863999
0,0,2025,2025-02-23,099,Rheinisch-Bergischer Kreis,05,Nordrhein-Westfalen,erststimme,214554,184312,183157,1155,0.859047139647828,cdu,,,,0.124254055264063,,,,,,,,0,0,,,,0,0,0.00461352828447725,0.422047751382694,,0,,,,,,0,,0,,,,,,,0.0494330001037361,,,0.00923797616252723,,,0,,0.137832569871749,,,,,,,,0.0508252482842589,,0,0,,,0,,,,,0,,,,0,0,0,,,,,,,,0,0.187948044573781,0,,0,,0,,,,,,0.0138078260727136,0,,0,0.422047751382694
0,0,2025,2025-02-23,099,Rheinisch-Bergischer Kreis,05,Nordrhein-Westfalen,zweitstimme,214554,184312,183450,862,0.859047139647828,cdu,,,,0.132673753066231,,,,,,,,0,0.0343690378849823,,,,0,0,0.0015263014445353,0.337830471518125,,0,,,,,,0.00466067048242028,,0.00231125647315345,,,,,,,0.0555955301171982,,,0.00544562551103843,,,0,,0.15035704551649,,,,,,,,0.0652602889070592,,0,0.000294358135731807,,,0.000316162442082311,,,,,0,,,,0.00166257835922595,0,0,,,,,,,,0,0.184944126464977,0,,0.00118833469610248,,0.0117252657399836,,,,,,0.00923412373943854,0.000605069501226492,,0,0.337830471518125
0,0,2025,2025-02-23,100,Leverkusen – Köln IV,05,Nordrhein-Westfalen,erststimme,206279,165366,163771,1595,0.801661826943121,spd,,,,0.155332751219691,,,,,,,,0,0,,,,0,0,0,0.255570278010148,,0,,,,,,0,,0,,,,,,,0.0311532566815859,,,0.0121144769220436,,,0,,0.110404161909007,,,,,,,,0.0906631821262617,,0,0,,,0.00201500876223507,,,,,0,,,,0,0,0,,,,,,,,0,0.327127513418127,0,,0,,0,,,,,,0.015619370950901,0,,0,0.255570278010148
0,0,2025,2025-02-23,100,Leverkusen – Köln IV,05,Nordrhein-Westfalen,zweitstimme,206279,165366,164334,1032,0.801661826943121,spd,,,,0.154514586147724,,,,,,,,0,0.0473791181374518,,,,0,0,0.00102839339394161,0.246145046064722,,0,,,,,,0.00669368481263768,,0.00221500115618192,,,,,,,0.0390546082977351,,,0.00422919176798471,,,0,,0.142119098908321,,,,,,,,0.116451860235861,,0,0.00060851680114888,,,0.000711964657344189,,,,,0,,,,0.00174644321929728,0,0,,,,,,,,0,0.212195893728626,0,,0.00248883371669892,,0.0128153638321954,,,,,,0.00897562281694598,0.000626772305183346,,0,0.246145046064722
0,0,2025,2025-02-23,101,Wuppertal I,05,Nordrhein-Westfalen,erststimme,196546,153114,151672,1442,0.779023739989621,spd,,,,0.182677092673664,,,,,,,,0,0,,,,0,0,0,0.242899150799093,,0,,,,,,0,,0,,,,,,,0.0300846563637323,,,0.0119006804156337,,,0,,0.0859288464581465,,,,,,,,0.0913286565747138,,0,0,,,0,,,,,0,,,,0,0,0,,,,,,,,0,0.335638746769344,0,,0,,0,,,,,,0.0126127432881481,0,,0.00692942665752413,0.242899150799093
0,0,2025,2025-02-23,101,Wuppertal I,05,Nordrhein-Westfalen,zweitstimme,196546,153114,152151,963,0.779023739989621,spd,,,,0.179420444164021,,,,,,,,0,0.0542093052296732,,,,0,0,0.000979290310283863,0.235483171323225,,0,,,,,,0.00584945218894388,,0.0023266360391979,,,,,,,0.0413142207412373,,,0.00440352018718247,,,0,,0.125960394607988,,,,,,,,0.122299557676256,,0,0.000644096982602809,,,0.000611234891653686,,,,,0,,,,0.00163653212926632,0,0,,,,,,,,0,0.201799528100374,0,,0.00214260832988281,,0.0126387601790327,,,,,,0.00768315686390494,0.000598090055274037,,0,0.235483171323225
0,0,2025,2025-02-23,102,Solingen – Remscheid – Wuppertal II,05,Nordrhein-Westfalen,erststimme,216618,173656,172145,1511,0.801669298026942,cdu,,,,0.185372796189259,,,,,,,,0,0,,,,0,0,0,0.324493885968225,,0,,,,,,0,,0,,,,,,,0.0322693078509396,,,0,,,0,,0.0871184176130588,,,,,,,,0.0748554997240698,,0,0,,,0.00249208516076563,,,,,0,,,,0,0,0,,,,,,,,0,0.274402393331203,0,,0,,0,,,,,,0.0153707630195475,0,,0.00362485114293183,0.324493885968225
0,0,2025,2025-02-23,102,Solingen – Remscheid – Wuppertal II,05,Nordrhein-Westfalen,zweitstimme,216618,173656,172574,1082,0.801669298026942,cdu,,,,0.182756382769131,,,,,,,,0,0.0470233059441167,,,,0,0,0.00124584236327604,0.284683671932041,,0,,,,,,0.00660586183318461,,0.00234102471983033,,,,,,,0.0473478044201328,,,0.00387080324962045,,,0,,0.111963563456836,,,,,,,,0.0842537114513194,,0,0.000469363867094696,,,0.000637407720745883,,,,,0,,,,0.00176735777115904,0,0,,,,,,,,0,0.200951475888604,0,,0.00242214933883436,,0.0134898652172401,,,,,,0.00771263342102518,0.000457774635808407,,0,0.284683671932041
0,0,2025,2025-02-23,103,Mettmann I,05,Nordrhein-Westfalen,erststimme,200860,167587,166222,1365,0.834347306581699,cdu,,,,0.157542322917544,,,,,,,,0,0,,,,0,0,0,0.365854098735426,,0,,,,,,0,,0,,,,,,,0.0450120922621554,,,0,,,0,,0.124562332302583,,,,,,,,0.0644499524731985,,0,0,,,0,,,,,0,,,,0,0,0,,,,,,,,0,0.225355247801133,0,,0,,0,,,,,,0.0172239535079592,0,,0,0.365854098735426
0,0,2025,2025-02-23,103,Mettmann I,05,Nordrhein-Westfalen,zweitstimme,200860,167587,166704,883,0.834347306581699,cdu,,,,0.155491169977925,,,,,,,,0,0.0418886169498033,,,,0,0,0.00112774738458585,0.321024090603705,,0,,,,,,0.00494889144831558,,0.00203954314233612,,,,,,,0.0565013436990114,,,0.00407908628467223,,,0,,0.127675400710241,,,,,,,,0.0690205393991746,,0,0.000341923409156349,,,0.000227948939437566,,,,,0,,,,0.002099529705346,0,0,,,,,,,,0,0.188849697667722,0,,0.00202754582973414,,0.0135509645839332,,,,,,0.008404117477685,0.000701842787215664,,0,0.321024090603705
0,0,2025,2025-02-23,104,Mettmann II,05,Nordrhein-Westfalen,erststimme,156872,129847,128626,1221,0.827725789178438,cdu,,,,0.171792639124283,,,,,,,,0,0,,,,0,0,0,0.358807706062538,,0,,,,,,0,,0,,,,,,,0.038926811064637,,,0,,,0,,0.110685242485967,,,,,,,,0.0664095905959915,,0,0,,,0.00328082969228616,,,,,0,,,,0,0,0,,,,,,,,0,0.250097180974298,0,,0,,0,,,,,,0,0,,0,0.358807706062538
0,0,2025,2025-02-23,104,Mettmann II,05,Nordrhein-Westfalen,zweitstimme,156872,129847,129095,752,0.827725789178438,cdu,,,,0.168333397885278,,,,,,,,0,0.0428599093690693,,,,0,0,0.000999264107827569,0.320360974476161,,0,,,,,,0.00563925791084085,,0.00174290251365274,,,,,,,0.0528060730469809,,,0.00387311669700608,,,0,,0.112452070180875,,,,,,,,0.0709477516557574,,0,0.000426042836670669,,,0.000588713737944924,,,,,0,,,,0.00192881211510903,0,0,,,,,,,,0,0.194383980789341,0,,0.00186684224795693,,0.0136875944072195,,,,,,0.00648359735078818,0.000619698671520973,,0,0.320360974476161
0,0,2025,2025-02-23,105,Düsseldorf I,05,Nordrhein-Westfalen,erststimme,224445,187057,185665,1392,0.8334202143064,cdu,,,,0.0981714378046482,,,,,,,,0,0,,,,0,0,0.0045188915519888,0.361446691622007,,0,,,,,,0,,0,,,,,,,0.0532302803436297,,,0.00552608192174077,,,0,,0.173802278296933,,,,,,,,0.0717475022217435,,0,0,,,0.00157272506934533,,,,,0,,,,0,0,0,,,,,,,,0,0.211973177497105,0,,0,,0,,,,,,0.0180109336708588,0,,0,0.361446691622007
0,0,2025,2025-02-23,105,Düsseldorf I,05,Nordrhein-Westfalen,zweitstimme,224445,187057,186294,763,0.8334202143064,cdu,,,,0.0994986419315705,,,,,,,,0,0.0364531332195347,,,,0,0,0.00133659699185159,0.303074709867199,,0,,,,,,0.00438554113390662,,0.00144932203935715,,,,,,,0.078080882905515,,,0.00251752606095741,,,0,,0.182791716319366,,,,,,,,0.0951775151105242,,0,0.000579728815742858,,,0.000493843065262435,,,,,0,,,,0.00173918644722857,0,0,,,,,,,,0,0.172131147540984,0,,0.00147079347697725,,0.00837922853124631,,,,,,0.00987149344584367,0.000568993096932805,,0,0.303074709867199
0,0,2025,2025-02-23,106,Düsseldorf II,05,Nordrhein-Westfalen,erststimme,188875,151908,150605,1303,0.804277961614825,cdu,,,,0.129969124531058,,,,,,,,0,0,,,,0,0,0.00484047674380001,0.287387536934365,,0,,,,,,0,,0,,,,,,,0.0414992862122771,,,0.0062016533315627,,,0,,0.181580956807543,,,,,,,,0.093117758374556,,0,0,,,0.00243019820059095,,,,,0,,,,0,0,0,,,,,,,,0,0.230662992596527,0,,0,,0,,,,,,0.0175359383818598,0.00477407788586036,,0,0.287387536934365
0,0,2025,2025-02-23,106,Düsseldorf II,05,Nordrhein-Westfalen,zweitstimme,188875,151908,151152,756,0.804277961614825,cdu,,,,0.129710490102678,,,,,,,,0,0.0479384989943898,,,,0,0,0.00152164708373028,0.251442256801101,,0,,,,,,0.00510082565893935,,0.00154811051127342,,,,,,,0.0544881973113158,,,0.00320207473271938,,,0,,0.170556790515508,,,,,,,,0.117762252566952,,0,0.000813750396951413,,,0.000509420980205356,,,,,0,,,,0.00153487879750185,0,0,,,,,,,,0,0.188783476235842,0,,0.00207737906213613,,0.0110550968561448,,,,,,0.0103868953106806,0.00156795808193077,,0,0.251442256801101
0,0,2025,2025-02-23,107,Neuss I,05,Nordrhein-Westfalen,erststimme,210819,173161,171560,1601,0.821372836414175,cdu,,,,0.169264397295407,,,,,,,,0,0,,,,0,0,0,0.362846817439963,,0,,,,,,0,,0,,,,,,,0.0423583585917463,,,0,,,0,,0.0848624387969224,,,,,,,,0.0701503847050595,,0,0,,,0,,,,,0,,,,0,0,0,,,,,,,,0,0.270517603170902,0,,0,,0,,,,,,0,0,,0,0.362846817439963
0,0,2025,2025-02-23,107,Neuss I,05,Nordrhein-Westfalen,zweitstimme,210819,173161,172181,980,0.821372836414175,cdu,,,,0.169281163426859,,,,,,,,0,0.0429141426754404,,,,0,0,0.00102218014763534,0.328723842932728,,0,,,,,,0.00533740656634588,,0.0028981130322161,,,,,,,0.0523809247245631,,,0.00410033627403721,,,0,,0.107090793990045,,,,,,,,0.0742300253802684,,0,0.000505282232069741,,,0.000284584245648475,,,,,0,,,,0.00191077993506833,0,0,,,,,,,,0,0.18618198291333,0,,0.00242767785063393,,0.01404336134649,,,,,,0.0059414221081304,0.000725980218491007,,0,0.328723842932728
0,0,2025,2025-02-23,108,Mönchengladbach,05,Nordrhein-Westfalen,erststimme,181209,140063,138447,1616,0.77293622281454,cdu,,,,0.182596950457576,,,,,,,,0,0,,,,0,0,0.00662347324246824,0.363539838349693,,0,,,,,,0.0249409521333073,,0,,,,,,,0.0329006767932855,,,0.0106755653788092,,,0,,0.0985792397090583,,,,,,,,0,,0,0,,,0,,,,,0,,,,0,0,0,,,,,,,,0,0.261898054851315,0,,0,,0,,,,,,0.0156521990364544,0.00259305004803282,,0,0.363539838349693
0,0,2025,2025-02-23,108,Mönchengladbach,05,Nordrhein-Westfalen,zweitstimme,181209,140063,139116,947,0.77293622281454,cdu,,,,0.180604675235056,,,,,,,,0,0.0459975847494178,,,,0,0,0.00194082636073493,0.305680151815751,,0,,,,,,0.00618189137122977,,0.00224992092929641,,,,,,,0.0454584663158803,,,0.00472267747778832,,,0,,0.0995140745852382,,,,,,,,0.0949279737772794,,0,0.00053911843353748,,,0.000230023864975991,,,,,0,,,,0.00147359038500244,0,0,,,,,,,,0,0.187189108369993,0,,0.00163892003795394,,0.0144915034934875,,,,,,0.00611719715920527,0.00104229563817246,,0,0.305680151815751
0,0,2025,2025-02-23,109,Krefeld I – Neuss II,05,Nordrhein-Westfalen,erststimme,196586,164150,162680,1470,0.835003509914236,cdu,,,,0.14610892549791,,,,,,,,0,0,,,,0,0,0,0.37830710597492,,0,,,,,,0,,0,,,,,,,0.0547701008114089,,,0.0200885173346447,,,0,,0.10966314236538,,,,,,,,0.0666215883943939,,0,0,,,0,,,,,0,,,,0,0,0,,,,,,,,0,0.224440619621343,0,,0,,0,,,,,,0,0,,0,0.37830710597492
0,0,2025,2025-02-23,109,Krefeld I – Neuss II,05,Nordrhein-Westfalen,zweitstimme,196586,164150,163244,906,0.835003509914236,cdu,,,,0.146320844870256,,,,,,,,0,0.0385006493347382,,,,0,0,0.00116390188919654,0.340778221557913,,0,,,,,,0.00506603611771336,,0.00227879738305849,,,,,,,0.0619134547058391,,,0.00632795079757908,,,0,,0.122558868932396,,,,,,,,0.0703057999068879,,0,0.000404302761510377,,,0.000294038372007547,,,,,0,,,,0.00184386562446399,0,0,,,,,,,,0,0.181152140354316,0,,0.00202151380755189,,0.0128825561735807,,,,,,0.00559285486756022,0.000594202543431918,,0,0.340778221557913
0,0,2025,2025-02-23,110,Viersen,05,Nordrhein-Westfalen,erststimme,223739,185834,184152,1682,0.830583849932287,cdu,,,,0.159786480733307,,,,,,,,0,0,,,,0,0,0,0.400082540510013,,0,,,,,,0,,0,,,,,,,0.0397334810374039,,,0.0136300447456449,,,0,,0.105554107476433,,,,,,,,0.0615632738172814,,0,0,,,0,,,,,0,,,,0,0,0,,,,,,,,0,0.206736826100178,0,,0,,0,,,,,,0.0129132455797385,0,,0,0.400082540510013
0,0,2025,2025-02-23,110,Viersen,05,Nordrhein-Westfalen,zweitstimme,223739,185834,184722,1112,0.830583849932287,cdu,,,,0.15868169465467,,,,,,,,0,0.0372072628057297,,,,0,0,0.00138045278851463,0.34770086941458,,0,,,,,,0.00615519537467113,,0.00237654421238402,,,,,,,0.0543465315446996,,,0.00633384220612596,,,0,,0.114144498218945,,,,,,,,0.064285791622005,,0,0.000297744719091391,,,0.000140752049025021,,,,,0,,,,0.00188932558114356,0,0,,,,,,,,0,0.182133151438378,0,,0.00155368607962235,,0.0144812204285359,,,,,,0.00620933077814229,0.000682106083736642,,0,0.34770086941458
0,0,2025,2025-02-23,111,Kleve,05,Nordrhein-Westfalen,erststimme,223650,182375,181024,1351,0.81544824502571,cdu,,,,0.160056125154676,,,,,,,,0,0,,,,0,0,0,0.412271301042956,,0,,,,,,0,,0,,,,,,,0.0336861410641683,,,0.0134181103058158,,,0,,0.0908553561958635,,,,,,,,0.0594120116669613,,0,0,,,0,,,,,0,,,,0,0,0,,,,,,,,0,0.21649615520594,0,,0,,0,,,,,,0.0138047993636203,0,,0,0.412271301042956
0,0,2025,2025-02-23,111,Kleve,05,Nordrhein-Westfalen,zweitstimme,223650,182375,181315,1060,0.81544824502571,cdu,,,,0.160472106554891,,,,,,,,0,0.033610015718501,,,,0,0,0.00117475112373494,0.365187656840306,,0,,,,,,0.00491409977111657,,0.002443261726829,,,,,,,0.0446736342828779,,,0.00737942255191242,,,0,,0.104712792653669,,,,,,,,0.0641149380911673,,0,0.000237156330143673,,,0.000176488431734826,,,,,0,,,,0.00180900642528197,0,0,,,,,,,,0,0.187535504508728,0,,0.00138984639991176,,0.0133524529134379,,,,,,0.00632049196150346,0.000496373714254199,,0,0.365187656840306
0,0,2025,2025-02-23,112,Wesel I,05,Nordrhein-Westfalen,erststimme,204087,170433,169035,1398,0.83509973687692,cdu,,,,0.173780577986807,,,,,,,,0,0,,,,0,0,0.00612890821427515,0.34817641316887,,0,,,,,,0,,0,,,,,,,0.0362232673706629,,,0.0127429230632709,,,0,,0.0815570739787618,,,,,,,,0.0607862277043216,,0,0,,,0,,,,,0,,,,0,0,0,,,,,,,,0,0.28060460851303,0,,0,,0,,,,,,0,0,,0,0.34817641316887
0,0,2025,2025-02-23,112,Wesel I,05,Nordrhein-Westfalen,zweitstimme,204087,170433,169492,941,0.83509973687692,cdu,,,,0.17349491421424,,,,,,,,0,0.0371934958582116,,,,0,0,0.002041394284096,0.314829018478748,,0,,,,,,0.00643688197673047,,0.00186439477969462,,,,,,,0.0425093809737333,,,0.0055105845703632,,,0,,0.0949366341774243,,,,,,,,0.0657848158025158,,0,0.000212399405281665,,,0.000371698959242914,,,,,0,,,,0.00164019540745286,0,0,,,,,,,,0,0.231792650980577,0,,0.00153989568829207,,0.0149505581384372,,,,,,0.00436008779175418,0.000530998513204163,,0,0.314829018478748
0,0,2025,2025-02-23,113,Krefeld II – Wesel II,05,Nordrhein-Westfalen,erststimme,173314,140222,138969,1253,0.809063318600921,cdu,,,,0.168533989594802,,,,,,,,0,0,,,,0,0,0,0.319582065064871,,0,,,,,,0,,0,,,,,,,0.0348351071102188,,,0.0131612086148709,,,0,,0.0873072411832855,,,,,,,,0.0615389043599652,,0,0,,,0,,,,,0,,,,0,0,0,,,,,,,,0,0.302218480380517,0,,0,,0,,,,,,0.0128230036914708,0,,0,0.319582065064871
0,0,2025,2025-02-23,113,Krefeld II – Wesel II,05,Nordrhein-Westfalen,zweitstimme,173314,140222,139391,831,0.809063318600921,cdu,,,,0.166459814478697,,,,,,,,0,0.0439626661692649,,,,0,0,0.00111197997001241,0.288354341385025,,0,,,,,,0.00614099906019757,,0.00199438988169968,,,,,,,0.0475568723949179,,,0.00522989289121966,,,0,,0.11025102051065,,,,,,,,0.0804212610570266,,0,0.000509358566908911,,,0.000466314180972947,,,,,0,,,,0.00158546821530802,0,0,,,,,,,,0,0.223916895638886,0,,0.00185808265956913,,0.0138244219497672,,,,,,0.00577512177974188,0.000581099210135518,,0,0.288354341385025
0,0,2025,2025-02-23,114,Duisburg I,05,Nordrhein-Westfalen,erststimme,159961,127170,125873,1297,0.795006282781428,spd,,,,0.176558912554718,,,,,,,,0,0,,,,0,0,0,0.220444416197278,,0,,,,,,0,,0,,,,,,,0.0244770522669675,,,0.0109475423641289,,,0,,0.0780945874015873,,,,,,,,0.0858404900177163,,0,0,,,0.00239924368212405,,,,,0,,,,0,0,0,,,,,,,,0,0.39020282348081,0,,0,,0,,,,,,0.0110349320346699,0,,0,0.220444416197278
0,0,2025,2025-02-23,114,Duisburg I,05,Nordrhein-Westfalen,zweitstimme,159961,127170,126308,862,0.795006282781428,spd,,,,0.17312442600627,,,,,,,,0,0.0507647971624917,,,,0,0,0.0012113246983564,0.229549988915983,,0,,,,,,0.00698293061405453,,0.00211388035595528,,,,,,,0.0334737308800709,,,0.00460778414668905,,,0,,0.10664407638471,,,,,,,,0.104102669664629,,0,0.000807549798904266,,,0.000934224277163758,,,,,0,,,,0.00205846027171676,0,0,,,,,,,,0,0.257054185008075,0,,0.00360230547550432,,0.0164914336384077,,,,,,0.00597745194286981,0.000498780758146752,,0,0.229549988915983
0,0,2025,2025-02-23,115,Duisburg II,05,Nordrhein-Westfalen,erststimme,152391,111847,110430,1417,0.733947542833894,spd,,,,0.266639500135833,,,,,,,,0,0,,,,0,0,0,0.197328624467989,,0,,,,,,0,,0,,,,,,,0.021678891605542,,,0.0142624286878566,,,0,,0.0688128226025537,,,,,,,,0.0903377705333696,,0,0,,,0.0032509281898035,,,,,0,,,,0,0,0,,,,,,,,0,0.332617948021371,0,,0,,0,,,,,,0,0,,0.00507108575568233,0.197328624467989
0,0,2025,2025-02-23,115,Duisburg II,05,Nordrhein-Westfalen,zweitstimme,152391,111847,110752,1095,0.733947542833894,spd,,,,0.247652412597515,,,,,,,,0,0.0584368679572378,,,,0,0,0.00139952325917365,0.194308003467206,,0,,,,,,0.00586896850621208,,0.00181486564576712,,,,,,,0.0266180294712511,,,0.0048667292689974,,,0,,0.0656240970817683,,,,,,,,0.110806125397284,,0,0.000884859867090436,,,0.00110156024270442,,,,,0,,,,0.00149884426466339,0,0,,,,,,,,0,0.253106038717134,0,,0.00455070788789367,,0.0173360300491188,,,,,,0.00357555619763074,0.00055078012135221,,0,0.194308003467206
0,0,2025,2025-02-23,116,Oberhausen – Wesel III,05,Nordrhein-Westfalen,erststimme,193877,155814,154307,1507,0.803674494653827,spd,,,,0.210366347605747,,,,,,,,0,0,,,,0,0,0,0.26906750827895,,0,,,,,,0,,0,,,,,,,0.0288774974563694,,,0,,,0,,0.0819016635667857,,,,,,,,0.0781688452241311,,0,0,,,0.00415405652368331,,,,,0,,,,0,0,0,,,,,,,,0,0.313880770153007,0,,0.0135833111913264,,0,,,,,,0,0,,0,0.26906750827895
0,0,2025,2025-02-23,116,Oberhausen – Wesel III,05,Nordrhein-Westfalen,zweitstimme,193877,155814,154809,1005,0.803674494653827,spd,,,,0.203896414291159,,,,,,,,0,0.0473551279318386,,,,0,0,0.0014857017356872,0.249384725694243,,0,,,,,,0.00698925773049371,,0.00176346336453307,,,,,,,0.0338804591464321,,,0.003623820320524,,,0,,0.0888772616579139,,,,,,,,0.082488744194459,,0,0.00047154881176159,,,0.000639497703621883,,,,,0,,,,0.00196371012021265,0,0,,,,,,,,0,0.251710171889231,0,,0.00364319903881557,,0.0165752637120581,,,,,,0.00474132640867133,0.000510306248344735,,0,0.249384725694243
0,0,2025,2025-02-23,117,Mülheim – Essen I,05,Nordrhein-Westfalen,erststimme,177448,145633,144356,1277,0.820708038411253,spd,,,,0.174152788938458,,,,,,,,0,0,,,,0,0,0,0.288917675746072,,0,,,,,,0,,0,,,,,,,0.0343456454875447,,,0.0164177450192579,,,0,,0.0919947906564327,,,,,,,,0.0682617972235307,,0,0,,,0,,,,,0,,,,0,0,0,,,,,,,,0,0.325909556928704,0,,0,,0,,,,,,0,0,,0,0.288917675746072
0,0,2025,2025-02-23,117,Mülheim – Essen I,05,Nordrhein-Westfalen,zweitstimme,177448,145633,144873,760,0.820708038411253,spd,,,,0.170459643964024,,,,,,,,0,0.0428927405382646,,,,0,0,0.00102158442221808,0.280859787538051,,0,,,,,,0.00608809094862397,,0.00171874676440745,,,,,,,0.0427201756020791,,,0.00503889613661621,,,0,,0.10993766954505,,,,,,,,0.0784135070026851,,0,0.000400350651950329,,,0.000559110393240977,,,,,0,,,,0.00151166884098486,0,0,,,,,,,,0,0.236089540494088,0,,0.00199485066230423,,0.0144264286651067,,,,,,0.00531500003451299,0.000552207795793557,,0,0.280859787538051
0,0,2025,2025-02-23,118,Essen II,05,Nordrhein-Westfalen,erststimme,152295,114166,112923,1243,0.749637217242851,spd,,,,0.230759012778619,,,,,,,,0,0,,,,0,0,0,0.246557388663071,,0,,,,,,0,,0,,,,,,,0.0237595529697227,,,0.0148862499225136,,,0,,0.0824986938002001,,,,,,,,0.0943563313054028,,0,0,,,0.00408242784906529,,,,,0,,,,0,0,0,,,,,,,,0,0.303100342711405,0,,0,,0,,,,,,0,0,,0,0.246557388663071
0,0,2025,2025-02-23,118,Essen II,05,Nordrhein-Westfalen,zweitstimme,152295,114166,113320,846,0.749637217242851,spd,,,,0.219828803388634,,,,,,,,0,0.0555065301800212,,,,0,0,0.00120896576067773,0.223058595128839,,0,,,,,,0.00720967172608542,,0.00142075538298623,,,,,,,0.029650547123191,,,0.00466819625838334,,,0,,0.0897811507236145,,,,,,,,0.106530180021179,,0,0.000582421461348394,,,0.00139428168019767,,,,,0,,,,0.00159724673490999,0,0,,,,,,,,0,0.231530180021179,0,,0.00290328273914578,,0.0165107659724674,,,,,,0.00623896929050477,0.000379456406636075,,0,0.223058595128839
0,0,2025,2025-02-23,119,Essen III,05,Nordrhein-Westfalen,erststimme,186492,157566,156166,1400,0.844894150955537,cdu,,,,0.118867102954548,,,,,,,,0,0,,,,0,0,0,0.357356915077546,,0,,,,,,0,,0,,,,,,,0.0309606444424523,,,0.0112124278011859,,,0,,0.157633543793143,,,,,,,,0.0747089635387985,,0,0,,,0.00243330814645954,,,,,0,,,,0,0,0,,,,,,,,0,0.246827094245867,0,,0,,0,,,,,,0,0,,0,0.357356915077546
0,0,2025,2025-02-23,119,Essen III,05,Nordrhein-Westfalen,zweitstimme,186492,157566,156893,673,0.844894150955537,cdu,,,,0.121286481869809,,,,,,,,0,0.0345203418890582,,,,0,0,0.000796721332373019,0.295660099558298,,0,,,,,,0.00630365918173532,,0.00139585577431753,,,,,,,0.0491417717807678,,,0.00328886566003582,,,0,,0.161364751773502,,,,,,,,0.0903736941737362,,0,0.000382426239539049,,,0.000669245919193336,,,,,0,,,,0.0016890492246308,0,0,,,,,,,,0,0.21150720554773,0,,0.0013257442970687,,0.0117341117831898,,,,,,0.00818392152613565,0.000376052468880065,,0,0.295660099558298
0,0,2025,2025-02-23,120,Recklinghausen I,05,Nordrhein-Westfalen,erststimme,161611,129034,128043,991,0.798423374646528,spd,,,,0.202369516490554,,,,,,,,0,0,,,,0,0,0,0.287989191131104,,0,,,,,,0.0161976835906688,,0,,,,,,,0.0256007747397359,,,0.00855962450114415,,,0,,0.0678365861468413,,,,,,,,0.0589177073326929,,0,0,,,0.00173379255406387,,,,,0,,,,0,0,0,,,,,,,,0,0.330795123513195,0,,0,,0,,,,,,0,0,,0,0.287989191131104
0,0,2025,2025-02-23,120,Recklinghausen I,05,Nordrhein-Westfalen,zweitstimme,161611,129034,128311,723,0.798423374646528,spd,,,,0.201658470435115,,,,,,,,0,0.0440803984069955,,,,0,0,0.0013249058927138,0.273795699511344,,0,,,,,,0.00681936856543866,,0.00202632665944463,,,,,,,0.0357023170265994,,,0.00435660231780596,,,0,,0.0969986984747995,,,,,,,,0.0749896735276009,,0,0.000428646024113287,,,0.000623485125982963,,,,,0,,,,0.0016210613275557,0,0,,,,,,,,0,0.232918455939086,0,,0.00214323012056644,,0.0151584821254608,,,,,,0.0048086290341436,0.000545549485235093,,0,0.273795699511344
0,0,2025,2025-02-23,121,Recklinghausen II,05,Nordrhein-Westfalen,erststimme,182424,147462,146156,1306,0.808347585843968,cdu,,,,0.207771148635704,,,,,,,,0,0,,,,0,0,0.00440625085525055,0.316216918908563,,0,,,,,,0,,0,,,,,,,0.0233928131585429,,,0.0129382303839733,,,0,,0.072347354881086,,,,,,,,0.058163879690194,,0,0,,,0.00244259558280194,,,,,0,,,,0,0,0,,,,,,,,0,0.290470456224856,0,,0,,0,,,,,,0,0,,0.0118503516790279,0.316216918908563
0,0,2025,2025-02-23,121,Recklinghausen II,05,Nordrhein-Westfalen,zweitstimme,182424,147462,146567,895,0.808347585843968,cdu,,,,0.209624267399892,,,,,,,,0,0.0403092101223331,,,,0,0,0.00181486965005765,0.287738713352938,,0,,,,,,0.00506253112910819,,0.00178075555889116,,,,,,,0.0352807930843914,,,0.00539002640430656,,,0,,0.0874753525691322,,,,,,,,0.0663246160459039,,0,0.000388900639298068,,,0.000682281823329945,,,,,0,,,,0.00166476764892507,0,0,,,,,,,,0,0.233838449309872,0,,0.00214918774348933,,0.0155355571172228,,,,,,0.00440071776047814,0.000539002640430656,,0,0.287738713352938
0,0,2025,2025-02-23,122,Gelsenkirchen,05,Nordrhein-Westfalen,erststimme,164673,122676,121453,1223,0.744967298828588,spd,,,,0.257729327394136,,,,,,,,0,0,,,,0,0,0,0.230961771220143,,0,,,,,,0,,0,,,,,,,0.0332474290466271,,,0.0141618568499749,,,0,,0.060756012613933,,,,,,,,0.0843618519097923,,0,0,,,0.00493194898438079,,,,,0,,,,0,0,0,,,,,,,,0,0.313849801981013,0,,0,,0,,,,,,0,0,,0,0.230961771220143
0,0,2025,2025-02-23,122,Gelsenkirchen,05,Nordrhein-Westfalen,zweitstimme,164673,122676,121776,900,0.744967298828588,spd,,,,0.246616738930495,,,,,,,,0,0.0506996452502956,,,,0,0,0.00116607541715937,0.227179411378268,,0,,,,,,0.00562508211798712,,0.00156845355406648,,,,,,,0.0302358428590198,,,0.00514058599395612,,,0,,0.0652345289712259,,,,,,,,0.0943125082117987,,0,0.000821179871238996,,,0.0019626198922612,,,,,0,,,,0.00137137038496912,0,0,,,,,,,,0,0.240950597818946,0,,0.00362961503087636,,0.0193716331625279,,,,,,0.00364603862830114,0.000468072526606228,,0,0.227179411378268
0,0,2025,2025-02-23,123,Steinfurt I – Borken I,05,Nordrhein-Westfalen,erststimme,201685,168635,167573,1062,0.836130599697548,cdu,,,,0.150579150579151,,,,,,,,0,0,,,,0,0,0,0.418122251197985,,0,,,,,,0,,0,,,,,,,0.034462592422407,,,0.015712555125229,,,0,,0.0942872658483169,,,,,,,,0.0598485436197956,,0,0,,,0,,,,,0,,,,0,0,0,,,,,,,,0,0.226987641207116,0,,0,,0,,,,,,0,0,,0,0.418122251197985
0,0,2025,2025-02-23,123,Steinfurt I – Borken I,05,Nordrhein-Westfalen,zweitstimme,201685,168635,167752,883,0.836130599697548,cdu,,,,0.148308216891602,,,,,,,,0,0.0323095998855453,,,,0,0,0.0009955171920454,0.388072869473985,,0,,,,,,0.00498354714101769,,0.00193142257618389,,,,,,,0.0421455481901855,,,0.00668844484715532,,,0,,0.104743907673232,,,,,,,,0.0634031188897897,,0,0.000441127378511136,,,0.000149029519767276,,,,,0,,,,0.00194930611855596,0,0,,,,,,,,0,0.185833849969002,0,,0.00122800324288235,,0.0107837760503601,,,,,,0.00565716057036578,0.000375554389813534,,0,0.388072869473985
0,0,2025,2025-02-23,124,Bottrop – Recklinghausen III,05,Nordrhein-Westfalen,erststimme,195336,157959,156619,1340,0.808652782897162,cdu,,,,0.20986598050045,,,,,,,,0,0,,,,0,0,0,0.316851722971032,,0,,,,,,0.015489819242876,,0,,,,,,,0.0267208959321666,,,0.0115567076791449,,,0,,0.065439059117987,,,,,,,,0.0569981930672524,,0,0,,,0.00160900018516272,,,,,0,,,,0,0,0,,,,,,,,0,0.295468621303929,0,,0,,0,,,,,,0,0,,0,0.316851722971032
0,0,2025,2025-02-23,124,Bottrop – Recklinghausen III,05,Nordrhein-Westfalen,zweitstimme,195336,157959,156977,982,0.808652782897162,cdu,,,,0.208756696840939,,,,,,,,0,0.0427451155264784,,,,0,0,0.00124859055785242,0.292737152576492,,0,,,,,,0.00608369378953605,,0.00151614567739223,,,,,,,0.034540091860591,,,0.00549125031055505,,,0,,0.0838594188957618,,,,,,,,0.0669652242048198,,0,0.000312147639463106,,,0.000624295278926212,,,,,0,,,,0.00156710855730457,0,0,,,,,,,,0,0.231116660402479,0,,0.00199392267657045,,0.0157411595329252,,,,,,0.00421080795275741,0.000490517719156309,,0,0.292737152576492
0,0,2025,2025-02-23,125,Borken II,05,Nordrhein-Westfalen,erststimme,200973,172498,171323,1175,0.858314300925995,cdu,,,,0.129457224073825,,,,,,,,0,0,,,,0,0,0,0.478628088464479,,0,,,,,,0,,0,,,,,,,0.0294356274405655,,,0.0196237516270437,,,0,,0.0962275934929928,,,,,,,,0.05102642377264,,0,0,,,0,,,,,0,,,,0,0,0,,,,,,,,0,0.195601291128453,0,,0,,0,,,,,,0,0,,0,0.478628088464479
0,0,2025,2025-02-23,125,Borken II,05,Nordrhein-Westfalen,zweitstimme,200973,172498,171679,819,0.858314300925995,cdu,,,,0.132974912482016,,,,,,,,0,0.0295027347549788,,,,0,0,0.000996044944343805,0.423726839042632,,0,,,,,,0.00454336290402437,,0.00181734516160975,,,,,,,0.044099744290216,,,0.00787516236697558,,,0,,0.106611757990203,,,,,,,,0.0545087051998206,,0,0.000256292266380862,,,0.000209693672493433,,,,,0,,,,0.00201538918563132,0,0,,,,,,,,0,0.173789455903168,0,,0.00113584072600609,,0.0098090040133039,,,,,,0.00566172915732268,0.000465985938874294,,0,0.423726839042632
0,0,2025,2025-02-23,126,Coesfeld – Steinfurt II,05,Nordrhein-Westfalen,erststimme,194072,169671,168529,1142,0.874268312791129,cdu,,,,0.122323160998997,,,,,,,,0,0,,,,0,0,0,0.455820659945766,,0,,,,,,0,,0,,,,,,,0.0316740738982608,,,0,,,0,,0.127995775207828,,,,,,,,0.0457369354829139,,0,0,,,0,,,,,0,,,,0,0,0,,,,,,,,0,0.202647615543912,0,,0,,0,,,,,,0.013801778922322,0,,0,0.455820659945766
0,0,2025,2025-02-23,126,Coesfeld – Steinfurt II,05,Nordrhein-Westfalen,zweitstimme,194072,169671,168923,748,0.874268312791129,cdu,,,,0.126495503868627,,,,,,,,0,0.028273236918596,,,,0,0,0.000970856544105894,0.401905009974959,,0,,,,,,0.00459972887055049,,0.00160428124056523,,,,,,,0.0423802560930128,,,0.00453461044381168,,,0,,0.135215453194651,,,,,,,,0.0545870011780515,,0,0.000159836138358897,,,0.000106557425572598,,,,,0,,,,0.00204827051378439,0,0,,,,,,,,0,0.178963196249179,0,,0.00104781468479722,,0.00985064200848907,,,,,,0.00676639652385998,0.000491348129029203,,0,0.401905009974959
0,0,2025,2025-02-23,127,Steinfurt III,05,Nordrhein-Westfalen,erststimme,194178,165562,164468,1094,0.85263006107798,cdu,,,,0.154948075005472,,,,,,,,0,0,,,,0,0,0,0.378511321351266,,0,,,,,,0,,0,,,,,,,0.029634944183671,,,0,,,0,,0.117852712989761,,,,,,,,0.0599995135831894,,0,0,,,0,,,,,0,,,,0,0,0,,,,,,,,0,0.251702458836977,0,,0,,0,,,,,,0,0,,0.00735097404966316,0.378511321351266
0,0,2025,2025-02-23,127,Steinfurt III,05,Nordrhein-Westfalen,zweitstimme,194178,165562,164689,873,0.85263006107798,cdu,,,,0.151552319827068,,,,,,,,0,0.0362440721602536,,,,0,0,0.00105653686645738,0.33122430763439,,0,,,,,,0.0052219638227204,,0.00199163271378173,,,,,,,0.0399055188871145,,,0.004845496663408,,,0,,0.120870246343107,,,,,,,,0.0644366047519871,,0,0.000273242293049323,,,0.000133585121046336,,,,,0,,,,0.00162123760542599,0,0,,,,,,,,0,0.221496274796738,0,,0.00172446247168906,,0.0108264668557099,,,,,,0.00605383480378167,0.00052219638227204,,0,0.33122430763439
0,0,2025,2025-02-23,128,Münster,05,Nordrhein-Westfalen,erststimme,237654,207991,206815,1176,0.875184091157734,gruene,,,,0.0649179218141818,,,,,,,,0,0,,,,0,0,0,0.28525977322728,,0,,,,,,0.0127747020283829,,0,,,,,,,0.0327780866958393,,,0,,,0,,0.312008316611464,,,,,,,,0.0680946739839954,,0,0,,,0,,,,,0,,,,0,0,0,,,,,,,,0,0.205753934675918,0,,0,,0,,,,,,0.0184125909629379,0,,0,0.28525977322728
0,0,2025,2025-02-23,128,Münster,05,Nordrhein-Westfalen,zweitstimme,237654,207991,207223,768,0.875184091157734,gruene,,,,0.0685734691612418,,,,,,,,0,0.026662098319202,,,,0,0,0.000617692051557984,0.257273565193053,,0,,,,,,0.00507183082958938,,0.000998923864628926,,,,,,,0.0464668497222799,,,0.00196889341434107,,,0,,0.266109456961824,,,,,,,,0.125116420474561,,0,0.000448791881210097,,,0.000125468697972715,,,,,0,,,,0.00146219290329741,0,0,,,,,,,,0,0.180660447923252,0,,0.000772115064447479,,0.00656780376695637,,,,,,0.0108192623405703,0.000284717430015008,,0,0.257273565193053
0,0,2025,2025-02-23,129,Warendorf,05,Nordrhein-Westfalen,erststimme,207690,175926,174527,1399,0.847060522894699,cdu,,,,0.160061193969987,,,,,,,,0,0,,,,0,0,0,0.416669054071863,,0,,,,,,0,,0,,,,,,,0.0293307052776934,,,0.0215897826697302,,,0,,0.108521890595724,,,,,,,,0.0561403106682634,,0,0,,,0,,,,,0,,,,0,0,0,,,,,,,,0,0.207687062746738,0,,0,,0,,,,,,0,0,,0,0.416669054071863
0,0,2025,2025-02-23,129,Warendorf,05,Nordrhein-Westfalen,zweitstimme,207690,175926,174928,998,0.847060522894699,cdu,,,,0.159808606969725,,,,,,,,0,0.0361005670904601,,,,0,0,0.00113189426506906,0.366390743620232,,0,,,,,,0.00470479282904967,,0.00205798957285283,,,,,,,0.0407767767309979,,,0.0077574773621147,,,0,,0.112703512302204,,,,,,,,0.0625743162901308,,0,0.000251532058904235,,,0.000160065855666331,,,,,0,,,,0.00175500777462728,0,0,,,,,,,,0,0.18597937437117,0,,0.00143487606329461,,0.0102499314003476,,,,,,0.00565947132534529,0.00050306411780847,,0,0.366390743620232
0,0,2025,2025-02-23,130,Gütersloh I,05,Nordrhein-Westfalen,erststimme,232757,192669,190902,1767,0.827768874835128,cdu,,,,0.171150642738159,,,,,,,,0,0,,,,0,0,0,0.415778776545034,,0,,,,,,0,,0,,,,,,,0.031125918010288,,,0.0130381033200281,,,0,,0.0904547883207091,,,,,,,,0.0549444217451886,,0,0,,,0,,,,,0,,,,0,0,0,,,,,,,,0,0.210731160490723,0,,0,,0,,,,,,0.0102984777529832,0,,0.00247771107688762,0.415778776545034
0,0,2025,2025-02-23,130,Gütersloh I,05,Nordrhein-Westfalen,zweitstimme,232757,192669,191372,1297,0.827768874835128,cdu,,,,0.183475116526974,,,,,,,,0,0.042143051230065,,,,0,0,0.00120184771021884,0.33391509729741,,0,,,,,,0.00499550613464875,,0.00222080555149134,,,,,,,0.0442959262588048,,,0.0058733775055912,,,0,,0.115946951487156,,,,,,,,0.0639539744581234,,0,0.000282172940660076,,,0.000156762744811153,,,,,0,,,,0.00166168509499822,0,0,,,,,,,,0,0.18113412620446,0,,0.00168781221913342,,0.00997011056998934,,,,,,0.00642204711243024,0.000663628953033882,,0,0.33391509729741
0,0,2025,2025-02-23,131,Bielefeld – Gütersloh II,05,Nordrhein-Westfalen,erststimme,240475,196973,195394,1579,0.819099698513359,spd,,,,0.143274614368916,,,,,,,,0,0,,,,0,0,0,0.259690676274604,,0,,,,,,0.0158193189146033,,0,,,,,,,0.0303489359959876,,,0,,,0,,0.160056091794016,,,,,,,,0.101343951196045,,0,0,,,0,,,,,0,,,,0,0,0,,,,,,,,0,0.27191213650368,0,,0.0079224541183455,,0,,,,,,0.00963182083380247,0,,0,0.259690676274604
0,0,2025,2025-02-23,131,Bielefeld – Gütersloh II,05,Nordrhein-Westfalen,zweitstimme,240475,196973,195884,1089,0.819099698513359,spd,,,,0.143671764922097,,,,,,,,0,0.0455269445181842,,,,0,0,0.00107206305772804,0.233372812480856,,0,,,,,,0.00696330481305262,,0.00209818055583917,,,,,,,0.0416981478834412,,,0.00263931714688285,,,0,,0.165271283004227,,,,,,,,0.131761654856956,,0,0.00050029609360642,,,0.000306303730779441,,,,,0,,,,0.00166935533274795,0,0,,,,,,,,0,0.203380572175369,0,,0.00304772212125544,,0.00977108901186416,,,,,,0.00661616058483592,0.000633027710277511,,0,0.233372812480856
0,0,2025,2025-02-23,132,Herford – Minden-Lübbecke II,05,Nordrhein-Westfalen,erststimme,223060,181750,180095,1655,0.814803191966287,cdu,,,,0.212893195258058,,,,,,,,0,0,,,,0,0,0,0.301246564313279,,0,,,,,,0.0153363502595852,,0,,,,,,,0.0325772508953608,,,0.0123379327577112,,,0,,0.0716233099197646,,,,,,,,0.059635192537272,,0,0,,,0,,,,,0,,,,0,0,0,,,,,,,,0,0.291934812182459,0,,0,,0,,,,,,0,0.00241539187650962,,0,0.301246564313279
0,0,2025,2025-02-23,132,Herford – Minden-Lübbecke II,05,Nordrhein-Westfalen,zweitstimme,223060,181750,180534,1216,0.814803191966287,cdu,,,,0.212885107514374,,,,,,,,0,0.0482512989243024,,,,0,0,0.00137370246047836,0.277665148947013,,0,,,,,,0.00628136528299379,,0.00247598790255575,,,,,,,0.0412609259197713,,,0.00622597405474869,,,0,,0.0969789624115125,,,,,,,,0.0711943456634207,,0,0.000160634561910776,,,0.000210486667331361,,,,,0,,,,0.00165619772452834,0,0,,,,,,,,0,0.214923504713794,0,,0.00152879789956463,,0.01163215793147,,,,,,0.00425958545204781,0.00103581596818328,,0,0.277665148947013
0,0,2025,2025-02-23,133,Minden-Lübbecke I,05,Nordrhein-Westfalen,erststimme,199147,163423,161692,1731,0.820614922645081,cdu,,,,0.218928580263711,,,,,,,,0,0,,,,0,0,0,0.321444474680256,,0,,,,,,0,,0,,,,,,,0.0335947356702867,,,0.0183991786854019,,,0,,0.0928184449447097,,,,,,,,0.0560386413675383,,0,0,,,0,,,,,0,,,,0,0,0,,,,,,,,0,0.246957177844297,0,,0,,0,,,,,,0.00770600895529773,0.0041127575885016,,0,0.321444474680256
0,0,2025,2025-02-23,133,Minden-Lübbecke I,05,Nordrhein-Westfalen,zweitstimme,199147,163423,162219,1204,0.820614922645081,cdu,,,,0.217508429961965,,,,,,,,0,0.0447481491070713,,,,0,0,0.00139317835765231,0.274899980890031,,0,,,,,,0.00602272236914295,,0.00281717924534117,,,,,,,0.0418200087535985,,,0.00808783188159217,,,0,,0.0948039378864375,,,,,,,,0.0663362491446748,,0,0.0002219222162632,,,0.000154112650182778,,,,,0,,,,0.00186168081420795,0,0,,,,,,,,0,0.221466042818659,0,,0.00141167187567424,,0.0109235046449553,,,,,,0.00392062582064986,0.00160277156190089,,0,0.274899980890031
0,0,2025,2025-02-23,134,Lippe I,05,Nordrhein-Westfalen,erststimme,221604,182679,180757,1922,0.82434883846862,cdu,,,,0.218121566523012,,,,,,,,0,0,,,,0,0,0,0.313348860625038,,0,,,,,,0,,0,,,,,,,0.0302837511133732,,,0.0213380394673512,,,0,,0.121217988791582,,,,,,,,0.060279823188037,,0,0,,,0,,,,,0,,,,0,0,0,,,,,,,,0,0.235409970291607,0,,0,,0,,,,,,0,0,,0,0.313348860625038
0,0,2025,2025-02-23,134,Lippe I,05,Nordrhein-Westfalen,zweitstimme,221604,182679,181355,1324,0.82434883846862,cdu,,,,0.21789859667503,,,,,,,,0,0.0444928455239723,,,,0,0,0.00134542747649637,0.271313170301343,,0,,,,,,0.00583937580987566,,0.00317057704502219,,,,,,,0.042529844779576,,,0.00794022773014254,,,0,,0.106117835185134,,,,,,,,0.0679551156571366,,0,0.000281216398775882,,,0.0001819635521491,,,,,0,,,,0.00178655123928207,0,0,,,,,,,,0,0.209125747842629,0,,0.00172038267486422,,0.0124341760635218,,,,,,0.0045490888037275,0.00131785724132227,,0,0.271313170301343
0,0,2025,2025-02-23,135,Höxter – Gütersloh III – Lippe II,05,Nordrhein-Westfalen,erststimme,169491,141885,140437,1448,0.837124095084695,cdu,,,,0.205458675420295,,,,,,,,0,0,,,,0,0,0,0.431374922563142,,0,,,,,,0,,0,,,,,,,0.0312666889779759,,,0.0176734051567607,,,0,,0.0746384499811303,,,,,,,,0.0528421997052059,,0,0,,,0,,,,,0,,,,0,0,0,,,,,,,,0,0.18674565819549,0,,0,,0,,,,,,0,0,,0,0.431374922563142
0,0,2025,2025-02-23,135,Höxter – Gütersloh III – Lippe II,05,Nordrhein-Westfalen,zweitstimme,169491,141885,140779,1106,0.837124095084695,cdu,,,,0.20631628296834,,,,,,,,0,0.03951583687908,,,,0,0,0.00148459642418258,0.364543007124642,,0,,,,,,0.00498653918553193,,0.00283422953707584,,,,,,,0.0431598462838918,,,0.00757925542872161,,,0,,0.0835138763594002,,,,,,,,0.0561518408285327,,0,0.00020599663302055,,,0.000120756646943081,,,,,0,,,,0.00171900638589562,0,0,,,,,,,,0,0.169634675626336,0,,0.00154852641374069,,0.0118554613969413,,,,,,0.00369373273002365,0.00113653314769959,,0,0.364543007124642
0,0,2025,2025-02-23,136,Paderborn,05,Nordrhein-Westfalen,erststimme,231585,192337,190870,1467,0.830524429475139,cdu,,,,0.182993660606696,,,,,,,,0,0,,,,0,0,0,0.454932676690942,,0,,,,,,0.0177712579242416,,0,,,,,,,0.0237229527950961,,,0,,,0,,0.105532561429245,,,,,,,,0.0626028186723948,,0,0,,,0,,,,,0,,,,0,0,0,,,,,,,,0,0.152444071881385,0,,0,,0,,,,,,0,0,,0,0.454932676690942
0,0,2025,2025-02-23,136,Paderborn,05,Nordrhein-Westfalen,zweitstimme,231585,192337,191265,1072,0.830524429475139,cdu,,,,0.189438736831098,,,,,,,,0,0.0395629100985544,,,,0,0,0.00118160667137218,0.373162889185162,,0,,,,,,0.00612239562910099,,0.00266645753274253,,,,,,,0.0420829738844012,,,0.00348730818497896,,,0,,0.115013201578961,,,,,,,,0.0708441168012966,,0,0.000214362272240086,,,0.000141165398792252,,,,,0,,,,0.00146393746895668,0,0,,,,,,,,0,0.137547381904687,0,,0.00148485086137035,,0.00976132590907903,,,,,,0.00511855279324497,0.000705826993961258,,0,0.373162889185162
0,0,2025,2025-02-23,137,Hagen – Ennepe-Ruhr-Kreis I,05,Nordrhein-Westfalen,erststimme,195958,154267,152872,1395,0.78724522601782,cdu,,,,0.213531581977079,,,,,,,,0,0.0426173530797007,,,,0,0,0,0.288934533465906,,0,,,,,,0,,0,,,,,,,0.0341200481448532,,,0.0116698937673348,,,0,,0.0823172327175676,,,,,,,,0.0594942173844785,,0,0,,,0.00151760950337537,,,,,0,,,,0,0,0,,,,,,,,0,0.256345177664975,0,,0.00945235229473023,,0,,,,,,0,0,,0,0.288934533465906
0,0,2025,2025-02-23,137,Hagen – Ennepe-Ruhr-Kreis I,05,Nordrhein-Westfalen,zweitstimme,195958,154267,153295,972,0.78724522601782,cdu,,,,0.209361035911152,,,,,,,,0,0.0482664144296944,,,,0,0,0.00121987018493754,0.283629603052937,,0,,,,,,0.00525783619817998,,0.00198310447177012,,,,,,,0.0385531165400046,,,0.00508170520891092,,,0,,0.0880198310447177,,,,,,,,0.0776541961577351,,0,0.000345738608565185,,,0.000593626667536449,,,,,0,,,,0.00151994520369223,0,0,,,,,,,,0,0.213803450862716,0,,0.00418148015264686,,0.0154473400958935,,,,,,0.00439675136175348,0.000684953847157442,,0,0.283629603052937
0,0,2025,2025-02-23,138,Ennepe-Ruhr-Kreis II,05,Nordrhein-Westfalen,erststimme,170960,142858,141685,1173,0.835622367805335,cdu,,,,0.165776193669055,,,,,,,,0,0,,,,0,0,0.0041288774393902,0.308960016938984,,0,,,,,,0.0150121748950136,,0,,,,,,,0.030101986801708,,,0.00993753749514769,,,0,,0.102953735398948,,,,,,,,0.06081801178671,,0,0,,,0.00181388290927056,,,,,0,,,,0,0,0,,,,,,,,0,0.300497582665773,0,,0,,0,,,,,,0,0,,0,0.308960016938984
0,0,2025,2025-02-23,138,Ennepe-Ruhr-Kreis II,05,Nordrhein-Westfalen,zweitstimme,170960,142858,142041,817,0.835622367805335,cdu,,,,0.167648777465661,,,,,,,,0,0.0400377355833879,,,,0,0,0.00171077364986166,0.273188727198485,,0,,,,,,0.00668116952147619,,0.00218950866299167,,,,,,,0.0407417576615203,,,0.00473102836504953,,,0,,0.125407452777719,,,,,,,,0.0750487535289107,,0,0.000288649052034272,,,0.000844826493758844,,,,,0,,,,0.00176005519533093,0,0,,,,,,,,0,0.237466646954048,0,,0.00161925077970445,,0.0146436592251533,,,,,,0.00552657331333911,0.000464654571567364,,0,0.273188727198485
0,0,2025,2025-02-23,139,Bochum I,05,Nordrhein-Westfalen,erststimme,200128,163505,162128,1377,0.817002118644068,spd,,,,0.140611122076384,,,,,,,,0,0,,,,0,0,0.0064763643540906,0.24625604460673,,0,,,,,,0.017239465113984,,0,,,,,,,0.0288660811210895,,,0,,,0,,0.136811654988651,,,,,,,,0.0942033455047863,,0,0,,,0.00259054574163624,,,,,0,,,,0,0,0,,,,,,,,0,0.326945376492648,0,,0,,0,,,,,,0,0,,0,0.24625604460673
0,0,2025,2025-02-23,139,Bochum I,05,Nordrhein-Westfalen,zweitstimme,200128,163505,162631,874,0.817002118644068,spd,,,,0.138245475954769,,,,,,,,0,0.0391930197809766,,,,0,0,0.00197994232341927,0.235238054245501,,0,,,,,,0.00662850256101235,,0.00154337118999453,,,,,,,0.0365305507560059,,,0.00293302014990992,,,0,,0.14893224538987,,,,,,,,0.120844119509811,,0,0.000436571133424747,,,0.000811653374817839,,,,,0,,,,0.00165405119565151,0,0,,,,,,,,0,0.242044874593405,0,,0.00208447343987309,,0.013269302900431,,,,,,0.00720649814610991,0.000424273355018416,,0,0.235238054245501
0,0,2025,2025-02-23,140,Herne – Bochum II,05,Nordrhein-Westfalen,erststimme,170434,132167,130681,1486,0.775473203703486,spd,,,,0.214935606553363,,,,,,,,0,0,,,,0,0,0.00886892509240058,0.237463747599115,,0,,,,,,0,,0,,,,,,,0.0225587499330431,,,0,,,0,,0.0850238366709774,,,,,,,,0.0832408689863102,,0,0,,,0.00280071318707387,,,,,0,,,,0,0,0,,,,,,,,0,0.335412186928475,0,,0,,0,,,,,,0.00969536504924205,0,,0,0.237463747599115
0,0,2025,2025-02-23,140,Herne – Bochum II,05,Nordrhein-Westfalen,zweitstimme,170434,132167,131164,1003,0.775473203703486,spd,,,,0.209302857491385,,,,,,,,0,0.0465829038455674,,,,0,0,0.00228721295477418,0.227501448568205,,0,,,,,,0.00603824220060383,,0.00174590588881095,,,,,,,0.0296804001097862,,,0.003690036900369,,,0,,0.0893461620566619,,,,,,,,0.0958799670641334,,0,0.000465066634137416,,,0.00112835839102193,,,,,0,,,,0.00186789057973224,0,0,,,,,,,,0,0.258523680278125,0,,0.00222622060931353,,0.017741148485865,,,,,,0.00539782257326706,0.000594675368241286,,0,0.227501448568205
0,0,2025,2025-02-23,141,Dortmund I,05,Nordrhein-Westfalen,erststimme,203655,165438,164087,1351,0.812344405980703,spd,,,,0.158799904928483,,,,,,,,0,0,,,,0,0,0,0.237246095059328,,0,,,,,,0.0186059834112392,,0,,,,,,,0.0296001511393346,,,0,,,0,,0.140132978237155,,,,,,,,0.0917074478782597,,0,0,,,0.00244382553157776,,,,,0,,,,0,0,0,,,,,,,,0,0.306300925728425,0,,0,,0,,,,,,0.0115121856088538,0,,0.00365050247734434,0.237246095059328
0,0,2025,2025-02-23,141,Dortmund I,05,Nordrhein-Westfalen,zweitstimme,203655,165438,164495,943,0.812344405980703,spd,,,,0.157159792090945,,,,,,,,0,0.0431076932429557,,,,0,0,0.00111249582054166,0.220955044226268,,0,,,,,,0.00836499589653181,,0.00177512994315937,,,,,,,0.0359463813489772,,,0.00289370497583513,,,0,,0.153074561536825,,,,,,,,0.11830146812973,,0,0.000559287516337883,,,0.000741663880361105,,,,,0,,,,0.00156843673059971,0,0,,,,,,,,0,0.230165050609441,0,,0.00210340739840117,,0.0147420894252105,,,,,,0.00689990577221192,0.000528891455667346,,0,0.220955044226268
0,0,2025,2025-02-23,142,Dortmund II,05,Nordrhein-Westfalen,erststimme,195508,154308,152770,1538,0.789266935368374,spd,,,,0.184853047064214,,,,,,,,0,0,,,,0,0,0,0.248026444982654,,0,,,,,,0.0229298946128167,,0,,,,,,,0.0264908031681613,,,0,,,0,,0.103043791320285,,,,,,,,0.0902925967140145,,0,0,,,0,,,,,0,,,,0,0,0,,,,,,,,0,0.324363422137854,0,,0,,0,,,,,,0,0,,0,0.248026444982654
0,0,2025,2025-02-23,142,Dortmund II,05,Nordrhein-Westfalen,zweitstimme,195508,154308,153330,978,0.789266935368374,spd,,,,0.179984347485815,,,,,,,,0,0.047805387073632,,,,0,0,0.00114785104024001,0.234950759799126,,0,,,,,,0.00813278549533685,,0.00215222070045001,,,,,,,0.0352572882019174,,,0.0032022435270332,,,0,,0.11276984282267,,,,,,,,0.101845692297659,,0,0.000508706711015457,,,0.000521750472836366,,,,,0,,,,0.00147394508576273,0,0,,,,,,,,0,0.244642274832062,0,,0.00240005217504728,,0.017230809365421,,,,,,0.0055566425357073,0.000417400378269093,,0,0.234950759799126
0,0,2025,2025-02-23,143,Unna I,05,Nordrhein-Westfalen,erststimme,190464,157467,156059,1408,0.826754662298387,spd,,,,0.18627570341986,,,,,,,,0,0,,,,0,0,0.00847756297297817,0.298021901972972,,0,,,,,,0,,0,,,,,,,0.0254647280836094,,,0,,,0,,0.0900877232328799,,,,,,,,0.0608167423858925,,0,0,,,0,,,,,0,,,,0,0,0,,,,,,,,0,0.318373179374467,0,,0,,0,,,,,,0.0124824585573405,0,,0,0.298021901972972
0,0,2025,2025-02-23,143,Unna I,05,Nordrhein-Westfalen,zweitstimme,190464,157467,156495,972,0.826754662298387,spd,,,,0.187897376913,,,,,,,,0,0.0401674174893767,,,,0,0,0.0020959136074635,0.273778714974919,,0,,,,,,0.00589795201124637,,0.00184670436755168,,,,,,,0.0347423240359117,,,0.00457522604556056,,,0,,0.104003322789865,,,,,,,,0.0720086903734944,,0,0.000287549122975175,,,0.00034505894757021,,,,,0,,,,0.00146330553691811,0,0,,,,,,,,0,0.246896066966996,0,,0.00156554522508706,,0.0159046614907825,,,,,,0.00605770152401035,0.000466468577270839,,0,0.273778714974919
0,0,2025,2025-02-23,144,Hamm – Unna II,05,Nordrhein-Westfalen,erststimme,227760,181924,180238,1686,0.798753073410608,spd,,,,0.21542626971005,,,,,,,,0,0,,,,0,0,0,0.300635825963448,,0,,,,,,0,,0,,,,,,,0.0265537788923534,,,0,,,0,,0.0636713678580544,,,,,,,,0.0713778448495878,,0,0,,,0,,,,,0,,,,0,0,0,,,,,,,,0,0.322334912726506,0,,0,,0,,,,,,0,0,,0,0.300635825963448
0,0,2025,2025-02-23,144,Hamm – Unna II,05,Nordrhein-Westfalen,zweitstimme,227760,181924,180779,1145,0.798753073410608,spd,,,,0.210715846420215,,,,,,,,0,0.0457243374506995,,,,0,0,0.0011837658135071,0.283545102030656,,0,,,,,,0.00522184545771356,,0.00179224356811355,,,,,,,0.0337317940690014,,,0.00409339580371614,,,0,,0.0817406889074505,,,,,,,,0.0749257380558583,,0,0.000531035131292905,,,0.000248922717793549,,,,,0,,,,0.00165395316933936,0,0,,,,,,,,0,0.23149259593205,0,,0.00281559251904259,,0.0153115129522788,,,,,,0.00481803749329292,0.000453592507979356,,0,0.283545102030656
0,0,2025,2025-02-23,145,Soest,05,Nordrhein-Westfalen,erststimme,229384,190466,189021,1445,0.83033690231228,cdu,,,,0.194301162304717,,,,,,,,0,0,,,,0,0,0,0.372905655985314,,0,,,,,,0,,0,,,,,,,0.0394083197105084,,,0.0134217891133789,,,0,,0.0959311399262516,,,,,,,,0.0589564122504907,,0,0,,,0,,,,,0,,,,0,0,0,,,,,,,,0,0.225075520709339,0,,0,,0,,,,,,0,0,,0,0.372905655985314
0,0,2025,2025-02-23,145,Soest,05,Nordrhein-Westfalen,zweitstimme,229384,190466,189470,996,0.83033690231228,cdu,,,,0.189069509684911,,,,,,,,0,0.0390879822663218,,,,0,0,0.00122446825354937,0.35024542143875,,0,,,,,,0.00534649284847205,,0.00276033145088932,,,,,,,0.0405393993772101,,,0.00531482556605267,,,0,,0.100480287116694,,,,,,,,0.0611020214281944,,0,0.000237504618145353,,,0.000184725814113052,,,,,0,,,,0.00185253602153375,0,0,,,,,,,,0,0.183849685966116,0,,0.00142502770887212,,0.011975510634929,,,,,,0.0047923154061329,0.000511954399113316,,0,0.35024542143875
0,0,2025,2025-02-23,146,Hochsauerlandkreis,05,Nordrhein-Westfalen,erststimme,196716,165006,163998,1008,0.838803147684988,cdu,,,,0.159069013036744,,,,,,,,0,0,,,,0,0,0,0.477194843839559,,0,,,,,,0,,0,,,,,,,0.0251222575885072,,,0.0169087427895462,,,0,,0.0611226966182514,,,,,,,,0.0466773985048598,,0,0,,,0,,,,,0,,,,0,0,0,,,,,,,,0,0.213905047622532,0,,0,,0,,,,,,0,0,,0,0.477194843839559
0,0,2025,2025-02-23,146,Hochsauerlandkreis,05,Nordrhein-Westfalen,zweitstimme,196716,165006,164184,822,0.838803147684988,cdu,,,,0.167208741412074,,,,,,,,0,0.0323661258100668,,,,0,0,0.00111460312819763,0.43618135750134,,0,,,,,,0.00553038054865273,,0.00204648443210057,,,,,,,0.0379878672708668,,,0.00696779223310432,,,0,,0.0732409979047897,,,,,,,,0.0534339521512449,,0,0.000170540369341714,,,0.000164449641865224,,,,,0,,,,0.00129732495249233,0,0,,,,,,,,0,0.163688300930663,0,,0.0013704136822102,,0.011925644398967,,,,,,0.00478122106904449,0.000523802562978122,,0,0.43618135750134
0,0,2025,2025-02-23,147,Siegen-Wittgenstein,05,Nordrhein-Westfalen,erststimme,202346,168074,166792,1282,0.830626748243108,cdu,,,,0.204674085088014,,,,,,,,0,0,,,,0,0,0,0.340705789246487,,0,,,,,,0.0130641757398436,,0,,,,,,,0.0317761043695141,,,0.0140534318192719,,,0,,0.0748597055014629,,,,,,,,0.0643616000767423,,0,0,,,0,,,,,0,,,,0,0,0,,,,,,,,0,0.244759940524725,0,,0,,0,,,,,,0.00772219291093098,0.0040229747230083,,0,0.340705789246487
0,0,2025,2025-02-23,147,Siegen-Wittgenstein,05,Nordrhein-Westfalen,zweitstimme,202346,168074,167212,862,0.830626748243108,cdu,,,,0.20277850871947,,,,,,,,0,0.0450087314307586,,,,0,0,0.0012499102935196,0.315569456737555,,0,,,,,,0.00600435375451523,,0.0024938401550128,,,,,,,0.0396502643350956,,,0.00775662033825324,,,0,,0.0857474343946607,,,,,,,,0.0723572470875296,,0,0.000257158577135612,,,0.000161471664713059,,,,,0,,,,0.00133363634188934,0,0,,,,,,,,0,0.199238092959835,0,,0.00145922541444394,,0.0114226251704423,,,,,,0.00553189962442887,0.00197952300074157,,0,0.315569456737555
0,0,2025,2025-02-23,148,Olpe – Märkischer Kreis I,05,Nordrhein-Westfalen,erststimme,198932,163294,161932,1362,0.820853356925985,cdu,,,,0.19982461774078,,,,,,,,0,0,,,,0,0,0,0.421417632092483,,0,,,,,,0,,0,,,,,,,0.0348911888941037,,,0.0129807573549391,,,0,,0.0629338240743028,,,,,,,,0.0508299780154633,,0,0,,,0,,,,,0,,,,0,0,0,,,,,,,,0,0.207741521132327,0,,0,,0,,,,,,0,0,,0.00938048069560062,0.421417632092483
0,0,2025,2025-02-23,148,Olpe – Märkischer Kreis I,05,Nordrhein-Westfalen,zweitstimme,198932,163294,162307,987,0.820853356925985,cdu,,,,0.205098979095172,,,,,,,,0,0.0409224494322488,,,,0,0,0.00134313369109157,0.388874170553334,,0,,,,,,0.00436210391418731,,0.00253223828916806,,,,,,,0.0395300264313924,,,0.00616732488432415,,,0,,0.0721841941505912,,,,,,,,0.0548405182770922,,0,0.000283413531147763,,,0.000203318402779917,,,,,0,,,,0.00154029093015089,0,0,,,,,,,,0,0.164429137375467,0,,0.00155261325759209,,0.0116754052505437,,,,,,0.0036412477588767,0.000819434774840272,,0,0.388874170553334
0,0,2025,2025-02-23,149,Märkischer Kreis II,05,Nordrhein-Westfalen,erststimme,191152,153042,151800,1242,0.800629865238135,cdu,,,,0.208550724637681,,,,,,,,0,0,,,,0,0,0.00868247694334651,0.388458498023715,,0,,,,,,0,,0,,,,,,,0.0301581027667984,,,0,,,0,,0.065072463768116,,,,,,,,0.0653293807641634,,0,0,,,0,,,,,0,,,,0,0,0,,,,,,,,0,0.227417654808959,0,,0,,0,,,,,,0,0,,0.00633069828722003,0.388458498023715
0,0,2025,2025-02-23,149,Märkischer Kreis II,05,Nordrhein-Westfalen,zweitstimme,191152,153042,152148,894,0.800629865238135,cdu,,,,0.213430344138602,,,,,,,,0,0.0430699056182139,,,,0,0,0.00254357599179746,0.340359386912743,,0,,,,,,0.00460735599547809,,0.00274075242527013,,,,,,,0.0396127454846597,,,0.00427215605857455,,,0,,0.0751505113442175,,,,,,,,0.067611799037779,,0,0.000361490128033231,,,0.000243184267949628,,,,,0,,,,0.00150511344217472,0,0,,,,,,,,0,0.182637957777953,0,,0.00214922312485212,,0.0154389147409102,,,,,,0.00358861108920262,0.000676972421589505,,0,0.340359386912743
0,0,2025,2025-02-23,150,Nordsachsen,14,Sachsen,erststimme,158475,126905,125726,1179,0.800788767944471,afd,,,,0.437650128056249,,,,,,,,0,0,,,,0,0,0.00757997550228274,0.249733547555796,,0,,,,,,0.0121136439559041,,0,,,,,,,0.0213480107535434,,,0.0564083801282153,,,0,,0.0245772553012106,,,,,,,,0.0835308528068975,,0,0,,,0,,,,,0,,,,0,0,0,,,,,,,,0,0.0998520592399345,0,,0,,0,,,,,,0.00720614669996659,0,,0,0.249733547555796
0,0,2025,2025-02-23,150,Nordsachsen,14,Sachsen,zweitstimme,158475,126905,126054,851,0.800788767944471,afd,,,,0.427681787170578,,,,,,,,0,0.0868278674218986,,,,0,0,0.00277658781157282,0.207617370333349,,0,,,,,,0.00529138305805449,,0,,,,,,,0.0318276294286576,,,0.0218398464150285,,,0,,0.0341758294064449,,,,,,,,0.0799736620813302,,0,0,,,0.00041252161771939,,,,,0,,,,0,0.00082504323543878,0.00137242768972028,,,,,,,,0,0.0837736208291685,0,,0,,0.0117727323210688,,,,,,0.00383169117997049,0,,0,0.207617370333349
0,0,2025,2025-02-23,151,Leipzig I,14,Sachsen,erststimme,225020,183932,182962,970,0.817402897520221,afd,,,,0.249942611033985,,,,,,,,0,0.0640952766148162,,,,0,0,0.00208786523977657,0.21472218274833,,0,,,,,,0.0124561384331173,,0,,,,,,,0.0209223773242531,,,0.0119478361627005,,,0,,0.0754036357276374,,,,,,,,0.215219553787125,,0,0,,,0.00158502858517069,,,,,0,,,,0,0,0,,,,,,,,0,0.117357702692362,0,,0,,0,,,,,,0.00988729900197855,0,,0.00437249264874674,0.21472218274833
0,0,2025,2025-02-23,151,Leipzig I,14,Sachsen,zweitstimme,225020,183932,183000,932,0.817402897520221,afd,,,,0.252939890710383,,,,,,,,0,0.0776338797814208,,,,0,0,0.00168852459016393,0.174322404371585,,0,,,,,,0.00773224043715847,,0,,,,,,,0.0318360655737705,,,0.00915300546448087,,,0,,0.107907103825137,,,,,,,,0.210453551912568,,0,0,,,0.000770491803278689,,,,,0,,,,0,0.00109289617486339,0.00186338797814208,,,,,,,,0,0.100852459016393,0,,0,,0.0132841530054645,,,,,,0.00846994535519126,0,,0,0.174322404371585
0,0,2025,2025-02-23,152,Leipzig II,14,Sachsen,erststimme,232750,195980,195163,817,0.842019334049409,linke_pds,,,,0.187274227184456,,,,,,,,0,0.0518182237411804,,,,0,0,0.00201882528962969,0.160225042656651,,0,,,,,,0.0105450315889795,,0,,,,,,,0.0204290772328771,,,0.0102734637200699,,,0,,0.102242740683429,,,,,,,,0.367953966684259,,0,0,,,0,,,,,0,,,,0,0.00208543627634336,0,,,,,,,,0,0.0851339649421253,0,,0,,0,,,,,,0,0,,0,0.160225042656651
0,0,2025,2025-02-23,152,Leipzig II,14,Sachsen,zweitstimme,232750,195980,195243,737,0.842019334049409,linke_pds,,,,0.186562386359562,,,,,,,,0,0.0707989530994709,,,,0,0,0.00172093237657688,0.157511408859729,,0,,,,,,0.00750347003477718,,0,,,,,,,0.0313967722274294,,,0.00759054101811589,,,0,,0.162448845797289,,,,,,,,0.239158382118693,,0,0,,,0.000491694964736252,,,,,0,,,,0,0.00131118657263,0.00151605947460344,,,,,,,,0,0.112336933974586,0,,0,,0.0101924268731786,,,,,,0.00946000624862351,0,,0,0.157511408859729
0,0,2025,2025-02-23,153,Leipzig-Land,14,Sachsen,erststimme,210845,172244,171024,1220,0.816922383741611,afd,,,,0.381923004958368,,,,,,,,0,0.0637278978388998,,,,0,0,0,0.245848535878005,,0,,,,,,0,,0,,,,,,,0.025698147628403,,,0.0479874169707176,,,0,,0.0353926934231453,,,,,,,,0.0873795490691365,,0,0,,,0,,,,,0,,,,0,0.00284170642716812,0,,,,,,,,0,0.109201047806156,0,,0,,0,,,,,,0,0,,0,0.245848535878005
0,0,2025,2025-02-23,153,Leipzig-Land,14,Sachsen,zweitstimme,210845,172244,171180,1064,0.816922383741611,afd,,,,0.3847821007127,,,,,,,,0,0.0859212524827667,,,,0,0,0.00179343381236126,0.222648673910504,,0,,,,,,0.00406589554854539,,0,,,,,,,0.0341979203177941,,,0.0255228414534408,,,0,,0.045969155275149,,,,,,,,0.0876504264516883,,0,0,,,0.000420609884332282,,,,,0,,,,0,0.00120341161350625,0.00127351326089496,,,,,,,,0,0.0881995560228999,0,,0,,0.0115258791914943,,,,,,0.00482533006192312,0,,0,0.222648673910504
0,0,2025,2025-02-23,154,Meißen,14,Sachsen,erststimme,193052,157184,155698,1486,0.814205499036529,afd,,,,0.453262084291385,,,,,,,,0,0,,,,0,0,0.0103212629577772,0.237954244755874,,0,,,,,,0,,0,,,,,,,0.0528137805238346,,,0.0360312913460674,,,0,,0.0419337435291397,,,,,,,,0.0943814307184421,,0,0,,,0,,,,,0,,,,0,0,0,,,,,,,,0,0.0733021618774808,0,,0,,0,,,,,,0,0,,0,0.237954244755874
0,0,2025,2025-02-23,154,Meißen,14,Sachsen,zweitstimme,193052,157184,156236,948,0.814205499036529,afd,,,,0.436205484011367,,,,,,,,0,0.088750352031542,,,,0,0,0.00424998079827953,0.199589083181853,,0,,,,,,0.00431398653319337,,0,,,,,,,0.0378849944955068,,,0.0149005350879439,,,0,,0.0456296884200824,,,,,,,,0.0783174172405848,,0,0,,,0.000364832689008935,,,,,0,,,,0,0.000710463657543716,0.00159374279935482,,,,,,,,0,0.0705663227425177,0,,0,,0.0116746460482859,,,,,,0.00524847026293556,0,,0,0.199589083181853
0,0,2025,2025-02-23,155,Bautzen I,14,Sachsen,erststimme,200639,161774,160216,1558,0.806293891018197,afd,,,,0.482717081939382,,,,,,,,0,0,,,,0,0,0.00913142257951765,0.241193139261996,,0,,,,,,0,,0,,,,,,,0.026208368702252,,,0.0502446696959105,,,0,,0.0217456433814351,,,,,,,,0.0977055974434513,,0,0,,,0,,,,,0,,,,0,0,0,,,,,,,,0,0.0710540769960553,0,,0,,0,,,,,,0,0,,0,0.241193139261996
0,0,2025,2025-02-23,155,Bautzen I,14,Sachsen,zweitstimme,200639,161774,160627,1147,0.806293891018197,afd,,,,0.460146799728564,,,,,,,,0,0.0914790166036843,,,,0,0,0.00399683739346436,0.200402173980713,,0,,,,,,0.00498670833670554,,0,,,,,,,0.031140468289889,,,0.0190378952479969,,,0,,0.0292105312307395,,,,,,,,0.0776208233983079,,0,0,,,0.000329956981080391,,,,,0,,,,0,0.000697267582660449,0.00146301680290362,,,,,,,,0,0.0645781842405075,0,,0,,0.0119718353701433,,,,,,0.00293848481264047,0,,0,0.200402173980713
0,0,2025,2025-02-23,156,Görlitz,14,Sachsen,erststimme,196873,155057,153777,1280,0.787599112117964,afd,,,,0.488675159484188,,,,,,,,0,0.0639367395644342,,,,0,0,0.0063793675257028,0.241889229208529,,0,,,,,,0,,0,,,,,,,0.0191966288846837,,,0.023332487953335,,,0,,0.0302971185547904,,,,,,,,0.0636961314110693,,0,0,,,0,,,,,0,,,,0,0,0,,,,,,,,0,0.0625971374132673,0,,0,,0,,,,,,0,0,,0,0.241889229208529
0,0,2025,2025-02-23,156,Görlitz,14,Sachsen,zweitstimme,196873,155057,153940,1117,0.787599112117964,afd,,,,0.466772768611147,,,,,,,,0,0.0898012212550344,,,,0,0,0.00401455112381447,0.197525009744056,,0,,,,,,0.004404313368845,,0,,,,,,,0.029128231778615,,,0.0152916720800312,,,0,,0.0335195530726257,,,,,,,,0.0773028452643887,,0,0,,,0.000402754319864882,,,,,0,,,,0,0.000883461088735871,0.00160452124204235,,,,,,,,0,0.0637586072495778,0,,0,,0.012732233337664,,,,,,0.00285825646355723,0,,0,0.197525009744056
0,0,2025,2025-02-23,157,Sächsische Schweiz-Osterzgebirge,14,Sachsen,erststimme,196612,160372,158742,1630,0.815677578174272,afd,,,,0.490739690819065,,,,,,,,0,0,,,,0,0,0.00852956369454839,0.226537400309937,,0,,,,,,0,,0,,,,,,,0.0282092955865492,,,0.0441471066258457,,,0,,0.02992906729158,,,,,,,,0.0914880749896058,,0,0,,,0,,,,,0,,,,0,0,0,,,,,,,,0,0.0804198006828691,0,,0,,0,,,,,,0,0,,0,0.226537400309937
0,0,2025,2025-02-23,157,Sächsische Schweiz-Osterzgebirge,14,Sachsen,zweitstimme,196612,160372,159417,955,0.815677578174272,afd,,,,0.465282874473864,,,,,,,,0,0.0918534409755547,,,,0,0,0.00376371403300777,0.193329444162166,,0,,,,,,0.00387035259727633,,0,,,,,,,0.0324306692510836,,,0.0178901873702303,,,0,,0.0396319087675718,,,,,,,,0.0734927893511984,,0,0,,,0.000301097122640622,,,,,0,,,,0,0.000802925660374991,0.00143648418926463,,,,,,,,0,0.0596235031395648,0,,0,,0.0111343206809813,,,,,,0.00515628822522065,0,,0,0.193329444162166
0,0,2025,2025-02-23,158,Dresden I,14,Sachsen,erststimme,225103,184922,183065,1857,0.821499491343963,afd,,,,0.294174200420616,,,,,,,,0,0,,,,0,0,0.0110343320678448,0.273345533007402,,0,,,,,,0,,0,,,,,,,0.0340261655696064,,,0,,,0,,0.108699095949526,,,,,,,,0.142490372272144,,0,0,,,0,,,,,0,,,,0,0,0,,,,,,,,0,0.117209734247398,0,,0,,0,,,,,,0.0190205664654631,0,,0,0.273345533007402
0,0,2025,2025-02-23,158,Dresden I,14,Sachsen,zweitstimme,225103,184922,184076,846,0.821499491343963,afd,,,,0.273723896651383,,,,,,,,0,0.0840631043699342,,,,0,0,0.0036886938003868,0.198749429583433,,0,,,,,,0.00613876876942133,,0,,,,,,,0.0384732393141963,,,0.00819226841087377,,,0,,0.122476585758056,,,,,,,,0.13823094808666,,0,0,,,0.000472630869858102,,,,,0,,,,0,0.00127121406375627,0.00245007496903453,,,,,,,,0,0.0990949390469154,0,,0,,0.0106477759186423,,,,,,0.0123264303874487,0,,0,0.198749429583433
0,0,2025,2025-02-23,159,Dresden II – Bautzen II,14,Sachsen,erststimme,233483,196333,194778,1555,0.84088777341391,afd,,,,0.298996806620871,,,,,,,,0,0,,,,0,0,0.00769080696998634,0.241849695550832,,0,,,,,,0.0161465873969339,,0,,,,,,,0.0263376767396729,,,0.0167010648019797,,,0,,0.113667868034378,,,,,,,,0.164089373543213,,0,0,,,0.00173017486574459,,,,,0,,,,0,0,0,,,,,,,,0,0.0936707431024038,0,,0,,0,,,,,,0.0191192023739847,0,,0,0.241849695550832
0,0,2025,2025-02-23,159,Dresden II – Bautzen II,14,Sachsen,zweitstimme,233483,196333,195456,877,0.84088777341391,afd,,,,0.285997871643746,,,,,,,,0,0.0780175589390963,,,,0,0,0.00314137197118533,0.180634004584152,,0,,,,,,0.00722413228552718,,0,,,,,,,0.0355425261951539,,,0.00963388179436804,,,0,,0.130551121480026,,,,,,,,0.158608587098887,,0,0,,,0.000521856581532417,,,,,0,,,,0,0.00113580550098232,0.00262974787164375,,,,,,,,0,0.0849347167648985,0,,0,,0.0104678290766208,,,,,,0.0109589882121807,0,,0,0.180634004584152
0,0,2025,2025-02-23,160,Mittelsachsen,14,Sachsen,erststimme,188107,148354,147028,1326,0.7886681516371,afd,,,,0.453573468999102,,,,,,,,0,0,,,,0,0,0,0.269778545583154,,0,,,,,,0,,0,,,,,,,0.0291373071795848,,,0.0418695758631009,,,0,,0.0250292461299888,,,,,,,,0.0900100661098566,,0,0,,,0,,,,,0,,,,0,0,0,,,,,,,,0,0.0906017901352123,0,,0,,0,,,,,,0,0,,0,0.269778545583154
0,0,2025,2025-02-23,160,Mittelsachsen,14,Sachsen,zweitstimme,188107,148354,147487,867,0.7886681516371,afd,,,,0.434573894648342,,,,,,,,0,0.0944083207333528,,,,0,0,0.00186457111474232,0.206140202187311,,0,,,,,,0.00380372507407433,,0,,,,,,,0.0317044892092184,,,0.0201102470048208,,,0,,0.0350674974743537,,,,,,,,0.080007051468943,,0,0,,,0.000291551119759708,,,,,0,,,,0,0.000989917755463193,0.00123400706502946,,,,,,,,0,0.0755659820865568,0,,0,,0.010339894363571,,,,,,0.00389864869446121,0,,0,0.206140202187311
0,0,2025,2025-02-23,161,Chemnitz,14,Sachsen,erststimme,183295,144921,144147,774,0.790643498185984,afd,,,,0.321900559845158,,,,,,,,0,0.0915038120807232,,,,0,0,0.00385717357974845,0.214142507301574,,0,,,,,,0.0104823548183452,,0,,,,,,,0.0229904195023136,,,0.0143325910355401,,,0,,0.0454674741756679,,,,,,,,0.0995442152802348,,0,0,,,0,,,,,0,,,,0,0.00253213733202911,0,,,,,,,,0,0.167384683690954,0,,0,,0,,,,,,0.00586207135771123,0,,0,0.214142507301574
0,0,2025,2025-02-23,161,Chemnitz,14,Sachsen,zweitstimme,183295,144921,144229,692,0.790643498185984,afd,,,,0.326647206872404,,,,,,,,0,0.107544252542831,,,,0,0,0.00305763750702009,0.194142648149817,,0,,,,,,0.00630247731038834,,0,,,,,,,0.0313667847658931,,,0.00973451941010476,,,0,,0.0664152146933002,,,,,,,,0.12236096762787,,0,0,,,0.000506139541978382,,,,,0,,,,0,0.00147681811563555,0.00142828418695269,,,,,,,,0,0.110851493111649,0,,0,,0.0125980212023934,,,,,,0.0055675349617622,0,,0,0.194142648149817
0,0,2025,2025-02-23,162,Chemnitzer Umland – Erzgebirgskreis II,14,Sachsen,erststimme,172020,140055,138182,1873,0.814178583885595,afd,,,,0.44164218204976,,,,,,,,0,0,,,,0,0,0,0.277199635263638,,0,,,,,,0,,0,,,,,,,0.0336874556744004,,,0,,,0,,0.0277025951281643,,,,,,,,0.102972890825144,,0,0,,,0,,,,,0,,,,0,0,0,,,,,,,,0,0.116795241058893,0,,0,,0,,,,,,0,0,,0,0.277199635263638
0,0,2025,2025-02-23,162,Chemnitzer Umland – Erzgebirgskreis II,14,Sachsen,zweitstimme,172020,140055,139205,850,0.814178583885595,afd,,,,0.411184943069574,,,,,,,,0,0.104500556732876,,,,0,0,0.00281599080492798,0.212190654071334,,0,,,,,,0.00417370065730398,,0,,,,,,,0.0317229984555152,,,0.0202076074853633,,,0,,0.0324916490068604,,,,,,,,0.0780431737365756,,0,0,,,0.000229876800402284,,,,,0,,,,0,0.000905139901583995,0.00128587335225028,,,,,,,,0,0.0854782514995869,0,,0,,0.0115369419201897,,,,,,0.00323264250565712,0,,0,0.212190654071334
0,0,2025,2025-02-23,163,Erzgebirgskreis I,14,Sachsen,erststimme,202990,164320,162637,1683,0.809498004827824,afd,,,,0.466535905113843,,,,,,,,0,0.0632574383442882,,,,0,0,0,0.250348936588845,,0,,,,,,0,,0,,,,,,,0.0220060625810855,,,0.0340881841155457,,,0,,0.0159680761450346,,,,,,,,0.068379274088922,,0,0,,,0,,,,,0,,,,0,0,0,,,,,,,,0,0.0660427823926905,0,,0,,0,,,,,,0,0,,0.013373340629746,0.250348936588845
0,0,2025,2025-02-23,163,Erzgebirgskreis I,14,Sachsen,zweitstimme,202990,164320,162817,1503,0.809498004827824,afd,,,,0.461579564787461,,,,,,,,0,0.0984602344963978,,,,0,0,0.00325518834028388,0.206268387207724,,0,,,,,,0.00352543039117537,,0,,,,,,,0.0294686672767586,,,0.0232162489174963,,,0,,0.0223932390352359,,,,,,,,0.0697715840483488,,0,0,,,0.000325518834028388,,,,,0,,,,0,0.000626470208884822,0.00108711006835896,,,,,,,,0,0.0659636278766959,0,,0,,0.0116511175122991,,,,,,0.00240761099885147,0,,0,0.206268387207724
0,0,2025,2025-02-23,164,Zwickau,14,Sachsen,erststimme,189565,150838,149640,1198,0.795705958378393,afd,,,,0.399124565624165,,,,,,,,0,0.0902632985832665,,,,0,0,0.00306067896284416,0.237276129377172,,0,,,,,,0.0118417535418337,,0,,,,,,,0.028595295375568,,,0.031488906709436,,,0,,0.0232892274792836,,,,,,,,0.0749398556535686,,0,0,,,0.000968992248062015,,,,,0,,,,0,0,0,,,,,,,,0,0.0991512964448009,0,,0,,0,,,,,,0,0,,0,0.237276129377172
0,0,2025,2025-02-23,164,Zwickau,14,Sachsen,zweitstimme,189565,150838,149878,960,0.795705958378393,afd,,,,0.405629912328694,,,,,,,,0,0.101789455423745,,,,0,0,0.00246200242864196,0.212746367045197,,0,,,,,,0.00555118162772388,,0,,,,,,,0.0300244198614873,,,0.0171339356009554,,,0,,0.032759978115534,,,,,,,,0.0853827779927675,,0,0,,,0.000540439557506772,,,,,0,,,,0,0.000587144210624641,0.00106086283510589,,,,,,,,0,0.089252592108248,0,,0,,0.0117562283990979,,,,,,0.00332270246467127,0,,0,0.212746367045197
0,0,2025,2025-02-23,165,Vogtlandkreis,14,Sachsen,erststimme,177951,141586,139990,1596,0.79564599243612,afd,,,,0.433402385884706,,,,,,,,0,0,,,,0,0,0,0.269804986070434,,0,,,,,,0,,0,,,,,,,0.0243803128794914,,,0.0449889277805558,,,0,,0.0323308807771984,,,,,,,,0.0952639474248161,,0,0,,,0,,,,,0,,,,0,0,0,,,,,,,,0,0.0998285591827988,0,,0,,0,,,,,,0,0,,0,0.269804986070434
0,0,2025,2025-02-23,165,Vogtlandkreis,14,Sachsen,zweitstimme,177951,141586,140727,859,0.79564599243612,afd,,,,0.406027272662673,,,,,,,,0,0.110533159947984,,,,0,0,0.00219574068941994,0.216063726221692,,0,,,,,,0.00483205070810861,,0,,,,,,,0.0291059995594307,,,0.0166705749429747,,,0,,0.0315291308704087,,,,,,,,0.0777036389605406,,0,0,,,0.000454781243116104,,,,,0,,,,0,0.000625324209284643,0.00115116502163764,,,,,,,,0,0.0880285943706609,0,,0,,0.0125775437549298,,,,,,0.00250129683713857,0,,0,0.216063726221692
0,0,2025,2025-02-23,166,Waldeck,06,Hessen,erststimme,180475,150082,148440,1642,0.831594403657016,cdu,,,,0.21356103476152,,,,,,,,0,0,,,,0,0,0,0.311007814605228,,0,,,,,,0,,0,,,,,,,0.0327607113985449,,,0.0323767178658044,,,0,,0.0711331177580167,,,,,,,,0.057006197790353,,0,0,,,0,,,,,0,,,,0,0,0,,,,,,,,0,0.282154405820534,0,,0,,0,,,,,,0,0,,0,0.311007814605228
0,0,2025,2025-02-23,166,Waldeck,06,Hessen,zweitstimme,180475,150082,148712,1370,0.831594403657016,cdu,,,,0.210877400613266,,,,,,,,0,0.0437422669320566,,,,0,0,0.00157351121631072,0.287649954274033,,0,,,,,,0.00441793533810318,,0,,,,,,,0.0398152132981871,,,0.0167706708268331,,,0,,0.0855210070471784,,,,,,,,0.061299693367045,,0,0,,,0.000255527462477809,,,,,0,,,,0,0.000800204421969982,0,,,,,,,,0,0.22859621281403,0,,0,,0.0144843724783474,,,,,,0.00419602991016192,0,,0,0.287649954274033
0,0,2025,2025-02-23,167,Kassel,06,Hessen,erststimme,214132,175165,173095,2070,0.818023462163525,spd,,,,0.162488806724631,,,,,,,,0,0,,,,0,0,0,0.242664432825905,,0,,,,,,0,,0,,,,,,,0.0273549207082816,,,0.0169502296426818,,,0,,0.140604870158006,,,,,,,,0.116716254080129,,0,0,,,0.00211444582454721,,,,,0,,,,0,0,0,,,,,,,,0,0.276726652994021,0,,0,,0,,,,,,0.0143793870417979,0,,0,0.242664432825905
0,0,2025,2025-02-23,167,Kassel,06,Hessen,zweitstimme,214132,175165,173594,1571,0.818023462163525,spd,,,,0.157603373388481,,,,,,,,0,0.0529511388642465,,,,0,0,0.00135949399172782,0.224598776455407,,0,,,,,,0.00493104600389414,,0,,,,,,,0.0359344216966024,,,0.00874454186204592,,,0,,0.145316082353077,,,,,,,,0.122872910354044,,0,0,,,0.000725831537956381,,,,,0,,,,0,0.000679746995863912,0,,,,,,,,0,0.22331416984458,0,,0,,0.0136179821883245,,,,,,0.00735048446374875,0,,0,0.224598776455407
0,0,2025,2025-02-23,168,Werra-Meißner – Hersfeld-Rotenburg,06,Hessen,erststimme,167770,138607,136968,1639,0.826172736484473,cdu,,,,0.225789965539396,,,,,,,,0,0,,,,0,0,0,0.322505986799836,,0,,,,,,0,,0,,,,,,,0.0242830442147071,,,0.028919163600257,,,0,,0.0537132760936861,,,,,,,,0.0529028678231412,,0,0,,,0,,,,,0,,,,0,0,0,,,,,,,,0,0.277510075346066,0,,0,,0,,,,,,0.00998043338590035,0,,0.00439518719700952,0.322505986799836
0,0,2025,2025-02-23,168,Werra-Meißner – Hersfeld-Rotenburg,06,Hessen,zweitstimme,167770,138607,137188,1419,0.826172736484473,cdu,,,,0.232214187829839,,,,,,,,0,0.0418549727381404,,,,0,0,0.00151616759483337,0.284164795754731,,0,,,,,,0.00432253549873167,,0,,,,,,,0.0382832317695425,,,0.0202568737790477,,,0,,0.0725136309298189,,,,,,,,0.0624690206140479,,0,0,,,0.000196810216637024,,,,,0,,,,0,0.000568562848062513,0,,,,,,,,0,0.221936320961017,0,,0,,0.0127124821412952,,,,,,0.00699040732425577,0,,0,0.284164795754731
0,0,2025,2025-02-23,169,Schwalm-Eder,06,Hessen,erststimme,182420,153589,151718,1871,0.841952636772284,cdu,,,,0.239635376158399,,,,,,,,0,0,,,,0,0,0,0.300867398726585,,0,,,,,,0,,0,,,,,,,0.0285331997521718,,,0.0379849457546237,,,0,,0.0573761847638382,,,,,,,,0.0525580353023372,,0,0,,,0,,,,,0,,,,0,0,0,,,,,,,,0,0.283044859542045,0,,0,,0,,,,,,0,0,,0,0.300867398726585
0,0,2025,2025-02-23,169,Schwalm-Eder,06,Hessen,zweitstimme,182420,153589,152041,1548,0.841952636772284,cdu,,,,0.237501726507981,,,,,,,,0,0.0428963240178636,,,,0,0,0.00131543465249505,0.274130004406706,,0,,,,,,0.00476845061529456,,0,,,,,,,0.0405877362027348,,,0.0202116534355865,,,0,,0.0781039324918936,,,,,,,,0.0567281193888491,,0,0,,,0.000171006504824357,,,,,0,,,,0,0.000605099940147723,0,,,,,,,,0,0.224038252839695,0,,0,,0.0149367604790813,,,,,,0.00400549851684743,0,,0,0.274130004406706
0,0,2025,2025-02-23,170,Marburg,06,Hessen,erststimme,179872,152353,151167,1186,0.847007872264722,spd,,,,0.182797832860347,,,,,,,,0,0,,,,0,0,0,0.291161430735544,,0,,,,,,0,,0,,,,,,,0.0230275126184948,,,0.0174773594766053,,,0,,0.0908796231981848,,,,,,,,0.0757572750666482,,0,0,,,0,,,,,0,,,,0,0,0,,,,,,,,0,0.302804183452738,0,,0,,0,,,,,,0.00989633980961453,0,,0.00619844278182408,0.291161430735544
0,0,2025,2025-02-23,170,Marburg,06,Hessen,zweitstimme,179872,152353,151386,967,0.847007872264722,spd,,,,0.181793560831253,,,,,,,,0,0.0391251502780971,,,,0,0,0.00140699932622567,0.262897493823735,,0,,,,,,0.00430026554635171,,0,,,,,,,0.0390392770797828,,,0.0123987687104488,,,0,,0.129463754904681,,,,,,,,0.105729724016752,,0,0,,,0.000211380180465829,,,,,0,,,,0,0.00076625315418863,0,,,,,,,,0,0.205461535412786,0,,0,,0.011156910150212,,,,,,0.00624892658502107,0,,0,0.262897493823735
0,0,2025,2025-02-23,171,Lahn-Dill,06,Hessen,erststimme,203567,166049,164394,1655,0.815697043233923,cdu,,,,0.231139822621264,,,,,,,,0,0,,,,0,0,0,0.343224205262966,,0,,,,,,0,,0,,,,,,,0.0276409114687884,,,0.023157779481003,,,0,,0.0681350900884461,,,,,,,,0.0527817316933708,,0,0,,,0,,,,,0,,,,0,0,0,,,,,,,,0,0.240477146367872,0,,0,,0,,,,,,0.0134433130162901,0,,0,0.343224205262966
0,0,2025,2025-02-23,171,Lahn-Dill,06,Hessen,zweitstimme,203567,166049,164676,1373,0.815697043233923,cdu,,,,0.227628798367704,,,,,,,,0,0.0428963540528067,,,,0,0,0.00165780077242585,0.301604362505769,,0,,,,,,0.00621219849887051,,0,,,,,,,0.0406859530229056,,,0.0146651606791518,,,0,,0.0878512958779664,,,,,,,,0.0663849012606573,,0,0,,,0.000230756151473196,,,,,0,,,,0,0.000589035439286842,0,,,,,,,,0,0.188758531905074,0,,0,,0.0136753382399378,,,,,,0.007159513225971,0,,0,0.301604362505769
0,0,2025,2025-02-23,172,Gießen,06,Hessen,erststimme,215142,178656,176938,1718,0.830409682907103,cdu,,,,0.189563575941855,,,,,,,,0,0,,,,0,0,0,0.304349546168714,,0,,,,,,0,,0,,,,,,,0.0277272264861138,,,0.0289479930823226,,,0,,0.0863353264985475,,,,,,,,0.0703297200149205,,0,0,,,0,,,,,0,,,,0,0,0,,,,,,,,0,0.27808610925861,0,,0,,0,,,,,,0.0146605025489154,0,,0,0.304349546168714
0,0,2025,2025-02-23,172,Gießen,06,Hessen,zweitstimme,215142,178656,177248,1408,0.830409682907103,cdu,,,,0.19135335800686,,,,,,,,0,0.0446436631160859,,,,0,0,0.00160227477884095,0.265593970030691,,0,,,,,,0.00609315760967684,,0,,,,,,,0.041805831377505,,,0.0171680357465246,,,0,,0.123702383101643,,,,,,,,0.097936224950352,,0,0,,,0.000287732442679184,,,,,0,,,,0,0.00118478064632605,0,,,,,,,,0,0.1875,0,,0,,0.0123781368478065,,,,,,0.00875045134500812,0,,0,0.265593970030691
0,0,2025,2025-02-23,173,Fulda,06,Hessen,erststimme,206544,174948,173497,1451,0.847025331164304,cdu,,,,0.229341141345384,,,,,,,,0,0,,,,0,0,0.0040346518959982,0.432508919462584,,0,,,,,,0.0092624079955273,,0,,,,,,,0.034404053096019,,,0.0351187628604529,,,0,,0.0660530153259134,,,,,,,,0.0418566315267699,,0,0,,,0,,,,,0,,,,0,0,0,,,,,,,,0,0.136457690911082,0,,0,,0,,,,,,0.0109627255802694,0,,0,0.432508919462584
0,0,2025,2025-02-23,173,Fulda,06,Hessen,zweitstimme,206544,174948,173678,1270,0.847025331164304,cdu,,,,0.235786916016997,,,,,,,,0,0.0359458307903131,,,,0,0,0.0020440124828706,0.375654947661765,,0,,,,,,0.00454864749709232,,0,,,,,,,0.0490390262439687,,,0.0227029330139684,,,0,,0.0759739287647255,,,,,,,,0.0523555084696968,,0,0,,,0.000126671196121558,,,,,0,,,,0,0.000662144888817237,0,,,,,,,,0,0.128398530614125,0,,0,,0.00948882414583309,,,,,,0.00727207821370582,0,,0,0.375654947661765
0,0,2025,2025-02-23,174,Main-Kinzig – Wetterau II – Schotten,06,Hessen,erststimme,175443,146914,145304,1610,0.837388781541583,cdu,,,,0.249346198315256,,,,,,,,0,0,,,,0,0,0.00603562186863404,0.34142900401916,,0,,,,,,0,,0,,,,,,,0.032724494852172,,,0.0310452568408303,,,0,,0.0739002367450311,,,,,,,,0.0486153168529428,,0,0,,,0,,,,,0,,,,0,0,0,,,,,,,,0,0.205052854704619,0,,0,,0,,,,,,0.0118510158013544,0,,0,0.34142900401916
0,0,2025,2025-02-23,174,Main-Kinzig – Wetterau II – Schotten,06,Hessen,zweitstimme,175443,146914,145627,1287,0.837388781541583,cdu,,,,0.248381138113125,,,,,,,,0,0.0415994286773744,,,,0,0,0.00236906617591518,0.305376063504707,,0,,,,,,0.00544541877536446,,0,,,,,,,0.0465229662081894,,,0.0190143311336497,,,0,,0.0880605931592356,,,,,,,,0.0573863363249947,,0,0,,,0.000254073763793802,,,,,0,,,,0,0.00069355270657227,0,,,,,,,,0,0.163067288346254,0,,0,,0.0151070886580098,,,,,,0.00672265445281438,0,,0,0.305376063504707
0,0,2025,2025-02-23,175,Hochtaunus,06,Hessen,erststimme,178433,152705,151359,1346,0.855811425016673,cdu,,,,0.165467530837281,,,,,,,,0,0,,,,0,0,0,0.37831248885101,,0,,,,,,0,,0,,,,,,,0.0480645353100906,,,0.0217958628162184,,,0,,0.121684207744501,,,,,,,,0.0535680071882082,,0,0,,,0,,,,,0,,,,0,0,0,,,,,,,,0,0.194623378854247,0,,0,,0,,,,,,0.0164839883984434,0,,0,0.37831248885101
0,0,2025,2025-02-23,175,Hochtaunus,06,Hessen,zweitstimme,178433,152705,151704,1001,0.855811425016673,cdu,,,,0.163838791330486,,,,,,,,0,0.0372106206823815,,,,0,0,0.00142382534409112,0.335745926277488,,0,,,,,,0.00414623213626536,,0,,,,,,,0.0656739439962031,,,0.0120497811527712,,,0,,0.130609608184359,,,,,,,,0.0616529557559458,,0,0,,,0.000204345304013078,,,,,0,,,,0,0.000791014080050625,0,,,,,,,,0,0.166449137794653,0,,0,,0.011687233032748,,,,,,0.00851658492854506,0,,0,0.335745926277488
0,0,2025,2025-02-23,176,Wetterau I,06,Hessen,erststimme,176870,149796,148355,1441,0.846927121614745,cdu,,,,0.174783458595935,,,,,,,,0,0,,,,0,0,0,0.33655084088841,,0,,,,,,0,,0,,,,,,,0.0388662330221428,,,0.0258164537764147,,,0,,0.0971116578477301,,,,,,,,0.0520777863907519,,0,0,,,0,,,,,0,,,,0,0,0,,,,,,,,0,0.257436554211183,0,,0,,0,,,,,,0.0173570152674328,0,,0,0.33655084088841
0,0,2025,2025-02-23,176,Wetterau I,06,Hessen,zweitstimme,176870,149796,148633,1163,0.846927121614745,cdu,,,,0.173770293272692,,,,,,,,0,0.038443683435038,,,,0,0,0.00148688380104015,0.307495643632302,,0,,,,,,0.00554385634414969,,0,,,,,,,0.0535749127044465,,,0.0159924108374318,,,0,,0.132447033969576,,,,,,,,0.0713031426399252,,0,0,,,0.000195111449005268,,,,,0,,,,0,0.000874637530023615,0,,,,,,,,0,0.175896335268749,0,,0,,0.0133886821903615,,,,,,0.00958737292525886,0,,0,0.307495643632302
0,0,2025,2025-02-23,177,Rheingau-Taunus – Limburg,06,Hessen,erststimme,217091,182782,181064,1718,0.84196028393623,cdu,,,,0.173303362347015,,,,,,,,0,0,,,,0,0,0,0.36809084080767,,0,,,,,,0,,0,,,,,,,0.0423054831440817,,,0.0214841161136394,,,0,,0.107542084566783,,,,,,,,0.0498497768744753,,0,0,,,0,,,,,0,,,,0,0,0,,,,,,,,0,0.221474174877391,0,,0,,0,,,,,,0.0159501612689436,0,,0,0.36809084080767
0,0,2025,2025-02-23,177,Rheingau-Taunus – Limburg,06,Hessen,zweitstimme,217091,182782,181581,1201,0.84196028393623,cdu,,,,0.175938011135526,,,,,,,,0,0.0370688563230735,,,,0,0,0.00172374863008795,0.33426955463402,,0,,,,,,0.00503907347134337,,0,,,,,,,0.056046612806406,,,0.011972618280547,,,0,,0.121934563638266,,,,,,,,0.0630737797456782,,0,0,,,0.000198258628380723,,,,,0,,,,0,0.000809556065887951,0,,,,,,,,0,0.169841558312819,0,,0,,0.0130134760795458,,,,,,0.00907033224841806,0,,0,0.33426955463402
0,0,2025,2025-02-23,178,Wiesbaden,06,Hessen,erststimme,186038,148215,146762,1453,0.79669207366237,cdu,,,,0.139041441245009,,,,,,,,0,0,,,,0,0,0,0.30659843828784,,0,,,,,,0,,0,,,,,,,0.0405009471116502,,,0.0157874654202041,,,0,,0.149057657976861,,,,,,,,0.104986304356714,,0,0,,,0,,,,,0,,,,0,0,0,,,,,,,,0,0.22278927787847,0,,0,,0,,,,,,0.0212384677232526,0,,0,0.30659843828784
0,0,2025,2025-02-23,178,Wiesbaden,06,Hessen,zweitstimme,186038,148215,147209,1006,0.79669207366237,cdu,,,,0.14086774585793,,,,,,,,0,0.0492497062000285,,,,0,0,0.0013789917736008,0.26622013599712,,0,,,,,,0.00471438566935446,,0,,,,,,,0.0559340801173841,,,0.00845057027763248,,,0,,0.159596220339789,,,,,,,,0.115067692872039,,0,0,,,0.000414376838372654,,,,,0,,,,0,0.00117519988587654,0,,,,,,,,0,0.174656440842612,0,,0,,0.0102167666379094,,,,,,0.0120576866903518,0,,0,0.26622013599712
0,0,2025,2025-02-23,179,Hanau,06,Hessen,erststimme,175243,143429,141899,1530,0.818457798599659,cdu,,,,0.191333272257028,,,,,,,,0,0,,,,0,0,0,0.319565324632309,,0,,,,,,0,,0,,,,,,,0.0364836961500786,,,0.0235378684839217,,,0,,0.0855115258035645,,,,,,,,0.0757228733112989,,0,0,,,0,,,,,0,,,,0,0,0,,,,,,,,0,0.253039133468171,0,,0,,0,,,,,,0.0148063058936286,0,,0,0.319565324632309
0,0,2025,2025-02-23,179,Hanau,06,Hessen,zweitstimme,175243,143429,142260,1169,0.818457798599659,cdu,,,,0.192668353718544,,,,,,,,0,0.0500632644453817,,,,0,0,0.00165893434556446,0.287347110923661,,0,,,,,,0.00515253760719809,,0,,,,,,,0.0493743849290032,,,0.0120553915366231,,,0,,0.108828904822157,,,,,,,,0.0855405595388725,,0,0,,,0.000316322226908477,,,,,0,,,,0,0.000815408407141853,0,,,,,,,,0,0.183108393083087,0,,0,,0.0145578518206102,,,,,,0.00851258259524814,0,,0,0.287347110923661
0,0,2025,2025-02-23,180,Main-Taunus,06,Hessen,erststimme,193390,165885,164564,1321,0.85777444542117,cdu,,,,0.130897401618823,,,,,,,,0,0,,,,0,0,0.00564522009674048,0.397991055151795,,0,,,,,,0,,0,,,,,,,0.0537602391774629,,,0.0179990763471962,,,0,,0.139769329865584,,,,,,,,0.0599158989815513,,0,0,,,0,,,,,0,,,,0,0,0,,,,,,,,0,0.177669478136166,0,,0,,0,,,,,,0.016352300624681,0,,0,0.397991055151795
0,0,2025,2025-02-23,180,Main-Taunus,06,Hessen,zweitstimme,193390,165885,164857,1028,0.85777444542117,cdu,,,,0.132806007630856,,,,,,,,0,0.0365953523356606,,,,0,0,0.00253553079335424,0.35119527833213,,0,,,,,,0.00424003833625506,,0,,,,,,,0.0739428717009287,,,0.010075398678855,,,0,,0.144907404599137,,,,,,,,0.0661239741108961,,0,0,,,0.000315424883383781,,,,,0,,,,0,0.000800693934743444,0,,,,,,,,0,0.156729771862887,0,,0,,0.010039003500003,,,,,,0.00969324930090927,0,,0,0.35119527833213
0,0,2025,2025-02-23,181,Frankfurt am Main I,06,Hessen,erststimme,202372,160179,158632,1547,0.791507718459075,cdu,,,,0.10758863281053,,,,,,,,0,0,,,,0,0,0,0.259922335972565,,0,,,,,,0.010672499873922,,0,,,,,,,0.0467623178173382,,,0.00923521105451611,,,0,,0.162363205406223,,,,,,,,0.128151949165364,,0,0,,,0.00203615916082505,,,,,0,,,,0,0,0,,,,,,,,0,0.257400776640274,0,,0,,0,,,,,,0.0158669120984417,0,,0,0.259922335972565
0,0,2025,2025-02-23,181,Frankfurt am Main I,06,Hessen,zweitstimme,202372,160179,159020,1159,0.791507718459075,cdu,,,,0.107483335429506,,,,,,,,0,0.0520249025279839,,,,0,0,0.00120739529618916,0.235089925795497,,0,,,,,,0.00503710225128915,,0,,,,,,,0.0662872594642183,,,0.00538297069551,,,0,,0.180461577160106,,,,,,,,0.153917746195447,,0,0,,,0.000635140233932839,,,,,0,,,,0,0.000981008678153691,0,,,,,,,,0,0.170978493271287,0,,0,,0.00861526851968306,,,,,,0.0118978744811973,0,,0,0.235089925795497
0,0,2025,2025-02-23,182,Frankfurt am Main II,06,Hessen,erststimme,230870,191532,190065,1467,0.829609737081474,cdu,,,,0.091805434982769,,,,,,,,0,0,,,,0,0,0.0028095651487649,0.273643227316971,,0,,,,,,0.00972825086154737,,0,,,,,,,0.0461578933522742,,,0.00789203693473286,,,0,,0.264156998921422,,,,,,,,0.0988083024228553,,0,0,,,0.00118380554020993,,,,,0,,,,0,0,0,,,,,,,,0,0.184678925630705,0,,0,,0,,,,,,0.0168416068187199,0,,0.00229395206902902,0.273643227316971
0,0,2025,2025-02-23,182,Frankfurt am Main II,06,Hessen,zweitstimme,230870,191532,190432,1100,0.829609737081474,cdu,,,,0.0934401781213241,,,,,,,,0,0.0445565871282138,,,,0,0,0.001465089900857,0.249144051419929,,0,,,,,,0.00513044026214082,,0,,,,,,,0.0658030162997816,,,0.00505692320618384,,,0,,0.207186817341623,,,,,,,,0.13527663417913,,0,0,,,0.000351831624936985,,,,,0,,,,0,0.000892707108049067,0,,,,,,,,0,0.171982649974794,0,,0,,0.00739371534195934,,,,,,0.0123193580910771,0,,0,0.249144051419929
0,0,2025,2025-02-23,183,Groß-Gerau,06,Hessen,erststimme,172314,140680,138998,1682,0.816416541894449,cdu,,,,0.164146246708586,,,,,,,,0,0,,,,0,0,0,0.303464798054648,,0,,,,,,0,,0,,,,,,,0.0335760226765853,,,0.0247629462294422,,,0,,0.080540727204708,,,,,,,,0.0891379732082476,,0,0,,,0.00208636095483388,,,,,0,,,,0,0,0,,,,,,,,0,0.288644440927208,0,,0,,0,,,,,,0.0136404840357415,0,,0,0.303464798054648
0,0,2025,2025-02-23,183,Groß-Gerau,06,Hessen,zweitstimme,172314,140680,139427,1253,0.816416541894449,cdu,,,,0.169321580468632,,,,,,,,0,0.0565744081132062,,,,0,0,0.00149899230421654,0.271826834113909,,0,,,,,,0.00582383612930064,,0,,,,,,,0.0449482524905506,,,0.0130175647471437,,,0,,0.113543287885417,,,,,,,,0.0995216134608074,,0,0,,,0.000609638018461274,,,,,0,,,,0,0.00104714294935701,0,,,,,,,,0,0.20064980240556,0,,0,,0.013899746820917,,,,,,0.00771730009252153,0,,0,0.271826834113909
0,0,2025,2025-02-23,184,Offenbach,06,Hessen,erststimme,218352,174373,172527,1846,0.798586685718473,cdu,,,,0.152439907956436,,,,,,,,0,0,,,,0,0,0,0.311956969054119,,0,,,,,,0,,0,,,,,,,0.0382896590098941,,,0.0241063717563048,,,0,,0.14731607226695,,,,,,,,0.103409901058965,,0,0,,,0,,,,,0,,,,0,0,0,,,,,,,,0,0.222481118897332,0,,0,,0,,,,,,0,0,,0,0.311956969054119
0,0,2025,2025-02-23,184,Offenbach,06,Hessen,zweitstimme,218352,174373,172965,1408,0.798586685718473,cdu,,,,0.151660740612263,,,,,,,,0,0.0564796346081577,,,,0,0,0.00140490850750152,0.277362472176452,,0,,,,,,0.00496054114994363,,0,,,,,,,0.0541149943630214,,,0.0106322088283757,,,0,,0.130928222472755,,,,,,,,0.115011707570896,,0,0,,,0.000387361604948978,,,,,0,,,,0,0.000849882924291042,0,,,,,,,,0,0.17447460468881,0,,0,,0.0128349666117423,,,,,,0.00889775388084295,0,,0,0.277362472176452
0,0,2025,2025-02-23,185,Darmstadt,06,Hessen,erststimme,239490,202987,201261,1726,0.847580274750511,cdu,,,,0.136096908988825,,,,,,,,0,0,,,,0,0,0,0.267324518908283,,0,,,,,,0.00921688752416017,,0,,,,,,,0.0329224241159489,,,0.0101261545952768,,,0,,0.216778213364735,,,,,,,,0.0764380580440324,,0,0,,,0.00121235609482215,,,,,0,,,,0,0,0,,,,,,,,0,0.210661777492907,0,,0,,0.0137731602247827,,,,,,0.0254495406462256,0,,0,0.267324518908283
0,0,2025,2025-02-23,185,Darmstadt,06,Hessen,zweitstimme,239490,202987,201735,1252,0.847580274750511,cdu,,,,0.136034897266216,,,,,,,,0,0.0445683693954941,,,,0,0,0.00142265843804992,0.241504944605547,,0,,,,,,0.00566089176394775,,0,,,,,,,0.0479044290777505,,,0.00688031328227625,,,0,,0.190819639626242,,,,,,,,0.111735692864401,,0,0,,,0.000426301831610777,,,,,0,,,,0,0.00123429251245446,0,,,,,,,,0,0.185233102832924,0,,0,,0.0111334176023,,,,,,0.0154410489007857,0,,0,0.241504944605547
0,0,2025,2025-02-23,186,Odenwald,06,Hessen,erststimme,230672,194831,192624,2207,0.84462353471596,cdu,,,,0.184629122020101,,,,,,,,0,0,,,,0,0,0,0.339884957222361,,0,,,,,,0,,0,,,,,,,0.0354317219038126,,,0.0273278511504278,,,0,,0.0899524462164632,,,,,,,,0.0607608605365894,,0,0,,,0,,,,,0,,,,0,0,0,,,,,,,,0,0.247788437577872,0,,0,,0,,,,,,0.0142246033723731,0,,0,0.339884957222361
0,0,2025,2025-02-23,186,Odenwald,06,Hessen,zweitstimme,230672,194831,193214,1617,0.84462353471596,cdu,,,,0.187548521328682,,,,,,,,0,0.0443963687931516,,,,0,0,0.0015630337346155,0.307110250809983,,0,,,,,,0.00528947177740743,,0,,,,,,,0.0493753040669931,,,0.0141604645626093,,,0,,0.11260053619303,,,,,,,,0.0711076837082199,,0,0,,,0.000341590153922594,,,,,0,,,,0,0.000745287608558386,0,,,,,,,,0,0.18133261564897,0,,0,,0.0154336642272299,,,,,,0.0089952073866283,0,,0,0.307110250809983
0,0,2025,2025-02-23,187,Bergstraße,06,Hessen,erststimme,195419,164877,163201,1676,0.843710181712116,cdu,,,,0.20421443496057,,,,,,,,0,0,,,,0,0,0,0.362798022070943,,0,,,,,,0,,0,,,,,,,0.0385353030925056,,,0.0223650590376284,,,0,,0.0914026262093982,,,,,,,,0.0540560413232762,,0,0,,,0,,,,,0,,,,0,0,0,,,,,,,,0,0.209673960331125,0,,0,,0,,,,,,0.0169545529745529,0,,0,0.362798022070943
0,0,2025,2025-02-23,187,Bergstraße,06,Hessen,zweitstimme,195419,164877,163647,1230,0.843710181712116,cdu,,,,0.201476348481793,,,,,,,,0,0.0428483259699231,,,,0,0,0.00166822489871492,0.312233038185851,,0,,,,,,0.00511466754660947,,0,,,,,,,0.0517883004271389,,,0.0125880706642957,,,0,,0.112107157479208,,,,,,,,0.0609299284435401,,0,0,,,0.000287203553991213,,,,,0,,,,0,0.000843278520229518,0,,,,,,,,0,0.173782593020343,0,,0,,0.0151545705084725,,,,,,0.0091782922998894,0,,0,0.312233038185851
0,0,2025,2025-02-23,188,Eichsfeld – Nordhausen – Kyffhäuserkreis,16,Thüringen,erststimme,206544,165873,164518,1355,0.803087961887056,afd,,,,0.395294131949088,,,,,,,,0,0.0772681408721234,,,,0,0,0,0.277951348788582,,0,,,,,,0,,0,,,,,,,0.0231889519687815,,,0,,,0,,0.0182350867382293,,,,,,,,0.118692179579134,,0,0,,,0.00207879988815813,,,,,0,,,,0,0,0,,,,,,,,0,0.0872913602159034,0,,0,,0,,,,,,0,0,,0,0.277951348788582
0,0,2025,2025-02-23,188,Eichsfeld – Nordhausen – Kyffhäuserkreis,16,Thüringen,zweitstimme,206544,165873,164713,1160,0.803087961887056,afd,,,,0.389441027727016,,,,,,,,0,0.0855123760723197,,,,0,0,0.00227061616265869,0.23340598495565,,0,,,,,,0,,0,,,,,,,0.0296576469374002,,,0.0103331248899601,,,0,,0.0268891951454955,,,,,,,,0.132922113008688,,0,0,,,0.00105638292059522,,,,,0,,,,0,0,0,,,,,,,,0,0.0855670165682126,0,,0,,0,,,,,,0.00294451561200391,0,,0,0.23340598495565
0,0,2025,2025-02-23,189,Eisenach – Wartburgkreis – Unstrut-Hainich-Kreis,16,Thüringen,erststimme,201183,159955,158649,1306,0.795072148243142,afd,,,,0.385095399277651,,,,,,,,0,0.0808325296724215,,,,0,0,0,0.22651261590051,,0,,,,,,0,,0,,,,,,,0.0147810575547277,,,0.0237316339844563,,,0,,0.0244691110564832,,,,,,,,0.101040662090527,,0,0,,,0.0021304893191889,,,,,0,,,,0,0,0,,,,,,,,0,0.119080485852416,0,,0,,0,,,,,,0,0,,0.0223260152916186,0.22651261590051
0,0,2025,2025-02-23,189,Eisenach – Wartburgkreis – Unstrut-Hainich-Kreis,16,Thüringen,zweitstimme,201183,159955,158708,1247,0.795072148243142,afd,,,,0.403640648234494,,,,,,,,0,0.0935869647402777,,,,0,0,0.00238803336945838,0.196700859439978,,0,,,,,,0,,0,,,,,,,0.0255374650301182,,,0.0183481614033319,,,0,,0.0298220631600171,,,,,,,,0.130825163192782,,0,0,,,0.00148070670665625,,,,,0,,,,0,0,0,,,,,,,,0,0.0934168409910023,0,,0,,0,,,,,,0.00425309373188497,0,,0,0.196700859439978
0,0,2025,2025-02-23,190,Jena – Sömmerda – Weimarer Land I,16,Thüringen,erststimme,194202,161207,160088,1119,0.83009958702794,afd,,,,0.324840087951627,,,,,,,,0,0.0715419019539254,,,,0,0,0,0.185279346359502,,0,,,,,,0,,0,,,,,,,0.0228311928439358,,,0.0213320173904353,,,0,,0.0598858128029584,,,,,,,,0.195186397481385,,0,0,,,0.00208010594173205,,,,,0,,,,0,0,0,,,,,,,,0,0.117023137274499,0,,0,,0,,,,,,0,0,,0,0.185279346359502
0,0,2025,2025-02-23,190,Jena – Sömmerda – Weimarer Land I,16,Thüringen,zweitstimme,194202,161207,160281,926,0.83009958702794,afd,,,,0.324555000280757,,,,,,,,0,0.0917388835857026,,,,0,0,0.00228972866403379,0.173439147497208,,0,,,,,,0,,0,,,,,,,0.0307023290346329,,,0.0139629775207292,,,0,,0.0758480418764545,,,,,,,,0.186659678938864,,0,0,,,0.00149113120082855,,,,,0,,,,0,0,0,,,,,,,,0,0.0904411627079941,0,,0,,0,,,,,,0.00887191869279578,0,,0,0.173439147497208
0,0,2025,2025-02-23,191,Gotha – Ilm-Kreis,16,Thüringen,erststimme,184279,147985,146632,1353,0.803048638206198,afd,,,,0.411601833160565,,,,,,,,0,0.0795187953516286,,,,0,0,0,0.200126848164112,,0,,,,,,0,,0,,,,,,,0.0204457417207704,,,0.0220688526378962,,,0,,0.0300275519668285,,,,,,,,0.127891592558241,,0,0,,,0,,,,,0,,,,0,0,0,,,,,,,,0,0.100121392329096,0,,0,,0,,,,,,0,0,,0.00819739211086257,0.200126848164112
0,0,2025,2025-02-23,191,Gotha – Ilm-Kreis,16,Thüringen,zweitstimme,184279,147985,146828,1157,0.803048638206198,afd,,,,0.405624267850819,,,,,,,,0,0.0925981420437519,,,,0,0,0.00316016018743019,0.176451358051598,,0,,,,,,0,,0,,,,,,,0.0265889339907919,,,0.016679379954777,,,0,,0.0350818644945106,,,,,,,,0.1495968071485,,0,0,,,0.00121230283052279,,,,,0,,,,0,0,0,,,,,,,,0,0.0882529217860354,0,,0,,0,,,,,,0.00475386166126352,0,,0,0.176451358051598
0,0,2025,2025-02-23,192,Erfurt – Weimar – Weimarer Land II,16,Thüringen,erststimme,214387,175940,174867,1073,0.820665432139076,linke_pds,,,,0.266556868934676,,,,,,,,0,0.058896189675582,,,,0,0,0,0.163478529396627,,0,,,,,,0,,0,,,,,,,0.0191574167796096,,,0.0109683359353108,,,0,,0.0312122927710775,,,,,,,,0.368222706399721,,0,0,,,0.00201867705170215,,,,,0,,,,0,0,0,,,,,,,,0,0.0794889830556938,0,,0,,0,,,,,,0,0,,0,0.163478529396627
0,0,2025,2025-02-23,192,Erfurt – Weimar – Weimarer Land II,16,Thüringen,zweitstimme,214387,175940,174845,1095,0.820665432139076,linke_pds,,,,0.268803797649347,,,,,,,,0,0.0897137464611513,,,,0,0,0.0022591438130916,0.175664159684292,,0,,,,,,0,,0,,,,,,,0.0287969344276359,,,0.0100660585089651,,,0,,0.0875804283794218,,,,,,,,0.221150161571678,,0,0,,,0.00157854099345134,,,,,0,,,,0,0,0,,,,,,,,0,0.105276101690068,0,,0,,0,,,,,,0.00911092682089851,0,,0,0.175664159684292
0,0,2025,2025-02-23,193,Gera – Greiz – Altenburger Land,16,Thüringen,erststimme,220281,173700,172278,1422,0.788538276110967,afd,,,,0.447886555451073,,,,,,,,0,0.0633568998943568,,,,0,0,0,0.199712093244639,,0,,,,,,0,,0,,,,,,,0.022742311844809,,,0.0198284168611198,,,0,,0.0192885916948188,,,,,,,,0.118651249724283,,0,0,,,0,,,,,0,,,,0,0,0,,,,,,,,0,0.1085338812849,0,,0,,0,,,,,,0,0,,0,0.199712093244639
0,0,2025,2025-02-23,193,Gera – Greiz – Altenburger Land,16,Thüringen,zweitstimme,220281,173700,172361,1339,0.788538276110967,afd,,,,0.433746613212966,,,,,,,,0,0.0990073160401715,,,,0,0,0.00328960727774845,0.177708414316464,,0,,,,,,0,,0,,,,,,,0.0297979241243669,,,0.0132048433230255,,,0,,0.0285679475055262,,,,,,,,0.130249882514026,,0,0,,,0.00121257128932879,,,,,0,,,,0,0,0,,,,,,,,0,0.0790317995370182,0,,0,,0,,,,,,0.00418308085935914,0,,0,0.177708414316464
0,0,2025,2025-02-23,194,Saalfeld-Rudolstadt – Saale-Holzland-Kreis – Saale-Orla-Kreis,16,Thüringen,erststimme,211519,172602,171334,1268,0.81601180035836,afd,,,,0.444768697398065,,,,,,,,0,0.0724608075454959,,,,0,0,0,0.205586748689694,,0,,,,,,0,,0,,,,,,,0.0223831813883993,,,0.0230018560239065,,,0,,0.0253306407368065,,,,,,,,0.123232983529247,,0,0,,,0,,,,,0,,,,0,0,0,,,,,,,,0,0.0832350846883864,0,,0,,0,,,,,,0,0,,0,0.205586748689694
0,0,2025,2025-02-23,194,Saalfeld-Rudolstadt – Saale-Holzland-Kreis – Saale-Orla-Kreis,16,Thüringen,zweitstimme,211519,172602,171441,1161,0.81601180035836,afd,,,,0.429168051982898,,,,,,,,0,0.0992353054403556,,,,0,0,0.00274146791024317,0.179396993717955,,0,,,,,,0,,0,,,,,,,0.0280621321620849,,,0.0164721391032483,,,0,,0.0294911952216798,,,,,,,,0.134617740213834,,0,0,,,0.00102659223872936,,,,,0,,,,0,0,0,,,,,,,,0,0.0752853751436354,0,,0,,0,,,,,,0.0045030068653356,0,,0,0.179396993717955
0,0,2025,2025-02-23,195,Suhl – Schmalkalden-Meiningen – Hildburghausen – Sonneberg,16,Thüringen,erststimme,220067,176212,174860,1352,0.800719780794031,afd,,,,0.420953905981928,,,,,,,,0,0.0840500972206337,,,,0,0,0,0.194098135651378,,0,,,,,,0,,0,,,,,,,0.0240478096763125,,,0.0351138053299783,,,0,,0.0161786572114835,,,,,,,,0.105484387510008,,0,0,,,0.00178428457051355,,,,,0,,,,0,0,0,,,,,,,,0,0.104740935605627,0,,0,,0,,,,,,0,0,,0.0135479812421366,0.194098135651378
0,0,2025,2025-02-23,195,Suhl – Schmalkalden-Meiningen – Hildburghausen – Sonneberg,16,Thüringen,zweitstimme,220067,176212,174983,1229,0.800719780794031,afd,,,,0.430933290662522,,,,,,,,0,0.101484144174005,,,,0,0,0.00250310030117211,0.174845556425481,,0,,,,,,0,,0,,,,,,,0.0259853814370539,,,0.0254881902813416,,,0,,0.0247681203316894,,,,,,,,0.125452186783859,,0,0,,,0.00146299926278553,,,,,0,,,,0,0,0,,,,,,,,0,0.0834652509100884,0,,0,,0,,,,,,0.00361177943000177,0,,0,0.174845556425481
0,0,2025,2025-02-23,196,Neuwied,07,Rheinland-Pfalz,erststimme,236097,194324,192393,1931,0.823068484563548,cdu,,,,0.209804930532816,,,,,,,,0,0.0334991397815929,,,,0,0,0,0.356047257436601,,0,,,,,,0,,0,,,,,,,0.0356457875286523,,,0.0225839817456976,,,0,,0.0619617137837655,,,,,,,,0.0503604600998997,,0,0,,,0,,,,,0,,,,0,0,0,,,,,,,,0,0.219935236728987,0,,0,,0,,,,,,0.0101614923619882,0,,0,0.356047257436601
0,0,2025,2025-02-23,196,Neuwied,07,Rheinland-Pfalz,zweitstimme,236097,194324,193104,1220,0.823068484563548,cdu,,,,0.217494200016571,,,,,,,,0,0.0466950451570138,,,,0,0,0.00144999585715469,0.322603363990389,,0,,,,,,0.00465552241279311,,0,,,,,,,0.043955588698318,,,0.0167474521501367,,,0,,0.0811686966608667,,,,,,,,0.0605632198193719,,0,0,,,0.000269284944900157,,,,,0.00123767503521419,,,,0,0,0,,,,,,,,0,0.184765722097937,0,,0,,0.0122938934460187,,,,,,0.00610033971331511,0,,0,0.322603363990389
0,0,2025,2025-02-23,197,Ahrweiler,07,Rheinland-Pfalz,erststimme,191196,159650,157949,1701,0.835007008514823,cdu,,,,0.179393348485904,,,,,,,,0,0,,,,0,0,0.00455843341838188,0.392601409315665,,0,,,,,,0,,0,,,,,,,0.0334475052073771,,,0.0353531836225617,,,0,,0.0912509734154695,,,,,,,,0.0520421148598598,,0,0,,,0,,,,,0.00526119190371576,,,,0,0,0,,,,,,,,0,0.193334557357122,0,,0,,0,,,,,,0.0127572824139437,0,,0,0.392601409315665
0,0,2025,2025-02-23,197,Ahrweiler,07,Rheinland-Pfalz,zweitstimme,191196,159650,158688,962,0.835007008514823,cdu,,,,0.183214861867312,,,,,,,,0,0.0386733716475096,,,,0,0,0.00192831215970962,0.348413238556161,,0,,,,,,0.00431664650131075,,0,,,,,,,0.0476595583787054,,,0.0199763057067957,,,0,,0.099093819318411,,,,,,,,0.057156180681589,,0,0,,,0.000207955232909861,,,,,0.00209215567654769,,,,0,0,0,,,,,,,,0,0.179150282314983,0,,0,,0.0111476608187135,,,,,,0.00696965113934261,0,,0,0.348413238556161
0,0,2025,2025-02-23,198,Koblenz,07,Rheinland-Pfalz,erststimme,189667,155931,154292,1639,0.82213036532449,cdu,,,,0.160967516138231,,,,,,,,0,0,,,,0,0,0,0.357095636844425,,0,,,,,,0,,0,,,,,,,0.030481165582143,,,0.0379669717159671,,,0,,0.097224742695668,,,,,,,,0.0585124309750344,,0,0,,,0,,,,,0,,,,0,0,0,,,,,,,,0,0.244076167267259,0,,0,,0,,,,,,0.0136753687812719,0,,0,0.357095636844425
0,0,2025,2025-02-23,198,Koblenz,07,Rheinland-Pfalz,zweitstimme,189667,155931,154951,980,0.82213036532449,cdu,,,,0.164032500596963,,,,,,,,0,0.0399932882007861,,,,0,0,0.00121974043407271,0.314667217378397,,0,,,,,,0.00518228343153642,,0,,,,,,,0.0477893011339069,,,0.0190963594942917,,,0,,0.116333550606321,,,,,,,,0.0767984717749482,,0,0,,,0.000400126491600571,,,,,0.00134235984278901,,,,0,0,0,,,,,,,,0,0.195113293880001,0,,0,,0.0107969616201251,,,,,,0.00723454511426193,0,,0,0.314667217378397
0,0,2025,2025-02-23,199,Mosel/Rhein-Hunsrück,07,Rheinland-Pfalz,erststimme,168705,142248,140185,2063,0.843175958033253,cdu,,,,0.193030638085387,,,,,,,,0,0,,,,0,0,0,0.381674216214288,,0,,,,,,0,,0,,,,,,,0.0541284730891322,,,0.0428647858187395,,,0,,0.0716125120376645,,,,,,,,0.0463244997681635,,0,0,,,0,,,,,0.00805364339979313,,,,0,0,0,,,,,,,,0,0.193166173271035,0,,0,,0,,,,,,0.00914505831579698,0,,0,0.381674216214288
0,0,2025,2025-02-23,199,Mosel/Rhein-Hunsrück,07,Rheinland-Pfalz,zweitstimme,168705,142248,141223,1025,0.843175958033253,cdu,,,,0.19629238863358,,,,,,,,0,0.0396111115045,,,,0,0,0.00179857388668985,0.349164088002663,,0,,,,,,0.00485048469441946,,0,,,,,,,0.0532561976448595,,,0.0259801873632482,,,0,,0.0773103531294478,,,,,,,,0.0524560446952692,,0,0,,,0.000148700990631838,,,,,0.00293153381531337,,,,0,0,0,,,,,,,,0,0.178044652783187,0,,0,,0.0121085092371639,,,,,,0.00604717361902806,0,,0,0.349164088002663
0,0,2025,2025-02-23,200,Kreuznach,07,Rheinland-Pfalz,erststimme,179523,146442,144936,1506,0.815728346785649,cdu,,,,0.211734834685654,,,,,,,,0,0.0325798973339957,,,,0,0,0,0.322680355467241,,0,,,,,,0,,0,,,,,,,0.0325247005574874,,,0.0303858254677927,,,0,,0.053575371198322,,,,,,,,0.043826240547552,,0,0,,,0,,,,,0,,,,0,0,0,,,,,,,,0,0.262750455373406,0,,0,,0,,,,,,0.00994231936854888,0,,0,0.322680355467241
0,0,2025,2025-02-23,200,Kreuznach,07,Rheinland-Pfalz,zweitstimme,179523,146442,145454,988,0.815728346785649,cdu,,,,0.223108336656262,,,,,,,,0,0.043250787190452,,,,0,0,0.00124437966642375,0.303023636338636,,0,,,,,,0.00426939101021629,,0,,,,,,,0.0441720406451524,,,0.0186450699190122,,,0,,0.0795440482901811,,,,,,,,0.0590152213070799,,0,0,,,0.00022687585078444,,,,,0.00138875520783203,,,,0,0,0,,,,,,,,0,0.202758260343476,0,,0,,0.0124850468189256,,,,,,0.00686815075556533,0,,0,0.303023636338636
0,0,2025,2025-02-23,201,Bitburg,07,Rheinland-Pfalz,erststimme,161542,134533,132975,1558,0.832805090936103,cdu,,,,0.167437488249671,,,,,,,,0,0,,,,0,0,0,0.402022936642226,,0,,,,,,0,,0,,,,,,,0.0312464749012972,,,0.0889264899417184,,,0,,0.0553637901861252,,,,,,,,0.0367963902989284,,0,0,,,0,,,,,0,,,,0,0,0,,,,,,,,0,0.203782665914646,0,,0,,0,,,,,,0.0144237638653882,0,,0,0.402022936642226
0,0,2025,2025-02-23,201,Bitburg,07,Rheinland-Pfalz,zweitstimme,161542,134533,133616,917,0.832805090936103,cdu,,,,0.179140222727817,,,,,,,,0,0.0372934379116274,,,,0,0,0.00142946952460783,0.365951682433242,,0,,,,,,0.00434079750928033,,0,,,,,,,0.0452116512992456,,,0.0526134594659322,,,0,,0.0753652257214705,,,,,,,,0.0495898694767094,,0,0,,,0.000119746138187043,,,,,0.00196084301281284,,,,0,0,0,,,,,,,,0,0.169403364866483,0,,0,,0.0110690336486648,,,,,,0.00651119626392049,0,,0,0.365951682433242
0,0,2025,2025-02-23,202,Trier,07,Rheinland-Pfalz,erststimme,187569,156721,155299,1422,0.835537855402545,cdu,,,,0.142228861744119,,,,,,,,0,0.034456113690365,,,,0,0,0,0.307960772445412,,0,,,,,,0,,0,,,,,,,0.0395881493119724,,,0.026561664917353,,,0,,0.0826985363717732,,,,,,,,0.0501677409384478,,0,0,,,0,,,,,0.00397942034398161,,,,0,0,0,,,,,,,,0,0.302326479887185,0,,0,,0,,,,,,0.0100322603493905,0,,0,0.307960772445412
0,0,2025,2025-02-23,202,Trier,07,Rheinland-Pfalz,zweitstimme,187569,156721,155809,912,0.835537855402545,cdu,,,,0.154541778716249,,,,,,,,0,0.0439063212009576,,,,0,0,0.00127720478277892,0.306978415880982,,0,,,,,,0.00526927199327382,,0,,,,,,,0.046569838712783,,,0.0204866214403533,,,0,,0.122072537529924,,,,,,,,0.0769082658896469,,0,0,,,0.00023747023599407,,,,,0.00199603360524745,,,,0,0,0,,,,,,,,0,0.199552015608854,0,,0,,0.0110006482295631,,,,,,0.00920357617339178,0,,0,0.306978415880982
0,0,2025,2025-02-23,203,Montabaur,07,Rheinland-Pfalz,erststimme,209443,174499,172324,2175,0.833157470051518,cdu,,,,0.2049685476196,,,,,,,,0,0,,,,0,0,0,0.357315289802929,,0,,,,,,0,,0,,,,,,,0.0316961073326989,,,0.0343713005733386,,,0,,0.0628583366217126,,,,,,,,0.0505385204614563,,0,0,,,0,,,,,0,,,,0,0,0,,,,,,,,0,0.233826977089668,0,,0,,0.0244249204985957,,,,,,0,0,,0,0.357315289802929
0,0,2025,2025-02-23,203,Montabaur,07,Rheinland-Pfalz,zweitstimme,209443,174499,173116,1383,0.833157470051518,cdu,,,,0.21014810878255,,,,,,,,0,0.0425552808521454,,,,0,0,0.00175027149425819,0.324863097576192,,0,,,,,,0.00475981422860972,,0,,,,,,,0.0460442708935049,,,0.021817740705654,,,0,,0.0846368908708612,,,,,,,,0.0597633956422283,,0,0,,,0.000167517733773886,,,,,0.00121305945146607,,,,0,0,0,,,,,,,,0,0.181363940941334,0,,0,,0.0143083250537212,,,,,,0.00660828577370087,0,,0,0.324863097576192
0,0,2025,2025-02-23,204,Mainz,07,Rheinland-Pfalz,erststimme,251074,214618,212692,1926,0.854799780144499,cdu,,,,0.101860906851221,,,,,,,,0,0.0233342109717338,,,,0,0,0,0.27253493314276,,0,,,,,,0.00677035337483309,,0,,,,,,,0.0377259135275422,,,0.0141660241099806,,,0,,0.190966279878886,,,,,,,,0.0915596261260414,,0,0,,,0,,,,,0.00485678821958513,,,,0,0,0,,,,,,,,0,0.237014086096327,0,,0,,0,,,,,,0.0192108777010889,0,,0,0.27253493314276
0,0,2025,2025-02-23,204,Mainz,07,Rheinland-Pfalz,zweitstimme,251074,214618,213233,1385,0.854799780144499,cdu,,,,0.108064886767058,,,,,,,,0,0.0330342864378403,,,,0,0,0.000848836718519179,0.265662444368367,,0,,,,,,0.00456777328087116,,0,,,,,,,0.0511834472150183,,,0.00959513771320574,,,0,,0.2065674637603,,,,,,,,0.110681742507023,,0,0,,,0.000234485281358889,,,,,0.0030389292464112,,,,0,0,0,,,,,,,,0,0.185224613451014,0,,0,,0.00831015837135903,,,,,,0.0129857948816553,0,,0,0.265662444368367
0,0,2025,2025-02-23,205,Worms,07,Rheinland-Pfalz,erststimme,211986,178184,176255,1929,0.840546073797326,cdu,,,,0.203489262715951,,,,,,,,0,0.0249695044112224,,,,0,0,0,0.353408413945704,,0,,,,,,0,,0,,,,,,,0.0293381748035517,,,0.0218830671470313,,,0,,0.0794076763779751,,,,,,,,0.0490085387648577,,0,0,,,0,,,,,0,,,,0,0,0,,,,,,,,0,0.221508609684832,0,,0,,0,,,,,,0.0135712462057814,0,,0.00341550594309381,0.353408413945704
0,0,2025,2025-02-23,205,Worms,07,Rheinland-Pfalz,zweitstimme,211986,178184,176702,1482,0.840546073797326,cdu,,,,0.219261808015755,,,,,,,,0,0.0393091193082138,,,,0,0,0.00140915213183778,0.288168781338072,,0,,,,,,0.00446514470690768,,0,,,,,,,0.0466435014883816,,,0.0163439010311145,,,0,,0.106789962762165,,,,,,,,0.0634854161243223,,0,0,,,0.000209392083847381,,,,,0.00143178911387534,,,,0,0,0,,,,,,,,0,0.190942943486774,0,,0,,0.012914398252425,,,,,,0.00862469015630836,0,,0,0.288168781338072
0,0,2025,2025-02-23,206,Ludwigshafen/Frankenthal,07,Rheinland-Pfalz,erststimme,205998,163099,161031,2068,0.791750405343741,cdu,,,,0.230495991455061,,,,,,,,0,0.0338133651284535,,,,0,0,0.00390608019573871,0.270922989983295,,0,,,,,,0,,0,,,,,,,0.0356266805770318,,,0.0286963379721917,,,0,,0.0767988772348181,,,,,,,,0.0484006185144475,,0,0,,,0,,,,,0,,,,0,0,0,,,,,,,,0,0.262142072023399,0,,0,,0,,,,,,0.00919698691556284,0,,0,0.270922989983295
0,0,2025,2025-02-23,206,Ludwigshafen/Frankenthal,07,Rheinland-Pfalz,zweitstimme,205998,163099,161666,1433,0.791750405343741,cdu,,,,0.234254574245667,,,,,,,,0,0.0487362834485915,,,,0,0,0.0025484641173778,0.275128969603998,,0,,,,,,0.00488661808914676,,0,,,,,,,0.0439053356921059,,,0.0177588361189118,,,0,,0.0889426348149889,,,,,,,,0.0682703846201428,,0,0,,,0.000278351663305828,,,,,0.00111340665322331,,,,0,0,0,,,,,,,,0,0.194215233877253,0,,0,,0.0135959323543602,,,,,,0.0063649747009266,0,,0,0.275128969603998
0,0,2025,2025-02-23,207,Neustadt – Speyer,07,Rheinland-Pfalz,erststimme,216200,182125,180422,1703,0.842391304347826,cdu,,,,0.195303233530279,,,,,,,,0,0.0304619170611123,,,,0,0,0.00281007859351964,0.346908913547128,,0,,,,,,0,,0,,,,,,,0.0309385773353582,,,0.0271252951413907,,,0,,0.0937468823092527,,,,,,,,0.0394741217811575,,0,0,,,0,,,,,0,,,,0,0,0,,,,,,,,0,0.219313609205086,0,,0,,0,,,,,,0.0139173714957156,0,,0,0.346908913547128
0,0,2025,2025-02-23,207,Neustadt – Speyer,07,Rheinland-Pfalz,zweitstimme,216200,182125,180883,1242,0.842391304347826,cdu,,,,0.20386658779432,,,,,,,,0,0.0406948137746499,,,,0,0,0.00186861120171603,0.30357745061725,,0,,,,,,0.00394177451722937,,0,,,,,,,0.048639175599697,,,0.0193495242781245,,,0,,0.118070797145116,,,,,,,,0.0557211014854906,,0,0,,,0.000154796194224996,,,,,0.00122178424727586,,,,0,0,0,,,,,,,,0,0.181255286566455,0,,0,,0.0124887358126524,,,,,,0.00914956076579889,0,,0,0.30357745061725
0,0,2025,2025-02-23,208,Kaiserslautern,07,Rheinland-Pfalz,erststimme,219842,179205,176885,2320,0.815153610320139,spd,,,,0.255307120445487,,,,,,,,0,0.0431240636571784,,,,0,0,0.00253271899821918,0.240783559940074,,0,,,,,,0,,0,,,,,,,0.0290471210108262,,,0.0417502897362693,,,0,,0.0570935918817311,,,,,,,,0.0418124770331006,,0,0,,,0,,,,,0,,,,0,0,0,,,,,,,,0,0.279639313678379,0,,0,,0,,,,,,0.00890974361873534,0,,0,0.240783559940074
0,0,2025,2025-02-23,208,Kaiserslautern,07,Rheinland-Pfalz,zweitstimme,219842,179205,177647,1558,0.815153610320139,spd,,,,0.258664655186972,,,,,,,,0,0.0498178972906945,,,,0,0,0.00180695424071332,0.24898816191661,,0,,,,,,0.0044751670447573,,0,,,,,,,0.0392632580341914,,,0.0264513332620309,,,0,,0.0823149279188503,,,,,,,,0.0606314770302904,,0,0,,,0.000315231892460892,,,,,0.00131158983827478,,,,0,0,0,,,,,,,,0,0.20548053161607,0,,0,,0.0148947069187771,,,,,,0.00558410780930722,0,,0,0.24898816191661
0,0,2025,2025-02-23,209,Pirmasens,07,Rheinland-Pfalz,erststimme,169645,139067,137227,1840,0.819753013646144,cdu,,,,0.250854423692131,,,,,,,,0,0.0351752934918056,,,,0,0,0.00170520378642687,0.332893672528001,,0,,,,,,0,,0,,,,,,,0.0297171839361059,,,0.0337542903364498,,,0,,0.0445393399258164,,,,,,,,0.0358821514716492,,0,0,,,0,,,,,0,,,,0,0,0,,,,,,,,0,0.20749560946461,0,,0,,0.027982831367005,,,,,,0,0,,0,0.332893672528001
0,0,2025,2025-02-23,209,Pirmasens,07,Rheinland-Pfalz,zweitstimme,169645,139067,137687,1380,0.819753013646144,cdu,,,,0.270802617531067,,,,,,,,0,0.0501499778483081,,,,0,0,0.00180844959945383,0.302555796843566,,0,,,,,,0.00461917247089413,,0,,,,,,,0.041151306949821,,,0.0210840529607007,,,0,,0.0591050716480133,,,,,,,,0.0478912315614401,,0,0,,,0.000225148343707104,,,,,0.0010894274695505,,,,0,0,0,,,,,,,,0,0.174134086732952,0,,0,,0.0209751102137457,,,,,,0.00440854982678103,0,,0,0.302555796843566
0,0,2025,2025-02-23,210,Südpfalz,07,Rheinland-Pfalz,erststimme,215995,179902,178186,1716,0.832898909696984,cdu,,,,0.199718271918108,,,,,,,,0,0.0300865387853142,,,,0,0,0,0.382319598621665,,0,,,,,,0,,0,,,,,,,0.0262983623853726,,,0.0229928277193494,,,0,,0.0774415498411772,,,,,,,,0.0399245731987923,,0,0,,,0,,,,,0,,,,0,0,0,,,,,,,,0,0.192349567306073,0,,0,,0.0171730663464021,,,,,,0.0116956438777457,0,,0,0.382319598621665
0,0,2025,2025-02-23,210,Südpfalz,07,Rheinland-Pfalz,zweitstimme,215995,179902,178579,1323,0.832898909696984,cdu,,,,0.212040609478158,,,,,,,,0,0.0430677739263855,,,,0,0,0.00129354515368548,0.308429322596722,,0,,,,,,0.00469820079628624,,0,,,,,,,0.0430285755883951,,,0.0188320015231354,,,0,,0.110875298887327,,,,,,,,0.0613453989550843,,0,0,,,0.000229590265372748,,,,,0.0015455344693385,,,,0,0,0,,,,,,,,0,0.171940709713908,0,,0,,0.0139154099866166,,,,,,0.00875802865958483,0,,0,0.308429322596722
0,0,2025,2025-02-23,211,Altötting,09,Bayern,erststimme,168462,137701,136967,734,0.817400956892356,csu,,,,0.23559689560259,,,,,,,,0,0,,,,0,0,0,0,,0.439259091606007,,,,,,0,,0.0115356253696146,,,,,,,0.0291603086874941,,,0.063058985010988,,,0,,0.0759233976067228,,,,,,,,0.0428351354705878,,0,0,,,0,,,,,0.0159673497995868,,,,0,0,0,,,,,,,,0,0.0866632108464083,0,,0,,0,,,,,,0,0,,0,0.439259091606007
0,0,2025,2025-02-23,211,Altötting,09,Bayern,zweitstimme,168462,137701,137250,451,0.817400956892356,csu,,,,0.241792349726776,,,,,,,,0.00246994535519126,0.0332313296903461,,,,0,0,0.000735883424408015,0,,0.396298724954463,,,,,,0.00365027322404372,,0.0058287795992714,,,,,,,0.0356065573770492,,,0.0546739526411658,,,0,,0.0780473588342441,,,,,,,,0.0452604735883424,,0,0,,,0.000204007285974499,,,,,0.00614207650273224,,,,0,0.000641165755919854,0,,,,,,,,0,0.0837377049180328,0,,0,,0.00767213114754098,,,,,,0.00400728597449909,0,,0,0.396298724954463
0,0,2025,2025-02-23,212,Erding – Ebersberg,09,Bayern,erststimme,201029,175164,174443,721,0.87133697128275,csu,,,,0.156354797842275,,,,,,,,0,0,,,,0,0,0,0,,0.459101253704649,,,,,,0,,0,,,,,,,0.0362525294795435,,,0.0404659401638358,,,0,,0.134043785075927,,,,,,,,0.039302236260555,,0,0,,,0,,,,,0.0141708179749259,,,,0,0,0,,,,,,,,0,0.100944147945174,0,,0,,0,,,,,,0.0115338534650287,0,,0.00783063808808608,0.459101253704649
0,0,2025,2025-02-23,212,Erding – Ebersberg,09,Bayern,zweitstimme,201029,175164,174731,433,0.87133697128275,csu,,,,0.165093772713485,,,,,,,,0.00212326375972209,0.0269499974246127,,,,0,0,0.000812677773262901,0,,0.400673034550252,,,,,,0.00397754262265997,,0.00343384974618127,,,,,,,0.050483314351775,,,0.0430604758171132,,,0,,0.130085674551167,,,,,,,,0.0505119297663265,,0,0,,,0.000177415570219366,,,,,0.00588905231470088,,,,0,0.000732554612518672,0,,,,,,,,0,0.100909397874447,0,,0,,0.0081038854009878,,,,,,0.00698216115056859,0,,0,0.400673034550252
0,0,2025,2025-02-23,213,Freising,09,Bayern,erststimme,238829,204980,204067,913,0.858270980492319,csu,,,,0.181141487844678,,,,,,,,0,0,,,,0,0,0,0,,0.431353428040791,,,,,,0,,0.0115746299009639,,,,,,,0.0284367389141802,,,0.0647238406993782,,,0,,0.126027236152832,,,,,,,,0.0422900321953084,,0,0,,,0,,,,,0,,,,0,0,0,,,,,,,,0,0.114452606251868,0,,0,,0,,,,,,0,0,,0,0.431353428040791
0,0,2025,2025-02-23,213,Freising,09,Bayern,zweitstimme,238829,204980,204429,551,0.858270980492319,csu,,,,0.190692122937548,,,,,,,,0.0018050276624158,0.0285478087746846,,,,0,0,0.000660375974054562,0,,0.384593183941613,,,,,,0.00424597292947674,,0.00465198186167325,,,,,,,0.0435505725704279,,,0.0539747296127262,,,0,,0.116177254694784,,,,,,,,0.0521061101898459,,0,0,,,0.000180991933629769,,,,,0.00503842409834221,,,,0,0.000865826277093759,0,,,,,,,,0,0.0989732376521922,0,,0,,0.00809572027452074,,,,,,0.00584065861497146,0,,0,0.384593183941613
0,0,2025,2025-02-23,214,Fürstenfeldbruck,09,Bayern,erststimme,230710,199398,198599,799,0.864279831823501,csu,,,,0.14097251244971,,,,,,,,0,0,,,,0,0,0,0,,0.426240816922542,,,,,,0,,0,,,,,,,0.0440485601639485,,,0.0444564172025035,,,0,,0.12027250892502,,,,,,,,0.0368229447278184,,0,0,,,0,,,,,0.00991948599942598,,,,0,0,0,,,,,,,,0,0.150025931651217,0,,0,,0.0144461956001793,,,,,,0.0127946263576352,0,,0,0.426240816922542
0,0,2025,2025-02-23,214,Fürstenfeldbruck,09,Bayern,zweitstimme,230710,199398,198897,501,0.864279831823501,csu,,,,0.149916791102933,,,,,,,,0.0016490947575881,0.0268530948179208,,,,0,0,0.000754159187921387,0,,0.396838564684234,,,,,,0.00393671096094964,,0.00326299541973987,,,,,,,0.0503526951135512,,,0.0348170158423707,,,0,,0.139660226147202,,,,,,,,0.053319054586042,,0,0,,,0.000120665470067422,,,,,0.00465567605343469,,,,0,0.000744103732082435,0,,,,,,,,0,0.116306429961236,0,,0,,0.00823541833210154,,,,,,0.0085773038306259,0,,0,0.396838564684234
0,0,2025,2025-02-23,215,Ingolstadt,09,Bayern,erststimme,237848,195987,195087,900,0.824001042682722,csu,,,,0.201038511023287,,,,,,,,0,0,,,,0,0,0,0,,0.470759199741654,,,,,,0.0071045225976103,,0,,,,,,,0.0190222823663289,,,0.0507927232465515,,,0,,0.0744847170749461,,,,,,,,0.0396284734503068,,0,0,,,0,,,,,0.00833986887901295,,,,0,0,0,,,,,,,,0,0.110494292290106,0,,0,,0.0102672141147283,,,,,,0.00806819521546797,0,,0,0.470759199741654
0,0,2025,2025-02-23,215,Ingolstadt,09,Bayern,zweitstimme,237848,195987,195341,646,0.824001042682722,csu,,,,0.214204903220522,,,,,,,,0.00154601440557794,0.0301626386677656,,,,0,0,0.00067062214281692,0,,0.402624129087084,,,,,,0.00444863085578552,,0.00333775295508879,,,,,,,0.0376213902867294,,,0.0468155686722194,,,0,,0.0922796545528077,,,,,,,,0.0473940442610614,,0,0,,,0.000153577589958073,,,,,0.00421826447084841,,,,0,0.000583594841840679,0,,,,,,,,0,0.10142775966131,0,,0,,0.00721814672802945,,,,,,0.00529330760055493,0,,0,0.402624129087084
0,0,2025,2025-02-23,216,München-Nord,09,Bayern,erststimme,223701,185631,184655,976,0.829817479582121,csu,,,,0.0903522785735561,,,,,,,,0,0,,,,0,0,0.00283772440497143,0,,0.324253337304703,,,,,,0,,0,,,,,,,0.0462267471771682,,,0.0146218623920284,,,0,,0.242116379193631,,,,,,,,0.0656521621402074,,0,0,,,0,,,,,0,,,,0,0,0,,,,,,,,0,0.197638839998917,0,,0,,0,,,,,,0.0163006688148168,0,,0,0.324253337304703
0,0,2025,2025-02-23,216,München-Nord,09,Bayern,zweitstimme,223701,185631,185147,484,0.829817479582121,csu,,,,0.0955348992962349,,,,,,,,0.000810167056447039,0.0328117657861051,,,,0,0,0.000907387103220684,0,,0.289008193489498,,,,,,0.00420746757981496,,0.00216584659756842,,,,,,,0.066941403317364,,,0.011855444592675,,,0,,0.228418499894678,,,,,,,,0.0906576936164237,,0,0,,,0.000221445662095524,,,,,0.00304082701853122,,,,0,0.000912788216930331,0,,,,,,,,0,0.153764306199938,0,,0,,0.00640031974593161,,,,,,0.0123415448265432,0,,0,0.289008193489498
0,0,2025,2025-02-23,217,München-Ost,09,Bayern,erststimme,243744,205040,204003,1037,0.84121045030852,csu,,,,0.0904447483615437,,,,,,,,0,0,,,,0,0,0,0,,0.362872114625765,,,,,,0.0100586756077117,,0,,,,,,,0.0405778346396867,,,0.0178869918579629,,,0,,0.242359180992436,,,,,,,,0.0611608652813929,,0,0,,,0,,,,,0,,,,0,0,0,,,,,,,,0,0.154634980858125,0,,0,,0,,,,,,0.0200046077753759,0,,0,0.362872114625765
0,0,2025,2025-02-23,217,München-Ost,09,Bayern,zweitstimme,243744,205040,204493,547,0.84121045030852,csu,,,,0.0963064750382654,,,,,,,,0.00101714973128665,0.0320891179649181,,,,0,0,0.000655279153809666,0,,0.31082726548097,,,,,,0.00411750035453536,,0.00213699246428973,,,,,,,0.0627747649063782,,,0.0121764559178065,,,0,,0.220276488681764,,,,,,,,0.0838757316876372,,0,0,,,0.000224946575188393,,,,,0.00363826634652531,,,,0,0.000894896157814693,0,,,,,,,,0,0.151398825387666,0,,0,,0.00643053796462471,,,,,,0.0111593061865198,0,,0,0.31082726548097
0,0,2025,2025-02-23,218,München-Süd,09,Bayern,erststimme,214947,181255,180632,623,0.843254383638758,csu,,,,0.0878914035165419,,,,,,,,0,0.0254273882811462,,,,0,0,0,0,,0.303705877142478,,,,,,0.00648832986403295,,0,,,,,,,0.0396994995349661,,,0.0130873820806945,,,0,,0.29770472563001,,,,,,,,0.0543923557287745,,0,0,,,0.000570220116037026,,,,,0,,,,0,0,0,,,,,,,,0,0.146491208645201,0,,0,,0.00911244962132955,,,,,,0.0154291598387883,0,,0,0.303705877142478
0,0,2025,2025-02-23,218,München-Süd,09,Bayern,zweitstimme,214947,181255,180809,446,0.843254383638758,csu,,,,0.0928161761859199,,,,,,,,0.000846196815424011,0.0308889491120464,,,,0,0,0.000575192606562727,0,,0.28686072042874,,,,,,0.0044522120027211,,0.00216803367089028,,,,,,,0.0556554153830838,,,0.0115868126033549,,,0,,0.240795535620461,,,,,,,,0.093452206472023,,0,0,,,0.000293127001421389,,,,,0.00361707658357715,,,,0,0.000956810778224535,0,,,,,,,,0,0.155130552129595,0,,0,,0.00733370573367476,,,,,,0.0125712768722796,0,,0,0.28686072042874
0,0,2025,2025-02-23,219,München-West/Mitte,09,Bayern,erststimme,246574,210862,208136,2726,0.855167211465929,csu,,,,0,,,,,,,,0,0,,,,0,0,0.00804762270822923,0,,0.346888572856209,,,,,,0.0108006303570742,,0,,,,,,,0.0496262059422685,,,0.0305857708421417,,,0,,0.289440558096629,,,,,,,,0.0609361186916247,,0,0,,,0,,,,,0,,,,0,0,0,,,,,,,,0,0.158636660644963,0,,0,,0.017685551754622,,,,,,0.0211448283814429,0,,0.00620747972479533,0.346888572856209
0,0,2025,2025-02-23,219,München-West/Mitte,09,Bayern,zweitstimme,246574,210862,210467,395,0.855167211465929,csu,,,,0.0894296968170782,,,,,,,,0.000764965529037807,0.0290876954581954,,,,0,0,0.000769716867727482,0,,0.287474996080146,,,,,,0.00409090261181088,,0.00193379484669806,,,,,,,0.0596435545715005,,,0.0116977958539819,,,0,,0.250428808316743,,,,,,,,0.0887122446749372,,0,0,,,0.000213810241035412,,,,,0.00353499598511881,,,,0,0.000812478915934565,0,,,,,,,,0,0.153520504402115,0,,0,,0.00586315194305996,,,,,,0.0120208868848798,0,,0,0.287474996080146
0,0,2025,2025-02-23,220,München-Land,09,Bayern,erststimme,234884,205548,204769,779,0.875104306806764,csu,,,,0.111950539388286,,,,,,,,0,0,,,,0,0,0,0,,0.430748794983616,,,,,,0,,0,,,,,,,0.0429068853195552,,,0.0296480424282973,,,0,,0.195561828206418,,,,,,,,0.0411585738075588,,0,0,,,0,,,,,0,,,,0,0,0,,,,,,,,0,0.13335026297926,0,,0,,0.0146750728870093,,,,,,0,0,,0,0.430748794983616
0,0,2025,2025-02-23,220,München-Land,09,Bayern,zweitstimme,234884,205548,205109,439,0.875104306806764,csu,,,,0.117381489841986,,,,,,,,0.00117010955150676,0.0256741537426442,,,,0,0,0.000716692100297891,0,,0.3904801837072,,,,,,0.00375897693421547,,0.00253523736159798,,,,,,,0.0633078021929803,,,0.0208230745603557,,,0,,0.172318133285229,,,,,,,,0.0502659561501446,,0,0,,,0.000121886411615287,,,,,0.00373459965189241,,,,0,0.000784948490802451,0,,,,,,,,0,0.129921163868967,0,,0,,0.00812251047004276,,,,,,0.00888308167852215,0,,0,0.3904801837072
0,0,2025,2025-02-23,221,Rosenheim,09,Bayern,erststimme,238910,201583,200689,894,0.843761249005902,csu,,,,0.183433073063297,,,,,,,,0,0,,,,0,0,0.00265585059470125,0,,0.408707004369946,,,,,,0,,0.0116648147133126,,,,,,,0.0285217425967542,,,0.0799097110454484,,,0,,0.125547488900737,,,,,,,,0.0456028980163337,,0,0,,,0,,,,,0,,,,0,0.00174399194774004,0,,,,,,,,0,0.0892724563877442,0,,0,,0.0135084633437807,,,,,,0.00943250502020539,0,,0,0.408707004369946
0,0,2025,2025-02-23,221,Rosenheim,09,Bayern,zweitstimme,238910,201583,200985,598,0.843761249005902,csu,,,,0.195925069035003,,,,,,,,0.00239321342388736,0.0303007687140831,,,,0,0,0.00114933950294798,0,,0.375814115481255,,,,,,0.00406000447794612,,0.00619946762196184,,,,,,,0.0466402965395428,,,0.0471328706122348,,,0,,0.124516754981715,,,,,,,,0.050451526233301,,0,0,,,0.000154240366196482,,,,,0.00498047117944125,,,,0,0.000860760753290047,0,,,,,,,,0,0.0958877528173744,0,,0,,0.00851804861059283,,,,,,0.00501529964922755,0,,0,0.375814115481255
0,0,2025,2025-02-23,222,Bad Tölz-Wolfratshausen – Miesbach,09,Bayern,erststimme,165895,141799,141146,653,0.854751499442418,csu,,,,0.165013532087342,,,,,,,,0.0113499496974764,0,,,,0,0,0,0,,0.463923880237485,,,,,,0,,0,,,,,,,0.0336814362433225,,,0.0511952163008516,,,0,,0.147506836892296,,,,,,,,0.0332563444943534,,0,0,,,0,,,,,0.00899777535318039,,,,0,0,0,,,,,,,,0,0.0772320859252122,0,,0,,0,,,,,,0.00784294276848087,0,,0,0.463923880237485
0,0,2025,2025-02-23,222,Bad Tölz-Wolfratshausen – Miesbach,09,Bayern,zweitstimme,165895,141799,141402,397,0.854751499442418,csu,,,,0.171666595946309,,,,,,,,0.0038188993083549,0.0273404902335186,,,,0,0,0.000728419682889917,0,,0.41891911005502,,,,,,0.00382597134411112,,0.00357845009264367,,,,,,,0.0530827003861332,,,0.0446386896932151,,,0,,0.124361748773002,,,,,,,,0.0404237563825123,,0,0,,,0.000148512750880468,,,,,0.00422200534645903,,,,0,0.000438466216885193,0,,,,,,,,0,0.0907271467164538,0,,0,,0.00660528139630274,,,,,,0.0054737556753087,0,,0,0.41891911005502
0,0,2025,2025-02-23,223,Starnberg – Landsberg am Lech,09,Bayern,erststimme,215624,188310,187546,764,0.873325789336994,csu,,,,0.1289656937498,,,,,,,,0.003721753596451,0,,,,0,0,0,0,,0.428913439902744,,,,,,0.00799270578951297,,0.00810467831891909,,,,,,,0.0355379480234183,,,0.0322640845445917,,,0,,0.166951041344523,,,,,,,,0.0343862305780982,,0,0,,,0,,,,,0,,,,0,0,0,,,,,,,,0,0.128912373497702,0,,0,,0.0129568212598509,,,,,,0.0112932293943886,0,,0,0.428913439902744
0,0,2025,2025-02-23,223,Starnberg – Landsberg am Lech,09,Bayern,zweitstimme,215624,188310,187763,547,0.873325789336994,csu,,,,0.134786938853768,,,,,,,,0.00229544691978718,0.0267944163653116,,,,0,0,0.00061247423613811,0,,0.386876008585291,,,,,,0.00466013005757258,,0.00410624031358681,,,,,,,0.0584193904017298,,,0.0273642836980662,,,0,,0.167903154508609,,,,,,,,0.0517460841592859,,0,0,,,0.000133146573073502,,,,,0.00405830754728035,,,,0,0.000697688042905152,0,,,,,,,,0,0.115070594313044,0,,0,,0.00775445641580077,,,,,,0.00672123900875039,0,,0,0.386876008585291
0,0,2025,2025-02-23,224,Traunstein,09,Bayern,erststimme,209020,172572,171750,822,0.825624342168214,csu,,,,0.180459970887918,,,,,,,,0,0,,,,0,0,0,0,,0.468745269286754,,,,,,0,,0.0104570596797671,,,,,,,0.0190393013100437,,,0.0622416302765648,,,0,,0.0872489082969432,,,,,,,,0.0400815138282387,,0,0,,,0,,,,,0.0103580786026201,,,,0,0,0,,,,,,,,0,0.12136826783115,0,,0,,0,,,,,,0,0,,0,0.468745269286754
0,0,2025,2025-02-23,224,Traunstein,09,Bayern,zweitstimme,209020,172572,172024,548,0.825624342168214,csu,,,,0.201245175091848,,,,,,,,0.00254034320792448,0.0343324187322699,,,,0,0,0.00077896107519881,0,,0.388486490257173,,,,,,0.00388317909128959,,0.00569106636283309,,,,,,,0.0342452215969865,,,0.0652118309073153,,,0,,0.102758917360368,,,,,,,,0.0436799516346556,,0,0,,,0.000162767985862438,,,,,0.00582476863693438,,,,0,0.000499930242291773,0,,,,,,,,0,0.0983874343114914,0,,0,,0.00842905641073339,,,,,,0.00384248709482398,0,,0,0.388486490257173
0,0,2025,2025-02-23,225,Weilheim,09,Bayern,erststimme,168111,143698,142916,782,0.854780472425957,csu,,,,0.155119090934535,,,,,,,,0,0,,,,0,0,0,0,,0.45767443813149,,,,,,0,,0,,,,,,,0.0444736768451398,,,0.0555291220017353,,,0,,0.126843740378964,,,,,,,,0.0398695737356209,,0,0,,,0,,,,,0.0163102801645722,,,,0,0,0,,,,,,,,0,0.094384113745137,0,,0,,0,,,,,,0.00979596406280612,0,,0,0.45767443813149
0,0,2025,2025-02-23,225,Weilheim,09,Bayern,zweitstimme,168111,143698,143330,368,0.854780472425957,csu,,,,0.169113235191516,,,,,,,,0.00210004883834508,0.0281308867648085,,,,0,0,0.000711644456847834,0,,0.416423637759018,,,,,,0.00462568896951092,,0.00410242098653457,,,,,,,0.0471638875322682,,,0.0441917253889625,,,0,,0.119298123212168,,,,,,,,0.0479313472406335,,0,0,,,0.00010465359659527,,,,,0.00674666852717505,,,,0,0.000572106328054141,0,,,,,,,,0,0.0968952766343403,0,,0,,0.00706062931696086,,,,,,0.00482801925626177,0,,0,0.416423637759018
0,0,2025,2025-02-23,226,Deggendorf,09,Bayern,erststimme,165283,135485,134810,675,0.819715276223205,csu,,,,0.270054150285587,,,,,,,,0.0081522142274312,0,,,,0,0,0,0,,0.432809138787924,,,,,,0,,0,,,,,,,0.0384837920035606,,,0.0843409242637786,,,0,,0.0471330020028188,,,,,,,,0.0227727913359543,,0,0,,,0,,,,,0,,,,0,0,0,,,,,,,,0,0.0901713522735702,0,,0,,0,,,,,,0.00608263481937542,0,,0,0.432809138787924
0,0,2025,2025-02-23,226,Deggendorf,09,Bayern,zweitstimme,165283,135485,135137,348,0.819715276223205,csu,,,,0.292517963252107,,,,,,,,0.00350755159578798,0.0295403923425857,,,,0,0,0.000658590911445422,0,,0.384446894632854,,,,,,0.00205717161103177,,0.00210157099832022,,,,,,,0.0316937626260758,,,0.0782539200959027,,,0,,0.0507336998749417,,,,,,,,0.0309167733485278,,0,0,,,9.61986724583201e-05,,,,,0.00375914812375589,,,,0,0.000347795200426234,0,,,,,,,,0,0.080755085579819,0,,0,,0.00565352198139666,,,,,,0.00295995915256369,0,,0,0.384446894632854
0,0,2025,2025-02-23,227,Landshut,09,Bayern,erststimme,247907,208132,207304,828,0.839556769272348,csu,,,,0.203194342607957,,,,,,,,0.0042063828966156,0,,,,0,0,0,0,,0.342424651719214,,,,,,0,,0,,,,,,,0.0310510168641223,,,0.184955427777563,,,0,,0.0826081503492456,,,,,,,,0.036477829660788,,0,0,,,0,,,,,0.00912669316559256,,,,0,0,0,,,,,,,,0,0.0906880716242812,0,,0,,0.0100962837185968,,,,,,0.00517114961602285,0,,0,0.342424651719214
0,0,2025,2025-02-23,227,Landshut,09,Bayern,zweitstimme,247907,208132,207547,585,0.839556769272348,csu,,,,0.223703546666538,,,,,,,,0.00223082000703455,0.0293764785807552,,,,0,0,0.000693818749488068,0,,0.362337205548623,,,,,,0.00333418454615099,,0.00286682052739861,,,,,,,0.0372734850419423,,,0.0927741668152274,,,0,,0.0869827075313062,,,,,,,,0.0462786742280062,,0,0,,,0.000159000130091016,,,,,0.00522773154996218,,,,0,0.000616727777322727,0,,,,,,,,0,0.0945858046611129,0,,0,,0.00755973345796374,,,,,,0.00399909418107706,0,,0,0.362337205548623
0,0,2025,2025-02-23,228,Passau,09,Bayern,erststimme,176118,144115,143520,595,0.81828660330006,csu,,,,0.235340022296544,,,,,,,,0,0.026505016722408,,,,0,0,0,0,,0.407873467112598,,,,,,0,,0,,,,,,,0.0214046822742475,,,0.0640886287625418,,,0,,0.0517349498327759,,,,,,,,0.028992474916388,,0,0,,,0,,,,,0.0182971014492754,,,,0,0,0,,,,,,,,0,0.140196488294314,0,,0,,0,,,,,,0.00556716833890747,0,,0,0.407873467112598
0,0,2025,2025-02-23,228,Passau,09,Bayern,zweitstimme,176118,144115,143712,403,0.81828660330006,csu,,,,0.255149187263416,,,,,,,,0.0016769650411935,0.0341377198842129,,,,0,0,0.000514918726341572,0,,0.38582025161434,,,,,,0.00247021821420619,,0.0020875083500334,,,,,,,0.0327460476508573,,,0.0636968381206858,,,0,,0.0683380650189267,,,,,,,,0.0395304497884658,,0,0,,,5.5666889334224e-05,,,,,0.00704881986194611,,,,0,0.000494043642841238,0,,,,,,,,0,0.0967490536628813,0,,0,,0.00607464929859719,,,,,,0.00340959697172122,0,,0,0.38582025161434
0,0,2025,2025-02-23,229,Rottal-Inn,09,Bayern,erststimme,172941,142709,142070,639,0.825188937267623,csu,,,,0.231470401914549,,,,,,,,0,0,,,,0,0,0,0,,0.34899697332301,,,,,,0,,0,,,,,,,0.0184768072077145,,,0.229942985852045,,,0,,0.0541141690715844,,,,,,,,0.0293306116703034,,0,0,,,0,,,,,0.0113394805377631,,,,0,0,0,,,,,,,,0,0.0700147814457662,0,,0,,0,,,,,,0.00631378897726473,0,,0,0.34899697332301
0,0,2025,2025-02-23,229,Rottal-Inn,09,Bayern,zweitstimme,172941,142709,142326,383,0.825188937267623,csu,,,,0.26071835082838,,,,,,,,0.00216404592274075,0.0291654370951197,,,,0,0,0.000512906988182061,0,,0.384399196211514,,,,,,0.00267695291092281,,0.00258561331028765,,,,,,,0.0300015457470877,,,0.105370768517348,,,0,,0.055091831429254,,,,,,,,0.0350603543976505,,0,0,,,0.000105391846886725,,,,,0.00611272711943004,,,,0,0.000435619633798463,0,,,,,,,,0,0.0765777159478943,0,,0,,0.00576844708626674,,,,,,0.00325309500723691,0,,0,0.384399196211514
0,0,2025,2025-02-23,230,Straubing,09,Bayern,erststimme,172522,141540,140943,597,0.820417106224134,csu,,,,0.260197384758378,,,,,,,,0,0,,,,0,0,0.00341272713082594,0,,0.463244006442321,,,,,,0,,0,,,,,,,0.0192631063621464,,,0.0790319490858007,,,0,,0.0513753786991905,,,,,,,,0.0311757235194369,,0,0,,,0,,,,,0.0133174403837012,,,,0,0,0,,,,,,,,0,0.0789822836182003,0,,0,,0,,,,,,0,0,,0,0.463244006442321
0,0,2025,2025-02-23,230,Straubing,09,Bayern,zweitstimme,172522,141540,141124,416,0.820417106224134,csu,,,,0.277160511323375,,,,,,,,0.00207618831665769,0.0293571610782007,,,,0,0,0.000921175703636518,0,,0.392760976162807,,,,,,0.00259346390408435,,0.00222499362262974,,,,,,,0.0303208525835435,,,0.0789093279668944,,,0,,0.0529038292565404,,,,,,,,0.0349621609364814,,0,0,,,0.000120461438167852,,,,,0.00639862815679828,,,,0,0.000354298347552507,0,,,,,,,,0,0.0801422862163771,0,,0,,0.00627816671863042,,,,,,0.0025155182676228,0,,0,0.392760976162807
0,0,2025,2025-02-23,231,Amberg,09,Bayern,erststimme,214379,181941,181133,808,0.848688537589969,csu,,,,0.211772564910867,,,,,,,,0,0,,,,0,0,0.0033787327543849,0,,0.445120436364439,,,,,,0,,0.00887193388283747,,,,,,,0.0259367426145429,,,0.0711245328018638,,,0,,0.0672268443629819,,,,,,,,0.0403902105083005,,0,0,,,0,,,,,0.00965036740958301,,,,0,0,0,,,,,,,,0,0.108787465563978,0,,0,,0,,,,,,0.00774016882622162,0,,0,0.445120436364439
0,0,2025,2025-02-23,231,Amberg,09,Bayern,zweitstimme,214379,181941,181326,615,0.848688537589969,csu,,,,0.220674365507429,,,,,,,,0.00189713554592281,0.0280323836625746,,,,0,0,0.0010974708536007,0,,0.400780913934019,,,,,,0.00318762891146333,,0.00429612962288916,,,,,,,0.0329296405369335,,,0.0625006893661141,,,0,,0.0770214971929012,,,,,,,,0.0440091327222792,,0,0,,,0.000176477725202122,,,,,0.00437885355657766,,,,0,0.000590097393644596,0,,,,,,,,0,0.10665321024012,0,,0,,0.0073348554537132,,,,,,0.00443951777461588,0,,0,0.400780913934019
0,0,2025,2025-02-23,232,Regensburg,09,Bayern,erststimme,250984,212696,211967,729,0.847448442928633,csu,,,,0.179103350993315,,,,,,,,0,0.0243009525067581,,,,0,0,0.00152382210438417,0,,0.382630315096218,,,,,,0,,0,,,,,,,0.0246689343152472,,,0.0529044615435422,,,0,,0.130874145503781,,,,,,,,0.0459316780442239,,0,0,,,0,,,,,0.00780781914165884,,,,0,0,0,,,,,,,,0,0.130331608222035,0,,0,,0.00967603447706483,,,,,,0.0102468780517722,0,,0,0.382630315096218
0,0,2025,2025-02-23,232,Regensburg,09,Bayern,zweitstimme,250984,212696,212143,553,0.847448442928633,csu,,,,0.187467887227012,,,,,,,,0.00109831575870993,0.0295461080497589,,,,0,0,0.000966329315603154,0,,0.356754641916066,,,,,,0.00344578892539466,,0.00250302861748915,,,,,,,0.0350094040340714,,,0.0492450846834447,,,0,,0.133574994225593,,,,,,,,0.0697689765865478,,0,0,,,0.000150841649264883,,,,,0.00404444172091467,,,,0,0.000697642627850082,0,,,,,,,,0,0.111278712943628,0,,0,,0.00665117397227342,,,,,,0.00779662774637862,0,,0,0.356754641916066
0,0,2025,2025-02-23,233,Schwandorf,09,Bayern,erststimme,220950,185033,184150,883,0.837442860375651,csu,,,,0.269861525929948,,,,,,,,0,0,,,,0,0,0.00282378495791474,0,,0.422030953027423,,,,,,0,,0,,,,,,,0.0186369807222373,,,0.0738039641596525,,,0,,0.0408145533532446,,,,,,,,0.0266847678522943,,0,0,,,0,,,,,0.00668476785229433,,,,0,0,0,,,,,,,,0,0.138658702144991,0,,0,,0,,,,,,0,0,,0,0.422030953027423
0,0,2025,2025-02-23,233,Schwandorf,09,Bayern,zweitstimme,220950,185033,184511,522,0.837442860375651,csu,,,,0.281679683054127,,,,,,,,0.00182644937158218,0.0249036642801784,,,,0,0,0.000840058316306345,0,,0.39263241757944,,,,,,0.00229254624385538,,0.00275864311612858,,,,,,,0.0267030149963959,,,0.0784668664740856,,,0,,0.0497151931321168,,,,,,,,0.0328002124534581,,0,0,,,0.000157172201115381,,,,,0.00369083686067497,,,,0,0.000422739023689645,0,,,,,,,,0,0.0927315986580746,0,,0,,0.00575033466839375,,,,,,0.00262856957037792,0,,0,0.39263241757944
0,0,2025,2025-02-23,234,Weiden,09,Bayern,erststimme,162689,136787,136146,641,0.840788252432555,csu,,,,0.230282197053164,,,,,,,,0,0,,,,0,0,0,0,,0.435326781543343,,,,,,0,,0,,,,,,,0.0303057012325004,,,0.0710487271017878,,,0,,0.0486536512273589,,,,,,,,0.0410662083351696,,0,0,,,0,,,,,0.00578055910566598,,,,0,0,0,,,,,,,,0,0.119680343161018,0,,0,,0,,,,,,0,0,,0.0178558312399924,0.435326781543343
0,0,2025,2025-02-23,234,Weiden,09,Bayern,zweitstimme,162689,136787,136363,424,0.840788252432555,csu,,,,0.242917800283068,,,,,,,,0.00227334394227173,0.025857454001452,,,,0,0,0.00069666991779295,0,,0.404024552114577,,,,,,0.00253001180672177,,0.00330734876762758,,,,,,,0.0305874760748883,,,0.0602216143675337,,,0,,0.0581316046141549,,,,,,,,0.0393581836715238,,0,0,,,0.00015400071867002,,,,,0.00307268100584469,,,,0,0.000447335420898631,0,,,,,,,,0,0.116820545162544,0,,0,,0.00660003080014373,,,,,,0.00299934733028754,0,,0,0.404024552114577
0,0,2025,2025-02-23,235,Bamberg,09,Bayern,erststimme,181281,155529,154868,661,0.857944296423784,csu,,,,0.186552418834104,,,,,,,,0,0,,,,0,0,0,0,,0.394167936565333,,,,,,0,,0,,,,,,,0.0304065397628949,,,0.0398662086421985,,,0,,0.134062556499729,,,,,,,,0.0511015832838288,,0,0,,,0,,,,,0.00650876875790996,,,,0,0,0,,,,,,,,0,0.14573055763618,0,,0,,0,,,,,,0.0116034300178216,0,,0,0.394167936565333
0,0,2025,2025-02-23,235,Bamberg,09,Bayern,zweitstimme,181281,155529,155058,471,0.857944296423784,csu,,,,0.193347005636601,,,,,,,,0.00110281314088922,0.0294470456216384,,,,0,0,0.000754556359555779,0,,0.36993899057127,,,,,,0.00361155180642082,,0.00322459982716145,,,,,,,0.0393078718930981,,,0.035231977711566,,,0,,0.125604612467593,,,,,,,,0.0652078577048588,,0,0,,,0.000316010783061822,,,,,0.00296663184098853,,,,0,0.000773903958518748,0,,,,,,,,0,0.11320280153233,0,,0,,0.00752621599659482,,,,,,0.00843555314785435,0,,0,0.36993899057127
0,0,2025,2025-02-23,236,Bayreuth,09,Bayern,erststimme,159361,134067,133465,602,0.841278606434448,csu,,,,0.188393960963549,,,,,,,,0,0,,,,0,0,0,0,,0.444805754317611,,,,,,0,,0.00741767504589218,,,,,,,0.0275727718877608,,,0.050507623721575,,,0,,0.0824111190199678,,,,,,,,0.0458322406623459,,0,0,,,0,,,,,0,,,,0,0,0,,,,,,,,0,0.142591690705428,0,,0,,0,,,,,,0.0104671636758701,0,,0,0.444805754317611
0,0,2025,2025-02-23,236,Bayreuth,09,Bayern,zweitstimme,159361,134067,133682,385,0.841278606434448,csu,,,,0.199630466330546,,,,,,,,0.000822848251821487,0.0297796262772849,,,,0,0,0.000673239478763035,0,,0.384988255711315,,,,,,0.00330635388459179,,0.00347092353495609,,,,,,,0.037304947562125,,,0.0446432578806421,,,0,,0.0984051704791969,,,,,,,,0.0568887359554764,,0,0,,,0.00017205008901722,,,,,0.0023488577370177,,,,0,0.000710641672027648,0,,,,,,,,0,0.12270163522389,0,,0,,0.00780209751499828,,,,,,0.00635089241633129,0,,0,0.384988255711315
0,0,2025,2025-02-23,237,Coburg,09,Bayern,erststimme,153429,128769,128177,592,0.839274191971531,csu,,,,0.209257511097935,,,,,,,,0,0.0222036714855239,,,,0,0,0,0,,0.419146960843209,,,,,,0,,0,,,,,,,0.0194262621219095,,,0.0541750860138714,,,0,,0.0853741310843599,,,,,,,,0.0391567909999454,,0,0,,,0,,,,,0.0075130483628108,,,,0,0,0,,,,,,,,0,0.143746537990435,0,,0,,0,,,,,,0,0,,0,0.419146960843209
0,0,2025,2025-02-23,237,Coburg,09,Bayern,zweitstimme,153429,128769,128303,466,0.839274191971531,csu,,,,0.222216160183316,,,,,,,,0.000935286002665565,0.0337638246962269,,,,0,0,0.000833963352376796,0,,0.371854126559784,,,,,,0.00381129046086218,,0.00297732710848538,,,,,,,0.0322206027918287,,,0.0395314217126646,,,0,,0.0748462623633119,,,,,,,,0.0542933524547361,,0,0,,,0.00025720365073303,,,,,0.00350732250999587,,,,0,0.000802787152287943,0,,,,,,,,0,0.143418314458742,0,,0,,0.00925153737636688,,,,,,0.00547921716561577,0,,0,0.371854126559784
0,0,2025,2025-02-23,238,Hof,09,Bayern,erststimme,157915,129424,128662,762,0.819580153880252,csu,,,,0.237941272481385,,,,,,,,0,0,,,,0,0,0.00495872907307519,0,,0.403584585969439,,,,,,0,,0,,,,,,,0.0245604762867047,,,0.0480406025088993,,,0,,0.049672786059598,,,,,,,,0.0449938598809283,,0,0,,,0,,,,,0,,,,0,0,0,,,,,,,,0,0.178498702025462,0,,0,,0,,,,,,0.00774898571450778,0,,0,0.403584585969439
0,0,2025,2025-02-23,238,Hof,09,Bayern,zweitstimme,157915,129424,129002,422,0.819580153880252,csu,,,,0.242693911722299,,,,,,,,0.00100773631416567,0.0359684345979132,,,,0,0,0.00155811537805615,0,,0.379575510457202,,,,,,0.00343405528596456,,0.0028449171330677,,,,,,,0.0312475775569371,,,0.0369994263654827,,,0,,0.0604796824855429,,,,,,,,0.0531542146633386,,0,0,,,0.000162788173826762,,,,,0.00182942900110076,,,,0,0.000627897241903226,0,,,,,,,,0,0.135044417916001,0,,0,,0.00911613773429869,,,,,,0.00425574797289965,0,,0,0.379575510457202
0,0,2025,2025-02-23,239,Kulmbach,09,Bayern,erststimme,165464,141525,140765,760,0.855322003577818,csu,,,,0.218079778353994,,,,,,,,0,0,,,,0,0,0,0,,0.493347067808049,,,,,,0,,0,,,,,,,0.0201612616772635,,,0.0621035058430718,,,0,,0.0655915888182432,,,,,,,,0.0380847511810464,,0,0,,,0,,,,,0,,,,0,0,0,,,,,,,,0,0.0938443505132668,0,,0,,0,,,,,,0.00878769580506518,0,,0,0.493347067808049
0,0,2025,2025-02-23,239,Kulmbach,09,Bayern,zweitstimme,165464,141525,141075,450,0.855322003577818,csu,,,,0.233840155945419,,,,,,,,0.00121920964026227,0.0297359560517455,,,,0,0,0.000900230373914584,0,,0.402622718412192,,,,,,0.00382066276803119,,0.00311890838206628,,,,,,,0.0322523480418217,,,0.0509303561935141,,,0,,0.0721318447634237,,,,,,,,0.0440120503278398,,0,0,,,0.000163033847244374,,,,,0.00300549353180932,,,,0,0.000467836257309942,0,,,,,,,,0,0.108644338118022,0,,0,,0.00803118908382066,,,,,,0.005103668261563,0,,0,0.402622718412192
0,0,2025,2025-02-23,240,Ansbach,09,Bayern,erststimme,241618,203824,202816,1008,0.84357953463732,csu,,,,0.212507888923951,,,,,,,,0,0,,,,0,0,0,0,,0.417733314925844,,,,,,0,,0,,,,,,,0.0260137267276743,,,0.0540391290627958,,,0,,0.0899731776585674,,,,,,,,0.046515067844746,,0,0,,,0,,,,,0.0110987298832439,,,,0,0,0,,,,,,,,0,0.131735168822973,0,,0,,0,,,,,,0.0103837961502051,0,,0,0.417733314925844
0,0,2025,2025-02-23,240,Ansbach,09,Bayern,zweitstimme,241618,203824,203188,636,0.84357953463732,csu,,,,0.215327676831309,,,,,,,,0.00125499537374254,0.0364293166919306,,,,0,0,0.000925251491229797,0,,0.372802527708329,,,,,,0.00352383014744965,,0.00394216193869717,,,,,,,0.0333927200425222,,,0.0467498080595311,,,0,,0.0945725141248499,,,,,,,,0.0499291296730122,,0,0,,,0.000167332716499006,,,,,0.00535956847845345,,,,0,0.000600429159202315,0,,,,,,,,0,0.12114888674528,0,,0,,0.00826328326475973,,,,,,0.00561056755320196,0,,0,0.372802527708329
0,0,2025,2025-02-23,241,Erlangen,09,Bayern,erststimme,186938,162264,161420,844,0.868009714450781,csu,,,,0.140236649733614,,,,,,,,0,0,,,,0,0,0,0,,0.359131458307521,,,,,,0,,0,,,,,,,0.0294944864329079,,,0.0435076198736216,,,0,,0.181743278404163,,,,,,,,0.0564676000495602,,0,0,,,0,,,,,0,,,,0,0,0,,,,,,,,0,0.173479122785281,0,,0,,0,,,,,,0.0159397844133317,0,,0,0.359131458307521
0,0,2025,2025-02-23,241,Erlangen,09,Bayern,zweitstimme,186938,162264,161803,461,0.868009714450781,csu,,,,0.145263066815819,,,,,,,,0.000846708651879137,0.029640983170893,,,,0,0,0.000611855157197333,0,,0.337410307596275,,,,,,0.00435097000673659,,0.00304073472061705,,,,,,,0.0425888271540083,,,0.025518686303715,,,0,,0.180107909000451,,,,,,,,0.0713954623832685,,0,0,,,0.000309017756160269,,,,,0.00343627744850219,,,,0,0.00105066037094491,0,,,,,,,,0,0.138724251095468,0,,0,,0.00717539229804145,,,,,,0.00852889007002342,0,,0,0.337410307596275
0,0,2025,2025-02-23,242,Fürth,09,Bayern,erststimme,248612,208200,207133,1067,0.837449519733561,csu,,,,0.185117774569962,,,,,,,,0,0,,,,0,0,0,0,,0.374213669478065,,,,,,0,,0,,,,,,,0.0294255381807824,,,0.038825295824422,,,0,,0.10863551437965,,,,,,,,0.0610139379046313,,0,0,,,0,,,,,0.0132137322396721,,,,0,0,0,,,,,,,,0,0.178547117069709,0,,0,,0,,,,,,0.0110074203531065,0,,0,0.374213669478065
0,0,2025,2025-02-23,242,Fürth,09,Bayern,zweitstimme,248612,208200,207494,706,0.837449519733561,csu,,,,0.188439183783627,,,,,,,,0.000891592046035066,0.0356444041755424,,,,0,0,0.000838578464919468,0,,0.343687046372425,,,,,,0.0039856574166,,0.00349407693716445,,,,,,,0.038974620952895,,,0.0286803473835388,,,0,,0.124360222464264,,,,,,,,0.0679489527408022,,0,0,,,0.000293984404368319,,,,,0.00386035258850858,,,,0,0.00077592605087376,0,,,,,,,,0,0.141671566406739,0,,0,,0.0096195552642486,,,,,,0.00683393254744716,0,,0,0.343687046372425
0,0,2025,2025-02-23,243,Nürnberg-Nord,09,Bayern,erststimme,187179,151372,150494,878,0.808701830867779,csu,,,,0.120224062088854,,,,,,,,0,0,,,,0,0,0,0,,0.301832631201244,,,,,,0.0106183635227983,,0,,,,,,,0.0330644411072867,,,0.0196884925644876,,,0,,0.215503608117267,,,,,,,,0.0976583784071126,,0,0,,,0.00229909498053079,,,,,0.00653846664983322,,,,0,0,0,,,,,,,,0,0.17766821268622,0,,0,,0,,,,,,0.0149042486743658,0,,0,0.301832631201244
0,0,2025,2025-02-23,243,Nürnberg-Nord,09,Bayern,zweitstimme,187179,151372,150754,618,0.808701830867779,csu,,,,0.121409713838439,,,,,,,,0.000371466097085318,0.0373323427570744,,,,0,0,0.000908765273226581,0,,0.272549982090027,,,,,,0.00496172572535389,,0.00274619578916646,,,,,,,0.043315600249413,,,0.011687915411863,,,0,,0.196903564747867,,,,,,,,0.12757870437932,,0,0,,,0.000550565822465739,,,,,0.00323706170317206,,,,0,0.00104806505963358,0,,,,,,,,0,0.156327526964459,0,,0,,0.00856362020244902,,,,,,0.0105071838889847,0,,0,0.272549982090027
0,0,2025,2025-02-23,244,Nürnberg-Süd,09,Bayern,erststimme,174758,136860,135854,1006,0.78314011375731,csu,,,,0.199684955908549,,,,,,,,0,0,,,,0,0,0,0,,0.360040926288516,,,,,,0,,0,,,,,,,0.0261751586261722,,,0.0269554080115418,,,0,,0.10842522119334,,,,,,,,0.0796516848970218,,0,0,,,0,,,,,0.00711057458742474,,,,0,0,0,,,,,,,,0,0.178228097810885,0,,0,,0,,,,,,0.0137279726765498,0,,0,0.360040926288516
0,0,2025,2025-02-23,244,Nürnberg-Süd,09,Bayern,zweitstimme,174758,136860,136144,716,0.78314011375731,csu,,,,0.197592255259137,,,,,,,,0.000631684099189094,0.0446071806322717,,,,0,0,0.00102832295216829,0,,0.322548184275473,,,,,,0.00424550475966624,,0.003099659184393,,,,,,,0.0357782935715125,,,0.0175255611705253,,,0,,0.112101892114232,,,,,,,,0.085813550358444,,0,0,,,0.000499471148196028,,,,,0.00313638500411329,,,,0,0.00076389705018216,0,,,,,,,,0,0.152882242331649,0,,0,,0.0110618168997532,,,,,,0.0066840991890939,0,,0,0.322548184275473
0,0,2025,2025-02-23,245,Roth,09,Bayern,erststimme,227696,197152,196205,947,0.865856229358443,csu,,,,0.169205677735022,,,,,,,,0,0,,,,0,0,0.00333324838816544,0,,0.428893249407507,,,,,,0,,0,,,,,,,0.0281593231569022,,,0.0452180117734003,,,0,,0.123243546290869,,,,,,,,0.0507173619428659,,0,0,,,0,,,,,0.0071201039728855,,,,0,0,0,,,,,,,,0,0.130277006192503,0,,0,,0,,,,,,0.00960220177875182,0,,0.00423026936112739,0.428893249407507
0,0,2025,2025-02-23,245,Roth,09,Bayern,zweitstimme,227696,197152,196567,585,0.865856229358443,csu,,,,0.180315108843295,,,,,,,,0.000951329572105185,0.0299032899723758,,,,0,0,0.00134305351356026,0,,0.377555744351799,,,,,,0.00383584223191075,,0.00333728448824065,,,,,,,0.0380684448559524,,,0.0363998026118321,,,0,,0.121490382414139,,,,,,,,0.0540680785686305,,0,0,,,0.000142445069620028,,,,,0.00334745913607065,,,,0,0.000559605630650109,0,,,,,,,,0,0.133923802062401,0,,0,,0.0092538422013868,,,,,,0.00550448447603107,0,,0,0.377555744351799
0,0,2025,2025-02-23,246,Aschaffenburg,09,Bayern,erststimme,181144,155293,154337,956,0.857290332553107,csu,,,,0.184259121273577,,,,,,,,0.00369969611953064,0,,,,0,0,0.00274075561919695,0,,0.437983114872001,,,,,,0,,0,,,,,,,0.0334916449069245,,,0.0279518197191859,,,0,,0.118118144061372,,,,,,,,0.0475193893881571,,0,0,,,0,,,,,0.00698471526594401,,,,0,0,0,,,,,,,,0,0.123146102360419,0,,0,,0,,,,,,0.0106908907131796,0,,0.00341460570051252,0.437983114872001
0,0,2025,2025-02-23,246,Aschaffenburg,09,Bayern,zweitstimme,181144,155293,154583,710,0.857290332553107,csu,,,,0.190266717556264,,,,,,,,0.00152021891152326,0.0323968353570574,,,,0,0,0.00129380332895597,0,,0.380442868879502,,,,,,0.00414663966930387,,0.00261348272449105,,,,,,,0.0442027907337806,,,0.0223569215243591,,,0,,0.111584068105807,,,,,,,,0.0600065983969777,,0,0,,,0.000452831165134588,,,,,0.00318275618923167,,,,0,0.000718060847570561,0,,,,,,,,0,0.127413751835583,0,,0,,0.00976174611697276,,,,,,0.00763990865748498,0,,0,0.380442868879502
0,0,2025,2025-02-23,247,Bad Kissingen,09,Bayern,erststimme,210364,180527,172919,7608,0.858164895134148,csu,,,,0,,,,,,,,0,0,,,,0,0,0.0397874149168108,0,,0.505190291408116,,,,,,0,,0,,,,,,,0.0488321121449928,,,0.129095125463367,,,0,,0.0613871234508643,,,,,,,,0.0575818735939949,,0,0,,,0,,,,,0.012815248758089,,,,0,0,0,,,,,,,,0,0.145310810263765,0,,0,,0,,,,,,0,0,,0,0.505190291408116
0,0,2025,2025-02-23,247,Bad Kissingen,09,Bayern,zweitstimme,210364,180527,179830,697,0.858164895134148,csu,,,,0.230395373408219,,,,,,,,0.00125118167157871,0.029372184841239,,,,0,0,0.00144024912417283,0,,0.417622198743258,,,,,,0.00372574097758995,,0.00387588277817939,,,,,,,0.0359339376077406,,,0.0447533781905133,,,0,,0.0740699549574598,,,,,,,,0.0459267085580826,,0,0,,,0.000183506645164878,,,,,0.00343657899126953,,,,0,0.000578323972640827,0,,,,,,,,0,0.0966134682755936,0,,0,,0.00682311071567592,,,,,,0.00399822054162264,0,,0,0.417622198743258
0,0,2025,2025-02-23,248,Main-Spessart,09,Bayern,erststimme,192185,165463,164539,924,0.860956890496137,csu,,,,0.180820352621567,,,,,,,,0,0,,,,0,0,0,0,,0.45518691617185,,,,,,0,,0,,,,,,,0.0231069837546114,,,0.0506141401126785,,,0,,0.0835060380821568,,,,,,,,0.0412303466047563,,0,0,,,0,,,,,0.00869702623694079,,,,0,0,0,,,,,,,,0,0.15683819641544,0,,0,,0,,,,,,0,0,,0,0.45518691617185
0,0,2025,2025-02-23,248,Main-Spessart,09,Bayern,zweitstimme,192185,165463,164886,577,0.860956890496137,csu,,,,0.193127372851546,,,,,,,,0.000976432201642347,0.0315248110815958,,,,0,0,0.00133425518236842,0,,0.411096151280279,,,,,,0.0036449425663792,,0.00357216501097728,,,,,,,0.0355821597952525,,,0.0378382640127118,,,0,,0.0890979222007933,,,,,,,,0.0489550356003542,,0,0,,,0.000175879092221292,,,,,0.00334170275220455,,,,0,0.000557961258081341,0,,,,,,,,0,0.124649758014628,0,,0,,0.0086362699076938,,,,,,0.00588891719127155,0,,0,0.411096151280279
0,0,2025,2025-02-23,249,Schweinfurt,09,Bayern,erststimme,194125,163446,162497,949,0.841962652929813,csu,,,,0.208200766783387,,,,,,,,0.00566779694394358,0,,,,0,0,0,0,,0.433577235272036,,,,,,0,,0,,,,,,,0.0245666073835209,,,0.0481424272448107,,,0,,0.0793491572152101,,,,,,,,0.0468070179757165,,0,0,,,0.00121848403355139,,,,,0.00851092635556349,,,,0,0,0,,,,,,,,0,0.134365557517985,0,,0,,0,,,,,,0.00959402327427583,0,,0,0.433577235272036
0,0,2025,2025-02-23,249,Schweinfurt,09,Bayern,zweitstimme,194125,163446,162845,601,0.841962652929813,csu,,,,0.211268384046179,,,,,,,,0.00204488931192238,0.0325278639196782,,,,0,0,0.000755319475574933,0,,0.394031133900335,,,,,,0.00378887899536369,,0.00418189075501244,,,,,,,0.0357579293192914,,,0.0389450090576929,,,0,,0.0910559120636188,,,,,,,,0.0520003684485247,,0,0,,,0.000343885289692653,,,,,0.00344499370567104,,,,0,0.000681629770640793,0,,,,,,,,0,0.114869968374835,0,,0,,0.00843747121495901,,,,,,0.00586447235100863,0,,0,0.394031133900335
0,0,2025,2025-02-23,250,Würzburg,09,Bayern,erststimme,222633,192406,191416,990,0.864229471821338,csu,,,,0.129649559075521,,,,,,,,0,0,,,,0,0,0,0,,0.391383165461612,,,,,,0,,0.0108820579261922,,,,,,,0.0418564801270531,,,0.0297989718727797,,,0,,0.191138671793372,,,,,,,,0.0510197684624065,,0,0,,,0,,,,,0,,,,0,0,0,,,,,,,,0,0.137653069753835,0,,0,,0,,,,,,0.0166182555272287,0,,0,0.391383165461612
0,0,2025,2025-02-23,250,Würzburg,09,Bayern,zweitstimme,222633,192406,191869,537,0.864229471821338,csu,,,,0.13525374083359,,,,,,,,0.000807842851111957,0.0277741584101653,,,,0,0,0.000823478519197995,0,,0.357947349493665,,,,,,0.00372650089383903,,0.00392455268959551,,,,,,,0.0436026664025976,,,0.023114729320526,,,0,,0.164148455456588,,,,,,,,0.0820195028899927,,0,0,,,0.000151144791498366,,,,,0.0032209476257238,,,,0,0.000917292527714222,0,,,,,,,,0,0.134680433003768,0,,0,,0.00781783404301894,,,,,,0.0100693702474084,0,,0,0.357947349493665
0,0,2025,2025-02-23,251,Augsburg-Stadt,09,Bayern,erststimme,186448,148097,147299,798,0.794307259933065,csu,,,,0.173035797934813,,,,,,,,0,0,,,,0,0,0,0,,0.310538428638348,,,,,,0,,0.00973530030753773,,,,,,,0.0280993082098317,,,0.0370878281590506,,,0,,0.205839822402053,,,,,,,,0.0744472128120354,,0,0,,,0.0016497057006497,,,,,0.00731844751152418,,,,0,0,0,,,,,,,,0,0.140537274523249,0,,0,,0,,,,,,0.0117108738009084,0,,0,0.310538428638348
0,0,2025,2025-02-23,251,Augsburg-Stadt,09,Bayern,zweitstimme,186448,148097,147555,542,0.794307259933065,csu,,,,0.175026261394056,,,,,,,,0.00103690149435804,0.0395106909288062,,,,0,0,0.00080647894005625,0,,0.284070346650402,,,,,,0.0063095117074989,,0.00458134255023551,,,,,,,0.0411778658805191,,,0.0227643929382264,,,0,,0.164752126325777,,,,,,,,0.105506421334418,,0,0,,,0.000637050591304937,,,,,0.00378164074412931,,,,0,0.000935244485107248,0,,,,,,,,0,0.134126258005489,0,,0,,0.00805801226661245,,,,,,0.00691945376300363,0,,0,0.284070346650402
0,0,2025,2025-02-23,252,Augsburg-Land,09,Bayern,erststimme,232095,199564,198616,948,0.859837566513712,csu,,,,0.189123736254884,,,,,,,,0,0,,,,0,0,0,0,,0.44501953518347,,,,,,0,,0.00991360212671688,,,,,,,0.0277369396221855,,,0.0516373303258549,,,0,,0.092026825633383,,,,,,,,0.0394832239094534,,0,0,,,0,,,,,0.0106587586095783,,,,0,0,0,,,,,,,,0,0.126963588029162,0,,0,,0,,,,,,0.00743646030531277,0,,0,0.44501953518347
0,0,2025,2025-02-23,252,Augsburg-Land,09,Bayern,zweitstimme,232095,199564,198958,606,0.859837566513712,csu,,,,0.194156555654962,,,,,,,,0.00150785592939213,0.0294232953688718,,,,0,0,0.000703666100382995,0,,0.39737029925914,,,,,,0.00398073965359523,,0.00503121261773842,,,,,,,0.0399380773831663,,,0.0468792408448014,,,0,,0.109766885473316,,,,,,,,0.0480252113511394,,0,0,,,0.000216126016546206,,,,,0.00435267744951196,,,,0,0.000603142371756853,0,,,,,,,,0,0.106871802088883,0,,0,,0.00726786557967008,,,,,,0.00390534685712562,0,,0,0.39737029925914
0,0,2025,2025-02-23,253,Donau-Ries,09,Bayern,erststimme,192393,163283,162644,639,0.84869511884528,csu,,,,0.214677455055213,,,,,,,,0,0.021734585966897,,,,0,0,0,0,,0.450652959838666,,,,,,0,,0.00867538919357615,,,,,,,0.0239480091488158,,,0.0613118221391505,,,0,,0.0577826418435356,,,,,,,,0.034037529819729,,0,0,,,0,,,,,0.00593320380708787,,,,0,0,0,,,,,,,,0,0.121246403187329,0,,0,,0,,,,,,0,0,,0,0.450652959838666
0,0,2025,2025-02-23,253,Donau-Ries,09,Bayern,zweitstimme,192393,163283,162759,524,0.84869511884528,csu,,,,0.226279345535424,,,,,,,,0.00136397987208081,0.0305236576779164,,,,0,0,0.00066970182908472,0,,0.412376581325764,,,,,,0.0030966029528321,,0.00559723271831358,,,,,,,0.0373005486639756,,,0.0632284543404666,,,0,,0.072825465872855,,,,,,,,0.0383941901830314,,0,0,,,0.000122881069556829,,,,,0.00353897480323669,,,,0,0.000503812385183001,0,,,,,,,,0,0.0935493582536142,0,,0,,0.00743430470818818,,,,,,0.00319490780847757,0,,0,0.412376581325764
0,0,2025,2025-02-23,254,Neu-Ulm,09,Bayern,erststimme,215191,178435,177392,1043,0.829193600104094,csu,,,,0.236758140164156,,,,,,,,0,0,,,,0,0,0.00372057364480924,0,,0.424816226210878,,,,,,0,,0.00801614503472535,,,,,,,0.0288682691440426,,,0.0347366284838099,,,0,,0.083820014431316,,,,,,,,0.0451316857580951,,0,0,,,0,,,,,0,,,,0,0.00148259222512853,0,,,,,,,,0,0.105765761702895,0,,0,,0.0169906196446288,,,,,,0.00989334355551547,0,,0,0.424816226210878
0,0,2025,2025-02-23,254,Neu-Ulm,09,Bayern,zweitstimme,215191,178435,177791,644,0.829193600104094,csu,,,,0.232238977226069,,,,,,,,0.00157488286808669,0.0368635082765719,,,,0,0,0.00157488286808669,0,,0.370378703083958,,,,,,0.00390908426185802,,0.00414531669207103,,,,,,,0.0413350507056038,,,0.0376172022205848,,,0,,0.0895489647957433,,,,,,,,0.0524098520172562,,0,0,,,0.00021373410352605,,,,,0.00327350653295161,,,,0,0.000838062669088986,0,,,,,,,,0,0.107457632838558,0,,0,,0.0107654493197068,,,,,,0.00585518952027943,0,,0,0.370378703083958
0,0,2025,2025-02-23,255,Memmingen – Unterallgäu,09,Bayern,erststimme,159653,134558,133601,957,0.842815355802898,csu,,,,0.227326142768392,,,,,,,,0,0,,,,0,0,0,0,,0.437713789567443,,,,,,0,,0,,,,,,,0.0294758272767419,,,0.0831281202985008,,,0,,0.080994902732764,,,,,,,,0.046496657959147,,0,0,,,0,,,,,0,,,,0,0,0,,,,,,,,0,0.0948645593970105,0,,0,,0,,,,,,0,0,,0,0.437713789567443
0,0,2025,2025-02-23,255,Memmingen – Unterallgäu,09,Bayern,zweitstimme,159653,134558,134144,414,0.842815355802898,csu,,,,0.234017175572519,,,,,,,,0.00175184875954199,0.0302734375,,,,0,0,0.000939289122137405,0,,0.390938096374046,,,,,,0.0041000715648855,,0.00538227576335878,,,,,,,0.041216901240458,,,0.054471314408397,,,0,,0.0834252743320611,,,,,,,,0.0443925930343512,,0,0,,,0.000171457538167939,,,,,0.00626192748091603,,,,0,0.000670920801526718,0,,,,,,,,0,0.0904848520992366,0,,0,,0.0074994036259542,,,,,,0.00400316078244275,0,,0,0.390938096374046
0,0,2025,2025-02-23,256,Oberallgäu,09,Bayern,erststimme,228068,191695,190708,987,0.84051686339162,csu,,,,0.166768043291314,,,,,,,,0,0,,,,0,0,0,0,,0.368238353923275,,,,,,0,,0,,,,,,,0.0425414770224637,,,0.0863886150554775,,,0,,0.124105963042977,,,,,,,,0.0391226377498584,,0,0,,,0,,,,,0.0081800448853745,,,,0,0,0,,,,,,,,0,0.0842387314638085,0,,0,,0.0156154959414393,,,,,,0.0115621788283659,0,,0.0532384587956457,0.368238353923275
0,0,2025,2025-02-23,256,Oberallgäu,09,Bayern,zweitstimme,228068,191695,190981,714,0.84051686339162,csu,,,,0.175111660322231,,,,,,,,0.00146611443023128,0.0331132416313665,,,,0,0,0.00100009948633634,0,,0.379755054167692,,,,,,0.00466538556191454,,0.00641425063226185,,,,,,,0.0430252224043229,,,0.0511778658610019,,,0,,0.123577738099602,,,,,,,,0.0524397714955938,,0,0,,,0.000235625533430027,,,,,0.00517852561249548,,,,0,0.000575973526162288,0,,,,,,,,0,0.105329849566187,0,,0,,0.00955068828836376,,,,,,0.00738293338080752,0,,0,0.379755054167692
0,0,2025,2025-02-23,257,Ostallgäu,09,Bayern,erststimme,161048,136838,135925,913,0.849672147434305,csu,,,,0.195938936913739,,,,,,,,0,0,,,,0,0,0,0,,0.455390840537061,,,,,,0,,0,,,,,,,0.0259628471583594,,,0.0747323891852124,,,0,,0.103704248666544,,,,,,,,0.0448924038992091,,0,0,,,0,,,,,0,,,,0,0,0,,,,,,,,0,0.0993783336398749,0,,0,,0,,,,,,0,0,,0,0.455390840537061
0,0,2025,2025-02-23,257,Ostallgäu,09,Bayern,zweitstimme,161048,136838,136417,421,0.849672147434305,csu,,,,0.201683074690105,,,,,,,,0.00202320825117104,0.0314550239339672,,,,0,0,0.00106291737833261,0,,0.401013070218521,,,,,,0.00483077622290477,,0.00552717036732958,,,,,,,0.0380964249323765,,,0.0551544162384454,,,0,,0.100148808432967,,,,,,,,0.0473767932149219,,0,0,,,0.000139278828884963,,,,,0.00461819274723825,,,,0,0.000696394144424815,0,,,,,,,,0,0.0930455881598334,0,,0,,0.00741109978961566,,,,,,0.00571776244896164,0,,0,0.401013070218521
0,0,2025,2025-02-23,258,Stuttgart I,08,Baden-Württemberg,erststimme,188918,162105,161195,910,0.858070697339587,gruene,,,,0.0858773535159279,,,,,,,,0,0,,,,0,0,0,0.283271813641862,,0,,,,,,0.00975216352864543,,0,,,,,,,0.0578615962033562,,,0.012289463072676,,,0,,0.283302831973696,,,,,,,,0.0881106734079841,,0,0,,,0.00175563758181085,,,,,0,,,,0,0,0,,,,,,,,0,0.156524706101306,0,,0,,0,,,,,,0.0212537609727349,0,,0,0.283271813641862
0,0,2025,2025-02-23,258,Stuttgart I,08,Baden-Württemberg,zweitstimme,188918,162105,161693,412,0.858070697339587,gruene,,,,0.0891875344016129,,,,,,,,0,0.0328152733884584,,,,0,0.00082254643058141,0.000686486118755914,0.261693456117457,,0,,,,,,0.00424879246473255,,0.00189865980592852,,,,,,,0.0727242366707279,,,0.005430043353763,,,0,,0.252812428491029,,,,,,,,0.108415330286407,,0,0,,,0.000581348605072576,,,,,0.00160798550339223,,,,0,0,0,,,,,,,,0,0.149227239274427,0,,0,,0.00512081537234141,,,,,,0.0127278237153124,0,,0,0.261693456117457
0,0,2025,2025-02-23,259,Stuttgart II,08,Baden-Württemberg,erststimme,174909,139575,138503,1072,0.797986381489803,cdu,,,,0.145599734301784,,,,,,,,0,0,,,,0,0,0,0.303682952715826,,0,,,,,,0.0119636397767557,,0,,,,,,,0.0417969285863844,,,0.0129239077853909,,,0,,0.212544132618066,,,,,,,,0.0896298275127615,,0,0,,,0.00248370071406396,,,,,0,,,,0,0,0,,,,,,,,0,0.159252868168921,0,,0,,0,,,,,,0.0158841324736648,0,,0.00423817534638239,0.303682952715826
0,0,2025,2025-02-23,259,Stuttgart II,08,Baden-Württemberg,zweitstimme,174909,139575,138949,626,0.797986381489803,cdu,,,,0.143786569172862,,,,,,,,0,0.0485429905936711,,,,0,0.000993170155956502,0.0008420355670066,0.267817688504415,,0,,,,,,0.00498024455015869,,0.0025261067010198,,,,,,,0.0582012105160886,,,0.00701696305838833,,,0,,0.174272574829614,,,,,,,,0.108636981914228,,0,0,,,0.00104354835227314,,,,,0.00156892097100375,,,,0,0,0,,,,,,,,0,0.162426501810017,0,,0,,0.00710332568064542,,,,,,0.0102411676226529,0,,0,0.267817688504415
0,0,2025,2025-02-23,260,Böblingen,08,Baden-Württemberg,erststimme,243100,204946,203582,1364,0.843052241875771,cdu,,,,0.171066204281322,,,,,,,,0,0,,,,0,0,0,0.373476044051046,,0,,,,,,0,,0,,,,,,,0.0610957746755607,,,0.0296981069053256,,,0,,0.134633710249433,,,,,,,,0.0488058865715044,,0,0,,,0.00137536717391518,,,,,0,,,,0,0,0,,,,,,,,0,0.167981452191255,0,,0,,0,,,,,,0.00896935878417542,0,,0.00289809511646413,0.373476044051046
0,0,2025,2025-02-23,260,Böblingen,08,Baden-Württemberg,zweitstimme,243100,204946,204020,926,0.843052241875771,cdu,,,,0.175321046956181,,,,,,,,0,0.0401578276639545,,,,0,0.00206352318400157,0.00109303009508872,0.33209979413783,,0,,,,,,0.00381335163219292,,0.00223507499264778,,,,,,,0.0701450838153122,,,0.0146113126164102,,,0,,0.139452014508382,,,,,,,,0.05963631016567,,0,0,,,0.000534261346926772,,,,,0.00160768552102735,,,,0,0,0,,,,,,,,0,0.144020194098618,0,,0,,0.00672483089893148,,,,,,0.00648465836682678,0,,0,0.33209979413783
0,0,2025,2025-02-23,261,Esslingen,08,Baden-Württemberg,erststimme,165367,139386,138608,778,0.842888847230705,cdu,,,,0.156946208011082,,,,,,,,0,0,,,,0,0,0,0.370317730578322,,0,,,,,,0,,0.00796490823040517,,,,,,,0.0434390511370195,,,0.0250995613528801,,,0,,0.155113701950825,,,,,,,,0.066208299665243,,0,0,,,0,,,,,0,,,,0,0,0,,,,,,,,0,0.161938704836662,0,,0,,0,,,,,,0.012971834237562,0,,0,0.370317730578322
0,0,2025,2025-02-23,261,Esslingen,08,Baden-Württemberg,zweitstimme,165367,139386,138802,584,0.842888847230705,cdu,,,,0.160646100200285,,,,,,,,0,0.0386089537614732,,,,0,0.00110228959236899,0.000987017478134321,0.325161020734572,,0,,,,,,0.00411377357674961,,0.00355182201985562,,,,,,,0.0573983083817236,,,0.0135228599011542,,,0,,0.149918589069322,,,,,,,,0.0716272099825651,,0,0,,,0.000597974092592326,,,,,0.00160660509214565,,,,0,0,0,,,,,,,,0,0.15514906125272,0,,0,,0.00809786602498523,,,,,,0.0079105488393539,0,,0,0.325161020734572
0,0,2025,2025-02-23,262,Nürtingen,08,Baden-Württemberg,erststimme,203455,173192,172135,1057,0.851254577179229,cdu,,,,0.177645452697011,,,,,,,,0,0,,,,0,0,0,0.377325936038574,,0,,,,,,0,,0,,,,,,,0.0528945304557469,,,0.0298777122607256,,,0,,0.144043919017051,,,,,,,,0.0538182240683185,,0,0,,,0,,,,,0,,,,0,0,0,,,,,,,,0,0.164394225462573,0,,0,,0,,,,,,0,0,,0,0.377325936038574
0,0,2025,2025-02-23,262,Nürtingen,08,Baden-Württemberg,zweitstimme,203455,173192,172431,761,0.851254577179229,cdu,,,,0.179944441544734,,,,,,,,0,0.0373830691696969,,,,0,0.00196600379282148,0.000991701028237382,0.33689417796104,,0,,,,,,0.00445975491645934,,0.00404219658878044,,,,,,,0.0667107422679217,,,0.0154264604392482,,,0,,0.135665860547117,,,,,,,,0.0577158399591721,,0,0,,,0.000336366430630223,,,,,0.00182101826237742,,,,0,0,0,,,,,,,,0,0.141297098549565,0,,0,,0.00850195150523978,,,,,,0.00684331703695971,0,,0,0.33689417796104
0,0,2025,2025-02-23,263,Göppingen,08,Baden-Württemberg,erststimme,174712,143877,142684,1193,0.823509547140437,cdu,,,,0.226122059936643,,,,,,,,0,0,,,,0,0,0,0.3710787474419,,0,,,,,,0,,0.0115850410697766,,,,,,,0.0409225981890051,,,0.031180791118836,,,0,,0.0927854559726388,,,,,,,,0.0477418631381234,,0,0,,,0.00124050349023016,,,,,0,,,,0,0,0,,,,,,,,0,0.169829833758515,0,,0,,0,,,,,,0.00751310588433181,0,,0,0.3710787474419
0,0,2025,2025-02-23,263,Göppingen,08,Baden-Württemberg,zweitstimme,174712,143877,143045,832,0.823509547140437,cdu,,,,0.232654059911217,,,,,,,,0,0.0430633716662589,,,,0,0.00118144639798665,0.00106959348456779,0.334663916949212,,0,,,,,,0.00422244748156175,,0.00509629836764655,,,,,,,0.0554021461777762,,,0.0149393547485057,,,0,,0.0940053829214583,,,,,,,,0.0545003320633367,,0,0,,,0.00047537488203013,,,,,0.00178964661470167,,,,0,0,0,,,,,,,,0,0.143619140829809,0,,0,,0.00859170191198574,,,,,,0.00472578559194659,0,,0,0.334663916949212
0,0,2025,2025-02-23,264,Waiblingen,08,Baden-Württemberg,erststimme,219692,184918,183741,1177,0.841714764306393,cdu,,,,0.180514963998237,,,,,,,,0,0,,,,0,0,0,0.376753147092919,,0,,,,,,0,,0.0113855916752385,,,,,,,0.0572490625391176,,,0.0256556783733625,,,0,,0.123554350961408,,,,,,,,0.0529332048916682,,0,0,,,0,,,,,0,,,,0,0,0,,,,,,,,0,0.17195400046805,0,,0,,0,,,,,,0,0,,0,0.376753147092919
0,0,2025,2025-02-23,264,Waiblingen,08,Baden-Württemberg,zweitstimme,219692,184918,184099,819,0.841714764306393,cdu,,,,0.185905409589406,,,,,,,,0,0.0382022716038653,,,,0,0.00202065193184102,0.0011678499068436,0.333255476672877,,0,,,,,,0.00385118876256797,,0.00483435542832932,,,,,,,0.0678167724974063,,,0.0127648710748021,,,0,,0.127626983307894,,,,,,,,0.0582892900015752,,0,0,,,0.000434548802546456,,,,,0.0017870819504723,,,,0,0,0,,,,,,,,0,0.146578742958951,0,,0,,0.00915811601366656,,,,,,0.00630638949695544,0,,0,0.333255476672877
0,0,2025,2025-02-23,265,Ludwigsburg,08,Baden-Württemberg,erststimme,212465,179881,178806,1075,0.846638269832678,cdu,,,,0.168763911725557,,,,,,,,0,0,,,,0,0,0,0.36534568191224,,0,,,,,,0,,0.00820442267038019,,,,,,,0.0511671867834413,,,0.0177566748319408,,,0,,0.160397302103956,,,,,,,,0.0623804570316432,,0,0,,,0,,,,,0.00450767871324229,,,,0,0,0,,,,,,,,0,0.151622428777558,0,,0,,0,,,,,,0.00985425545004083,0,,0,0.36534568191224
0,0,2025,2025-02-23,265,Ludwigsburg,08,Baden-Württemberg,zweitstimme,212465,179881,179166,715,0.846638269832678,cdu,,,,0.168815511871672,,,,,,,,0,0.0396057287655024,,,,0,0.00127256287465256,0.000932096491521829,0.320574216090106,,0,,,,,,0.00396838685911389,,0.00361675764374937,,,,,,,0.0640076800285769,,,0.0118605092484065,,,0,,0.148767065179777,,,,,,,,0.068668162486186,,0,0,,,0.000340466383130728,,,,,0.00200930980208298,,,,0,0,0,,,,,,,,0,0.150876840471965,0,,0,,0.00733398077760289,,,,,,0.00735072502595359,0,,0,0.320574216090106
0,0,2025,2025-02-23,266,Neckar-Zaber,08,Baden-Württemberg,erststimme,228598,195890,194624,1266,0.856919133150771,cdu,,,,0.195078715882933,,,,,,,,0,0,,,,0,0,0,0.392500411048997,,0,,,,,,0,,0.0104971637619204,,,,,,,0.039537775402828,,,0.0261067494245314,,,0,,0.115977474514962,,,,,,,,0.0509957661953305,,0,0,,,0,,,,,0.00509700756330155,,,,0,0,0,,,,,,,,0,0.149950674120355,0,,0,,0,,,,,,0.0142582620848405,0,,0,0.392500411048997
0,0,2025,2025-02-23,266,Neckar-Zaber,08,Baden-Württemberg,zweitstimme,228598,195890,195017,873,0.856919133150771,cdu,,,,0.203233564253373,,,,,,,,0,0.0381966700338945,,,,0,0.00168703241255891,0.000989657311926653,0.331417261059292,,0,,,,,,0.00413297302286467,,0.00514314136716286,,,,,,,0.0630509135101043,,,0.0146346215970915,,,0,,0.121204818041504,,,,,,,,0.0532568955526954,,0,0,,,0.000312793243665937,,,,,0.00235364096463385,,,,0,0,0,,,,,,,,0,0.144454073234641,0,,0,,0.00838901223995857,,,,,,0.00754293215463267,0,,0,0.331417261059292
0,0,2025,2025-02-23,267,Heilbronn,08,Baden-Württemberg,erststimme,238592,194676,193001,1675,0.815936829399142,cdu,,,,0.250568649903368,,,,,,,,0,0,,,,0,0,0.00354402308796328,0.349822021647556,,0,,,,,,0,,0.00992222838223636,,,,,,,0.0510463676354009,,,0.0224247542758846,,,0,,0.0862016258983114,,,,,,,,0.0595022823715939,,0,0,,,0.00162693457546852,,,,,0,,,,0,0,0,,,,,,,,0,0.154994015575049,0,,0,,0,,,,,,0.0103470966471676,0,,0,0.349822021647556
0,0,2025,2025-02-23,267,Heilbronn,08,Baden-Württemberg,zweitstimme,238592,194676,193457,1219,0.815936829399142,cdu,,,,0.254532014866353,,,,,,,,0,0.04363243511478,,,,0,0.00185570953751997,0.00132846058814103,0.294313465007728,,0,,,,,,0.00479176251053206,,0.00518461466889283,,,,,,,0.0621740231679391,,,0.0136929653618117,,,0,,0.0946308481988245,,,,,,,,0.0616209286818259,,0,0,,,0.000444543231829295,,,,,0.00190740061098849,,,,0,0,0,,,,,,,,0,0.143251471903317,0,,0,,0.0102244943320738,,,,,,0.00641486221744367,0,,0,0.294313465007728
0,0,2025,2025-02-23,268,Schwäbisch Hall – Hohenlohe,08,Baden-Württemberg,erststimme,224446,186108,184694,1414,0.82918831255625,cdu,,,,0.240197299316708,,,,,,,,0,0,,,,0,0,0,0.36394252114308,,0,,,,,,0.00930728664710278,,0.0111914842929386,,,,,,,0.0449770972527532,,,0.0249818618904783,,,0,,0.100317281557603,,,,,,,,0.0481986420782484,,0,0,,,0,,,,,0,,,,0,0,0,,,,,,,,0,0.148889514548388,0,,0,,0,,,,,,0.00799701127269971,0,,0,0.36394252114308
0,0,2025,2025-02-23,268,Schwäbisch Hall – Hohenlohe,08,Baden-Württemberg,zweitstimme,224446,186108,185017,1091,0.82918831255625,cdu,,,,0.250917483258295,,,,,,,,0,0.0431960306350227,,,,0,0.00285919672246334,0.00143770572433884,0.317900517249766,,0,,,,,,0.0048427982293519,,0.00603187815173741,,,,,,,0.0571947442667431,,,0.0154688488084879,,,0,,0.0977369647113509,,,,,,,,0.0532113265267516,,0,0,,,0.000378343611668117,,,,,0.00248625801953334,,,,0,0,0,,,,,,,,0,0.132122994103245,0,,0,,0.00824248582562684,,,,,,0.00597242415561813,0,,0,0.317900517249766
0,0,2025,2025-02-23,269,Backnang – Schwäbisch Gmünd,08,Baden-Württemberg,erststimme,175503,146415,145149,1266,0.834259243431736,cdu,,,,0.233828686384336,,,,,,,,0,0,,,,0,0,0,0.365582952689994,,0,,,,,,0.0140614127551688,,0,,,,,,,0.0402620755223942,,,0.0218671847549759,,,0,,0.106779929589594,,,,,,,,0.0515745888707466,,0,0,,,0.00159146807763057,,,,,0,,,,0,0,0,,,,,,,,0,0.164451701355159,0,,0,,0,,,,,,0,0,,0,0.365582952689994
0,0,2025,2025-02-23,269,Backnang – Schwäbisch Gmünd,08,Baden-Württemberg,zweitstimme,175503,146415,145691,724,0.834259243431736,cdu,,,,0.232691106519964,,,,,,,,0,0.0433726173888572,,,,0,0.00238861700448209,0.00135904070944671,0.325682437487559,,0,,,,,,0.00557343967712487,,0.00389866223720065,,,,,,,0.0538537040723174,,,0.0118950381286421,,,0,,0.106602329587964,,,,,,,,0.0578210047291871,,0,0,,,0.000411830518014153,,,,,0.00196992264450103,,,,0,0,0,,,,,,,,0,0.138436828630458,0,,0,,0.0085866663005951,,,,,,0.00545675436368753,0,,0,0.325682437487559
0,0,2025,2025-02-23,270,Aalen – Heidenheim,08,Baden-Württemberg,erststimme,217574,180563,178828,1735,0.829892358461949,cdu,,,,0.231155076386248,,,,,,,,0,0,,,,0,0,0.00669917462589751,0.413861363992216,,0,,,,,,0,,0,,,,,,,0.0359283781063368,,,0.0278703558726821,,,0,,0.0831637103809247,,,,,,,,0.0502549936251594,,0,0,,,0,,,,,0,,,,0,0,0,,,,,,,,0,0.140565235869103,0,,0,,0,,,,,,0.010501711141432,0,,0,0.413861363992216
0,0,2025,2025-02-23,270,Aalen – Heidenheim,08,Baden-Württemberg,zweitstimme,217574,180563,179564,999,0.829892358461949,cdu,,,,0.230374685348956,,,,,,,,0,0.0441235436947272,,,,0,0.00121962085941503,0.00184335390167294,0.3467955714954,,0,,,,,,0.0038927624690918,,0.00323561515671293,,,,,,,0.0487068677463189,,,0.0163173019090686,,,0,,0.0937103205542314,,,,,,,,0.0539974605154708,,0,0,,,0.000378695061370876,,,,,0.00186006103673342,,,,0,0,0,,,,,,,,0,0.140835579514825,0,,0,,0.00758503931745784,,,,,,0.00512352141854715,0,,0,0.3467955714954
0,0,2025,2025-02-23,271,Karlsruhe-Stadt,08,Baden-Württemberg,erststimme,202812,168556,167430,1126,0.831094807013392,gruene,,,,0.137287224511736,,,,,,,,0,0,,,,0,0,0,0.23649883533417,,0,,,,,,0.0116167950785403,,0,,,,,,,0.0382189571761333,,,0.012034880248462,,,0,,0.306432538971511,,,,,,,,0.0797527324852177,,0,0,,,0.00152302454757212,,,,,0,,,,0,0,0,,,,,,,,0,0.152619004957296,0,,0,,0,,,,,,0.0240160066893627,0,,0,0.23649883533417
0,0,2025,2025-02-23,271,Karlsruhe-Stadt,08,Baden-Württemberg,zweitstimme,202812,168556,167845,711,0.831094807013392,gruene,,,,0.135112752837439,,,,,,,,0,0.0372188626411272,,,,0,0.00160266912925616,0.000828145014745748,0.224284309928803,,0,,,,,,0.00607703536000477,,0.00209717298698204,,,,,,,0.0515833060263934,,,0.00591617265929876,,,0,,0.240841252345914,,,,,,,,0.112008102713813,,0,0,,,0.000565998391372993,,,,,0.00132860675027555,,,,0,0,0,,,,,,,,0,0.155881914861926,0,,0,,0.00829932378086925,,,,,,0.0163543745717775,0,,0,0.224284309928803
0,0,2025,2025-02-23,272,Karlsruhe-Land,08,Baden-Württemberg,erststimme,207276,176259,174777,1482,0.850358941700921,cdu,,,,0.184766874359899,,,,,,,,0,0,,,,0,0,0,0.391578983504695,,0,,,,,,0.0119237657128798,,0,,,,,,,0.0419391567540352,,,0.0262563151902138,,,0,,0.130102931163711,,,,,,,,0.0505730159002615,,0,0,,,0,,,,,0,,,,0,0,0,,,,,,,,0,0.149636393804677,0,,0,,0,,,,,,0.0132225636096283,0,,0,0.391578983504695
0,0,2025,2025-02-23,272,Karlsruhe-Land,08,Baden-Württemberg,zweitstimme,207276,176259,175405,854,0.850358941700921,cdu,,,,0.190382258202446,,,,,,,,0,0.0385450813830849,,,,0,0.00233174652946039,0.00101479433311479,0.331421567230125,,0,,,,,,0.00506827057381489,,0.00261110002565491,,,,,,,0.0554317151734557,,,0.0132778427068784,,,0,,0.133274422051823,,,,,,,,0.0558136883213135,,0,0,,,0.000285054587953593,,,,,0.00145377839856332,,,,0,0,0,,,,,,,,0,0.150286479860893,0,,0,,0.0101137367805935,,,,,,0.00868846384082552,0,,0,0.331421567230125
0,0,2025,2025-02-23,273,Rastatt,08,Baden-Württemberg,erststimme,200964,163973,162457,1516,0.815932206763401,cdu,,,,0.222058760164228,,,,,,,,0,0,,,,0,0,0,0.388508959293844,,0,,,,,,0,,0.0103227315535803,,,,,,,0.0352524052518513,,,0.0333072751558874,,,0,,0.112485149916593,,,,,,,,0.046830853702826,,0,0,,,0,,,,,0,,,,0,0,0,,,,,,,,0,0.15123386496119,0,,0,,0,,,,,,0,0,,0,0.388508959293844
0,0,2025,2025-02-23,273,Rastatt,08,Baden-Württemberg,zweitstimme,200964,163973,162936,1037,0.815932206763401,cdu,,,,0.225677566651937,,,,,,,,0,0.0410038297245544,,,,0,0.000877645210389355,0.000853095694014828,0.333554278980704,,0,,,,,,0.00405680758089066,,0.00437595129375951,,,,,,,0.0492954288800511,,,0.0160185594343791,,,0,,0.108465900721756,,,,,,,,0.0536222811410615,,0,0,,,0.000214808268277115,,,,,0.00125816271419453,,,,0,0,0,,,,,,,,0,0.144553689792311,0,,0,,0.00990572985712181,,,,,,0.00626626405459813,0,,0,0.333554278980704
0,0,2025,2025-02-23,274,Heidelberg,08,Baden-Württemberg,erststimme,218284,186493,185384,1109,0.854359458320353,cdu,,,,0.119654339101541,,,,,,,,0,0,,,,0,0,0,0.2916109265093,,0,,,,,,0.0122502481336038,,0,,,,,,,0.0365026107970483,,,0.0138415397229534,,,0,,0.277386397963147,,,,,,,,0.0713384110818625,,0,0,,,0.000943986536054891,,,,,0,,,,0,0,0,,,,,,,,0,0.158934967418979,0,,0,,0,,,,,,0.0175365727355112,0,,0,0.2916109265093
0,0,2025,2025-02-23,274,Heidelberg,08,Baden-Württemberg,zweitstimme,218284,186493,185741,752,0.854359458320353,cdu,,,,0.120673410824751,,,,,,,,0,0.0343919759234633,,,,0,0.00092063680070636,0.000845263027549114,0.262661447930182,,0,,,,,,0.00491544677804039,,0.00171206141885744,,,,,,,0.0567187643008275,,,0.00741354897410911,,,0,,0.218578558315073,,,,,,,,0.101377724896496,,0,0,,,0.00027995972886977,,,,,0.00118982884769652,,,,0,0,0,,,,,,,,0,0.169892484696432,0,,0,,0.00712282156335973,,,,,,0.0113060659735869,0,,0,0.262661447930182
0,0,2025,2025-02-23,275,Mannheim,08,Baden-Württemberg,erststimme,195336,153146,151921,1225,0.784013187533276,cdu,,,,0.178842951270726,,,,,,,,0,0,,,,0,0,0,0.247273253862205,,0,,,,,,0.00948519296213163,,0,,,,,,,0.042067916877851,,,0.0172852995965008,,,0,,0.180969056285833,,,,,,,,0.0797585587246003,,0,0,,,0.00145470343138868,,,,,0,,,,0,0,0,,,,,,,,0,0.224702312386043,0,,0,,0.0181607546027212,,,,,,0,0,,0,0.247273253862205
0,0,2025,2025-02-23,275,Mannheim,08,Baden-Württemberg,zweitstimme,195336,153146,152277,869,0.784013187533276,cdu,,,,0.175568207936852,,,,,,,,0,0.0469539063680004,,,,0,0.00110981960506183,0.000801171549216231,0.231335001346231,,0,,,,,,0.00538492352751893,,0.00203576377259862,,,,,,,0.0514785555270986,,,0.00740755334029433,,,0,,0.160076702325368,,,,,,,,0.113024291258693,,0,0,,,0.000538492352751893,,,,,0.00110325262515022,,,,0,0,0,,,,,,,,0,0.181819972812703,0,,0,,0.0115710186042541,,,,,,0.0097913670482082,0,,0,0.231335001346231
0,0,2025,2025-02-23,276,Odenwald – Tauber,08,Baden-Württemberg,erststimme,206482,171415,169900,1515,0.830169215718561,cdu,,,,0.229988228369629,,,,,,,,0,0,,,,0,0,0,0.428487345497351,,0,,,,,,0,,0.0111359623307828,,,,,,,0.0314067098293114,,,0.0338964096527369,,,0,,0.078481459682166,,,,,,,,0.045256032960565,,0,0,,,0,,,,,0,,,,0,0,0,,,,,,,,0,0.141347851677457,0,,0,,0,,,,,,0,0,,0,0.428487345497351
0,0,2025,2025-02-23,276,Odenwald – Tauber,08,Baden-Württemberg,zweitstimme,206482,171415,170343,1072,0.830169215718561,cdu,,,,0.23570090934174,,,,,,,,0,0.0416688681072894,,,,0,0.00137956945691927,0.00115061963215395,0.363701472910539,,0,,,,,,0.00410935582912124,,0.00409761481246661,,,,,,,0.0478916069342444,,,0.019038058505486,,,0,,0.0838543409473826,,,,,,,,0.0489189458915248,,0,0,,,0.000181985758146798,,,,,0.00256541213903712,,,,0,0,0,,,,,,,,0,0.132509113964178,0,,0,,0.00866487029111851,,,,,,0.0045672554786519,0,,0,0.363701472910539
0,0,2025,2025-02-23,277,Rhein-Neckar,08,Baden-Württemberg,erststimme,195510,163898,162479,1419,0.838310060866452,cdu,,,,0.203632469426818,,,,,,,,0,0,,,,0,0,0,0.344229100376049,,0,,,,,,0,,0,,,,,,,0.0432609752644957,,,0.029259165799888,,,0,,0.110223475033697,,,,,,,,0.0509358132435576,,0,0,,,0,,,,,0,,,,0,0,0,,,,,,,,0,0.203607850860727,0,,0,,0,,,,,,0.0148511499947686,0,,0,0.344229100376049
0,0,2025,2025-02-23,277,Rhein-Neckar,08,Baden-Württemberg,zweitstimme,195510,163898,163014,884,0.838310060866452,cdu,,,,0.206650962494019,,,,,,,,0,0.0401744635430086,,,,0,0.00176671942287166,0.00110419963929478,0.310905811770768,,0,,,,,,0.00453948740598967,,0.00258873470990222,,,,,,,0.0564061982406419,,,0.0135816555633259,,,0,,0.123007839817439,,,,,,,,0.0625406406811685,,0,0,,,0.00021470548541843,,,,,0.0013618462217969,,,,0,0,0,,,,,,,,0,0.156906768743789,0,,0,,0.00943477247352988,,,,,,0.0088151937870367,0,,0,0.310905811770768
0,0,2025,2025-02-23,278,Bruchsal – Schwetzingen,08,Baden-Württemberg,erststimme,194216,162421,160799,1622,0.83629052189315,cdu,,,,0.222321034334791,,,,,,,,0,0,,,,0,0,0,0.361401501253117,,0,,,,,,0,,0,,,,,,,0.0416607068451918,,,0.03528007014969,,,0,,0.107283005491328,,,,,,,,0.0515799227607137,,0,0,,,0,,,,,0,,,,0,0,0,,,,,,,,0,0.163272159652734,0,,0,,0,,,,,,0.0172015995124348,0,,0,0.361401501253117
0,0,2025,2025-02-23,278,Bruchsal – Schwetzingen,08,Baden-Württemberg,zweitstimme,194216,162421,161471,950,0.83629052189315,cdu,,,,0.22407119544686,,,,,,,,0,0.0434443336574369,,,,0,0.00112713738070613,0.00128815700652129,0.321376593939469,,0,,,,,,0.00493587083748785,,0.00307795207808213,,,,,,,0.0524490465780233,,,0.0157861163924172,,,0,,0.109239429990525,,,,,,,,0.0574468480408247,,0,0,,,0.000216757188597333,,,,,0.00135008763183482,,,,0,0,0,,,,,,,,0,0.14365427847725,0,,0,,0.0127143573768664,,,,,,0.00782183797709806,0,,0,0.321376593939469
0,0,2025,2025-02-23,279,Pforzheim,08,Baden-Württemberg,erststimme,212982,174321,172032,2289,0.818477617826859,cdu,,,,0.268932524181548,,,,,,,,0,0,,,,0,0,0,0.370640345982143,,0,,,,,,0,,0,,,,,,,0.054536365327381,,,0,,,0,,0,,,,,,,,0.0640752883184524,,0,0,,,0,,,,,0,,,,0,0,0,,,,,,,,0,0.210553850446429,0,,0,,0,,,,,,0.0312616257440476,0,,0,0.370640345982143
0,0,2025,2025-02-23,279,Pforzheim,08,Baden-Württemberg,zweitstimme,212982,174321,173341,980,0.818477617826859,cdu,,,,0.253598398532373,,,,,,,,0,0.0441961220945997,,,,0,0.00339792663016828,0.0013210954130875,0.30480382598462,,0,,,,,,0.00406712780011653,,0.00303448116717914,,,,,,,0.0621260982687304,,,0.0114687234987683,,,0,,0.105208808071951,,,,,,,,0.0537668526199803,,0,0,,,0.000294217755753111,,,,,0.00151724058358957,,,,0,0,0,,,,,,,,0,0.131671099162922,0,,0,,0.0117802481813304,,,,,,0.00774773423483192,0,,0,0.30480382598462
0,0,2025,2025-02-23,280,Calw,08,Baden-Württemberg,erststimme,197556,163682,162408,1274,0.828534693960194,cdu,,,,0.242137086843013,,,,,,,,0,0,,,,0,0.0124439682774248,0.0038052312693956,0.390368701049209,,0,,,,,,0,,0,,,,,,,0.0421038372493966,,,0.0357864144623418,,,0,,0.0811967390768928,,,,,,,,0.0388650805379045,,0,0,,,0,,,,,0,,,,0,0,0,,,,,,,,0,0.128965321905325,0,,0,,0.0149315304664795,,,,,,0.0093960888626176,0,,0,0.390368701049209
0,0,2025,2025-02-23,280,Calw,08,Baden-Württemberg,zweitstimme,197556,163682,162822,860,0.828534693960194,cdu,,,,0.255561287786663,,,,,,,,0,0.0400867204677501,,,,0,0.00812543759442827,0.00161526083698763,0.338246674282345,,0,,,,,,0.0031015464740637,,0.00329193843583791,,,,,,,0.0593961503973665,,,0.0163982754173269,,,0,,0.0881576199776443,,,,,,,,0.0469776811487391,,0,0,,,0.000171966933215413,,,,,0.00195305302723219,,,,0,0,0,,,,,,,,0,0.122065814202012,0,,0,,0.00933534780312243,,,,,,0.00551522521526575,0,,0,0.338246674282345
0,0,2025,2025-02-23,281,Freiburg,08,Baden-Württemberg,erststimme,228338,196067,194763,1304,0.858670041780168,gruene,,,,0.102729984648008,,,,,,,,0,0,,,,0,0,0,0.24545729938438,,0,,,,,,0.00945764852667088,,0,,,,,,,0.0284499622618259,,,0.013216062599159,,,0,,0.324912842788415,,,,,,,,0.100214106375441,,0,0,,,0.00122199801810405,,,,,0,,,,0,0,0,,,,,,,,0,0.156528704117312,0,,0,,0,,,,,,0.0178113912806847,0,,0,0.24545729938438
0,0,2025,2025-02-23,281,Freiburg,08,Baden-Württemberg,zweitstimme,228338,196067,195270,797,0.858670041780168,gruene,,,,0.103881804680699,,,,,,,,0,0.0351206022430481,,,,0,0.00140830644748297,0.000798893839299432,0.221974701695089,,0,,,,,,0.00462436626209863,,0.00237107594612588,,,,,,,0.0424233113125416,,,0.00716956009627695,,,0,,0.266128949659446,,,,,,,,0.139115071439545,,0,0,,,0.000378962462231782,,,,,0.00191529676857684,,,,0,0,0,,,,,,,,0,0.153290315972756,0,,0,,0.00844471757054335,,,,,,0.0109540636042403,0,,0,0.221974701695089
0,0,2025,2025-02-23,282,Lörrach – Müllheim,08,Baden-Württemberg,erststimme,229946,187809,186369,1440,0.816752628878085,cdu,,,,0.176252488343018,,,,,,,,0,0,,,,0,0,0,0.332136782404799,,0,,,,,,0,,0,,,,,,,0.0311747125326637,,,0.0545906239771636,,,0,,0.156887679817995,,,,,,,,0.0607665437921543,,0,0,,,0,,,,,0,,,,0,0,0,,,,,,,,0,0.173258428172067,0,,0,,0,,,,,,0.0149327409601382,0,,0,0.332136782404799
0,0,2025,2025-02-23,282,Lörrach – Müllheim,08,Baden-Württemberg,zweitstimme,229946,187809,186786,1023,0.816752628878085,cdu,,,,0.181817695116336,,,,,,,,0,0.0446821496257749,,,,0,0.00271968991252021,0.00106003661944685,0.292404141638024,,0,,,,,,0.00492006895591747,,0.00321758590044222,,,,,,,0.0490186630689666,,,0.0193911749274571,,,0,,0.152318696262032,,,,,,,,0.0677299155182937,,0,0,,,0.000353345539815618,,,,,0.00187915582538306,,,,0,0,0,,,,,,,,0,0.159551572387652,0,,0,,0.0107395629222747,,,,,,0.00819654577966229,0,,0,0.292404141638024
0,0,2025,2025-02-23,283,Emmendingen – Lahr,08,Baden-Württemberg,erststimme,218790,182311,180872,1439,0.833269345034051,cdu,,,,0.189537352381795,,,,,,,,0,0,,,,0,0,0,0.370339245433235,,0,,,,,,0,,0,,,,,,,0.0314863549913751,,,0.0380103056305011,,,0,,0.10133132823212,,,,,,,,0.0470166747755319,,0,0,,,0,,,,,0,,,,0,0,0,,,,,,,,0,0.222278738555443,0,,0,,0,,,,,,0,0,,0,0.370339245433235
0,0,2025,2025-02-23,283,Emmendingen – Lahr,08,Baden-Württemberg,zweitstimme,218790,182311,181318,993,0.833269345034051,cdu,,,,0.194735216580814,,,,,,,,0,0.0403269394103178,,,,0,0.00156630891582744,0.001064428242094,0.322223938053585,,0,,,,,,0.00485335157016954,,0.00280722266956397,,,,,,,0.0468624185133302,,,0.0184868573445549,,,0,,0.132320012353986,,,,,,,,0.0588965243384551,,0,0,,,0.000242667578508477,,,,,0.00215643234538215,,,,0,0,0,,,,,,,,0,0.155252098523037,0,,0,,0.0114329520510926,,,,,,0.00677263150928204,0,,0,0.322223938053585
0,0,2025,2025-02-23,284,Offenburg,08,Baden-Württemberg,erststimme,204805,167833,166185,1648,0.819477063548253,cdu,,,,0.20706441616271,,,,,,,,0,0,,,,0,0,0,0.382056142251106,,0,,,,,,0,,0,,,,,,,0.0445647922496014,,,0.0462436441315402,,,0,,0.123248187261185,,,,,,,,0.0541143905888016,,0,0,,,0,,,,,0,,,,0,0,0,,,,,,,,0,0.12982519481301,0,,0,,0,,,,,,0.0128832325420465,0,,0,0.382056142251106
0,0,2025,2025-02-23,284,Offenburg,08,Baden-Württemberg,zweitstimme,204805,167833,166802,1031,0.819477063548253,cdu,,,,0.21800098320164,,,,,,,,0,0.0451613290008513,,,,0,0.00109710914737233,0.000917255188786705,0.335733384491793,,0,,,,,,0.00409467512379948,,0.00431049987410223,,,,,,,0.0526432536780135,,,0.0190825050059352,,,0,,0.110933921655616,,,,,,,,0.0568938022325871,,0,0,,,0.000173858826632774,,,,,0.00156472943969497,,,,0,0,0,,,,,,,,0,0.133043968297742,0,,0,,0.00937039124231124,,,,,,0.00697833359312238,0,,0,0.335733384491793
0,0,2025,2025-02-23,285,Rottweil – Tuttlingen,08,Baden-Württemberg,erststimme,196201,161387,159828,1559,0.82255951804527,cdu,,,,0.275308456590835,,,,,,,,0,0,,,,0,0,0,0.389449908651801,,0,,,,,,0,,0,,,,,,,0.0545523938233601,,,0.0299947443501764,,,0,,0.0779650624421253,,,,,,,,0.0447168205821258,,0,0,,,0,,,,,0,,,,0,0,0,,,,,,,,0,0.110725279675651,0,,0,,0,,,,,,0.0172873338839252,0,,0,0.389449908651801
0,0,2025,2025-02-23,285,Rottweil – Tuttlingen,08,Baden-Württemberg,zweitstimme,196201,161387,160266,1121,0.82255951804527,cdu,,,,0.270806034966868,,,,,,,,0,0.0452310533737661,,,,0,0.00222130707698451,0.00142887449615015,0.343572560617973,,0,,,,,,0.0039746421574133,,0.00394344402430959,,,,,,,0.0607552444061747,,,0.0146631225587461,,,0,,0.0776396740419053,,,,,,,,0.0470530243470231,,0,0,,,0.00018718879862229,,,,,0.00325708509602785,,,,0,0,0,,,,,,,,0,0.107989217925199,0,,0,,0.00938439843759749,,,,,,0.00789312767523991,0,,0,0.343572560617973
0,0,2025,2025-02-23,286,Schwarzwald-Baar,08,Baden-Württemberg,erststimme,160376,131135,130078,1057,0.817672220282337,cdu,,,,0.224042497578376,,,,,,,,0,0,,,,0,0,0,0.423161487722751,,0,,,,,,0,,0,,,,,,,0.0347791325204877,,,0.022548009655745,,,0,,0.0767155091560448,,,,,,,,0.0407063454235151,,0,0,,,0,,,,,0,,,,0,0,0,,,,,,,,0,0.149110533679792,0,,0,,0,,,,,,0.0115315426128938,0,,0.0174049416503944,0.423161487722751
0,0,2025,2025-02-23,286,Schwarzwald-Baar,08,Baden-Württemberg,zweitstimme,160376,131135,130236,899,0.817672220282337,cdu,,,,0.237668540188581,,,,,,,,0,0.0446650695660186,,,,0,0.0021883350225744,0.0012822875395436,0.340443502564575,,0,,,,,,0.00385454098713105,,0.00369329524862557,,,,,,,0.0527811050707946,,,0.0158635093215394,,,0,,0.0990125618108664,,,,,,,,0.0506081267852207,,0,0,,,0.00036088331951227,,,,,0.00179673822906109,,,,0,0,0,,,,,,,,0,0.12910408796339,0,,0,,0.0095442120458245,,,,,,0.00713320433674253,0,,0,0.340443502564575
0,0,2025,2025-02-23,287,Konstanz,08,Baden-Württemberg,erststimme,207094,170740,169574,1166,0.824456526987745,cdu,,,,0.174478398811139,,,,,,,,0,0,,,,0,0,0,0.376956373028884,,0,,,,,,0,,0,,,,,,,0.0434205715498838,,,0.019702312854565,,,0,,0.149728142285964,,,,,,,,0.0588946418672674,,0,0,,,0,,,,,0,,,,0,0,0,,,,,,,,0,0.155984997700119,0,,0,,0,,,,,,0.0171665467583474,0,,0.00366801514383101,0.376956373028884
0,0,2025,2025-02-23,287,Konstanz,08,Baden-Württemberg,zweitstimme,207094,170740,169951,789,0.824456526987745,cdu,,,,0.183205747538997,,,,,,,,0,0.0408058793416926,,,,0,0.00128860671605345,0.000870839241899136,0.301045595495172,,0,,,,,,0.0051308906684868,,0.00274196680219593,,,,,,,0.057781360509794,,,0.0113503303893475,,,0,,0.168372060182052,,,,,,,,0.0744920594759666,,0,0,,,0.000282434348724044,,,,,0.00177109872845703,,,,0,0,0,,,,,,,,0,0.132973621808639,0,,0,,0.00793758200893199,,,,,,0.0099499267435908,0,,0,0.301045595495172
0,0,2025,2025-02-23,288,Waldshut,08,Baden-Württemberg,erststimme,176262,145383,144405,978,0.82481192769854,cdu,,,,0.184965894532738,,,,,,,,0,0,,,,0,0,0,0.377182230532184,,0,,,,,,0,,0.00950105605761573,,,,,,,0.0357951594473876,,,0.0299227866071119,,,0,,0.116401786641737,,,,,,,,0.0473598559606662,,0,0,,,0,,,,,0,,,,0,0,0,,,,,,,,0,0.1866832865898,0,,0,,0,,,,,,0.0121879436307607,0,,0,0.377182230532184
0,0,2025,2025-02-23,288,Waldshut,08,Baden-Württemberg,zweitstimme,176262,145383,144671,712,0.82481192769854,cdu,,,,0.190826081246414,,,,,,,,0,0.039759177720483,,,,0,0.00152069177651361,0.00114051883238521,0.336598212495939,,0,,,,,,0.00373260708780613,,0.0043201470923682,,,,,,,0.0498510413282552,,,0.0166861361295629,,,0,,0.136696366237878,,,,,,,,0.056673417616523,,0,0,,,0.000283401649259354,,,,,0.00197689930946769,,,,0,0,0,,,,,,,,0,0.143435795701972,0,,0,,0.00831541912339031,,,,,,0.00818408665178232,0,,0,0.336598212495939
0,0,2025,2025-02-23,289,Reutlingen,08,Baden-Württemberg,erststimme,197827,165466,164202,1264,0.836417678072255,cdu,,,,0.197799052386694,,,,,,,,0,0,,,,0,0,0,0.384824788979428,,0,,,,,,0.0125089828382115,,0,,,,,,,0.0555108951169901,,,0.0283126880305965,,,0,,0.127087367997954,,,,,,,,0.0555291652964032,,0,0,,,0.00176611734327231,,,,,0,,,,0,0,0,,,,,,,,0,0.136660942010451,0,,0,,0,,,,,,0,0,,0,0.384824788979428
0,0,2025,2025-02-23,289,Reutlingen,08,Baden-Württemberg,zweitstimme,197827,165466,164654,812,0.836417678072255,cdu,,,,0.210113328555638,,,,,,,,0,0.0458233629307518,,,,0,0.00220462302768229,0.0011843016264409,0.325846927496447,,0,,,,,,0.00465217972232682,,0.00269049036160676,,,,,,,0.0644017151116888,,,0.0129179977407169,,,0,,0.122207781165353,,,,,,,,0.0605512164903373,,0,0,,,0.000443353942206081,,,,,0.00163372891032104,,,,0,0,0,,,,,,,,0,0.131336013701459,0,,0,,0.00795607759301323,,,,,,0.00603690162401156,0,,0,0.325846927496447
0,0,2025,2025-02-23,290,Tübingen,08,Baden-Württemberg,erststimme,199799,172184,171017,1167,0.861786095025501,cdu,,,,0.156475672009215,,,,,,,,0,0,,,,0,0,0,0.317231620248279,,0,,,,,,0.00974756895513312,,0,,,,,,,0.0364992953916862,,,0.0225825502727799,,,0,,0.246618757199577,,,,,,,,0.0615201997462241,,0,0,,,0,,,,,0,,,,0,0,0,,,,,,,,0,0.129513440184309,0,,0,,0,,,,,,0.0105545062771537,0,,0.0092563897156423,0.317231620248279
0,0,2025,2025-02-23,290,Tübingen,08,Baden-Württemberg,zweitstimme,199799,172184,171482,702,0.861786095025501,cdu,,,,0.161393032504869,,,,,,,,0,0.0398759053428348,,,,0,0.00162116140469554,0.00104967285196114,0.28501533688667,,0,,,,,,0.00419285989200033,,0.00237342694860102,,,,,,,0.0500285744276367,,,0.0102401418224653,,,0,,0.192130952519798,,,,,,,,0.0960159083752231,,0,0,,,0.000513173394292112,,,,,0.00193606326028388,,,,0,0,0,,,,,,,,0,0.139431543835505,0,,0,,0.00671790625255129,,,,,,0.00746434028061254,0,,0,0.28501533688667
0,0,2025,2025-02-23,291,Ulm,08,Baden-Württemberg,erststimme,223539,190020,188780,1240,0.850053010884007,cdu,,,,0.185348024155101,,,,,,,,0,0,,,,0,0,0.00649962919800826,0.38788536921284,,0,,,,,,0,,0,,,,,,,0.0354910477804852,,,0.0201292509799767,,,0,,0.155440194935904,,,,,,,,0.0496609810361267,,0,0,,,0.0011547833456934,,,,,0,,,,0,0,0,,,,,,,,0,0.133594660451319,0,,0,,0.0156955185930713,,,,,,0.00910054031147367,0,,0,0.38788536921284
0,0,2025,2025-02-23,291,Ulm,08,Baden-Württemberg,zweitstimme,223539,190020,189141,879,0.850053010884007,cdu,,,,0.192702798441374,,,,,,,,0,0.0390343711834029,,,,0,0.0015808312317266,0.00232101976832099,0.339043359187062,,0,,,,,,0.00389656393907191,,0.00280214231710734,,,,,,,0.0515435574518481,,,0.0134925796099206,,,0,,0.135702994062631,,,,,,,,0.0645021439032256,,0,0,,,0.000401816634151242,,,,,0.00217298206100211,,,,0,0,0,,,,,,,,0,0.134724887782131,0,,0,,0.00926293082938126,,,,,,0.00681502159764409,0,,0,0.339043359187062
0,0,2025,2025-02-23,292,Biberach,08,Baden-Württemberg,erststimme,169789,144530,143512,1018,0.851233000960015,cdu,,,,0.223514409944813,,,,,,,,0,0,,,,0,0,0,0.408683594403256,,0,,,,,,0,,0,,,,,,,0.038707564524221,,,0.0323178549528959,,,0,,0.10325965772897,,,,,,,,0.0379550142148392,,0,0,,,0,,,,,0,,,,0,0,0,,,,,,,,0,0.126992864708178,0,,0,,0.0167303082669045,,,,,,0.0118387312559228,0,,0,0.408683594403256
0,0,2025,2025-02-23,292,Biberach,08,Baden-Württemberg,zweitstimme,169789,144530,143746,784,0.851233000960015,cdu,,,,0.231769927511026,,,,,,,,0,0.0381993238072712,,,,0,0.00189918328162175,0.00149569379321859,0.382800217049518,,0,,,,,,0.00388184714705105,,0.00427142320481961,,,,,,,0.0507701083856246,,,0.0187553044954294,,,0,,0.0978392442224479,,,,,,,,0.0451908227011534,,0,0,,,0.000201744744201578,,,,,0.00400706802276237,,,,0,0,0,,,,,,,,0,0.104009850708889,0,,0,,0.0087515478691581,,,,,,0.00615669305580677,0,,0,0.382800217049518
0,0,2025,2025-02-23,293,Bodensee,08,Baden-Württemberg,erststimme,173329,145115,144027,1088,0.837222853648264,cdu,,,,0.203559054899429,,,,,,,,0,0,,,,0,0,0,0.400327716330966,,0,,,,,,0,,0,,,,,,,0.0321328639768932,,,0.0245440091094031,,,0,,0.126844272254508,,,,,,,,0.0422837384657043,,0,0,,,0.00160386594180258,,,,,0,,,,0,0,0,,,,,,,,0,0.152513070465954,0,,0,,0,,,,,,0.0161914085553403,0,,0,0.400327716330966
0,0,2025,2025-02-23,293,Bodensee,08,Baden-Württemberg,zweitstimme,173329,145115,144362,753,0.837222853648264,cdu,,,,0.189038666685139,,,,,,,,0,0.0405231293553705,,,,0,0.00144082237707984,0.00106676272149181,0.350410772918081,,0,,,,,,0.00405231293553705,,0.00351893157479115,,,,,,,0.0574181571327635,,,0.0139926019312561,,,0,,0.135492719690777,,,,,,,,0.0554300993336197,,0,0,,,0.000339424502292847,,,,,0.0021681605962788,,,,0,0,0,,,,,,,,0,0.13007578171541,0,,0,,0.0072941632839667,,,,,,0.00773749324614511,0,,0,0.350410772918081
0,0,2025,2025-02-23,294,Ravensburg,08,Baden-Württemberg,erststimme,188225,157982,156776,1206,0.839325275601009,cdu,,,,0.185991478287493,,,,,,,,0,0,,,,0,0,0,0.387189365719243,,0,,,,,,0,,0,,,,,,,0.0570750625095678,,,0.0297685870286268,,,0,,0.152261825789662,,,,,,,,0.0625733530642445,,0,0,,,0,,,,,0,,,,0,0,0,,,,,,,,0,0.109768076746441,0,,0,,0,,,,,,0.0153722508547227,0,,0,0.387189365719243
0,0,2025,2025-02-23,294,Ravensburg,08,Baden-Württemberg,zweitstimme,188225,157982,157236,746,0.839325275601009,cdu,,,,0.190160014246101,,,,,,,,0,0.0414536111323107,,,,0,0.00171716400824239,0.00107481747182579,0.350155180747412,,0,,,,,,0.00455366455519092,,0.00456638428858531,,,,,,,0.0542178635935791,,,0.0170380828817828,,,0,,0.132545981836221,,,,,,,,0.0647943219110127,,0,0,,,0.000292553868070925,,,,,0.00396219695235188,,,,0,0,0,,,,,,,,0,0.117314101096441,0,,0,,0.00783535577094304,,,,,,0.00831870563992979,0,,0,0.350155180747412
0,0,2025,2025-02-23,295,Zollernalb – Sigmaringen,08,Baden-Württemberg,erststimme,180742,148788,147189,1599,0.823206559626429,cdu,,,,0.261554871627635,,,,,,,,0,0,,,,0,0,0.00743262064420575,0.371332096827888,,0,,,,,,0,,0,,,,,,,0.0419256873815299,,,0.0262111978476652,,,0,,0.0532512619828927,,,,,,,,0.0398263457187697,,0,0,,,0.00215369355046912,,,,,0,,,,0,0,0,,,,,,,,0,0.196312224418944,0,,0,,0,,,,,,0,0,,0,0.371332096827888
0,0,2025,2025-02-23,295,Zollernalb – Sigmaringen,08,Baden-Württemberg,zweitstimme,180742,148788,147931,857,0.823206559626429,cdu,,,,0.262257403789605,,,,,,,,0,0.0422697068227755,,,,0,0.00156829873386917,0.00202797250069289,0.365332486091489,,0,,,,,,0.00414382380974914,,0.00308927810938884,,,,,,,0.0546335791686665,,,0.013878091813075,,,0,,0.0753797378507548,,,,,,,,0.0490634147000967,,0,0,,,0.000689510650235583,,,,,0.00194009369232953,,,,0,0,0,,,,,,,,0,0.110483941837749,0,,0,,0.00882844028634972,,,,,,0.00441422014317486,0,,0,0.365332486091489
0,0,2025,2025-02-23,296,Saarbrücken,10,Saarland,erststimme,187345,149368,147516,1852,0.797288425098081,spd,,,,0.206228476910979,,,,,,,,0,0,,,,0,0,0,0.247525692128312,,0,,,,,,0,,0,,,,,,,0.0359622007104314,,,0.0239431654871336,,,0,,0.0741004365628135,,,,,,,,0.0846281081374224,,0,0,,,0.00376908267577754,,,,,0,,,,0,0,0,,,,,,,,0,0.323842837387131,0,,0,,0,,,,,,0,0,,0,0.247525692128312
0,0,2025,2025-02-23,296,Saarbrücken,10,Saarland,zweitstimme,187345,149368,148119,1249,0.797288425098081,spd,,,,0.200386175980124,,,,,,,,0,0.0633139570210439,,,,0,0,0.00253849944976674,0.228599977045484,,0,,,,,,0,,0,,,,,,,0.043802618165124,,,0.00992445263605614,,,0,,0.0993863042553622,,,,,,,,0.0989812245559314,,0,0,,,0.000904677995395594,,,,,0,,,,0,0,0.00317312431220843,,,,,,,,0,0.220430869773628,0,,0,,0.0202944929414862,,,,,,0.00826362586838961,0,,0,0.228599977045484
0,0,2025,2025-02-23,297,Saarlouis,10,Saarland,erststimme,198307,164765,162392,2373,0.830858214788182,cdu,,,,0.219351938519139,,,,,,,,0,0,,,,0,0,0,0.31839006847628,,0,,,,,,0,,0,,,,,,,0.0323907581654269,,,0.0318365436721021,,,0,,0.0475762352825262,,,,,,,,0.0671400068968915,,0,0,,,0,,,,,0,,,,0,0,0,,,,,,,,0,0.283314448987635,0,,0,,0,,,,,,0,0,,0,0.31839006847628
0,0,2025,2025-02-23,297,Saarlouis,10,Saarland,zweitstimme,198307,164765,163131,1634,0.830858214788182,cdu,,,,0.217132243411737,,,,,,,,0,0.0676940618276109,,,,0,0,0.00235393640693676,0.282527539216948,,0,,,,,,0,,0,,,,,,,0.0444979801509217,,,0.0133021927162832,,,0,,0.0624651353819936,,,,,,,,0.0676511515285262,,0,0,,,0.000337152349951879,,,,,0,,,,0,0,0.00283820978232218,,,,,,,,0,0.212638922093287,0,,0,,0.0204314324070839,,,,,,0.0061300427263978,0,,0,0.282527539216948
0,0,2025,2025-02-23,298,St. Wendel,10,Saarland,erststimme,168073,143181,141323,1858,0.851897687314441,cdu,,,,0.205472569928462,,,,,,,,0,0,,,,0,0,0,0.338762975594914,,0,,,,,,0,,0,,,,,,,0.037934377277584,,,0.036554559413542,,,0,,0.037799933485703,,,,,,,,0.0575490189141187,,0,0,,,0,,,,,0,,,,0,0,0,,,,,,,,0,0.285926565385677,0,,0,,0,,,,,,0,0,,0,0.338762975594914
0,0,2025,2025-02-23,298,St. Wendel,10,Saarland,zweitstimme,168073,143181,141805,1376,0.851897687314441,cdu,,,,0.207263495645429,,,,,,,,0,0.0572617326610486,,,,0,0,0.00257395719473925,0.302930080039491,,0,,,,,,0,,0,,,,,,,0.0405839004266422,,,0.0164169105461726,,,0,,0.0620641021120553,,,,,,,,0.0604774161700927,,0,0,,,0.000331441063432178,,,,,0,,,,0,0,0.00289129438313177,,,,,,,,0,0.221910369874123,0,,0,,0.0204506188075174,,,,,,0.00484468107612567,0,,0,0.302930080039491
0,0,2025,2025-02-23,299,Homburg,10,Saarland,erststimme,180479,147979,146011,1968,0.819923647626594,spd,,,,0.233516652854922,,,,,,,,0,0,,,,0,0,0,0.280184369670778,,0,,,,,,0,,0,,,,,,,0.0320866236105499,,,0.0382847867626412,,,0,,0.04436652033066,,,,,,,,0.0663991069166022,,0,0,,,0,,,,,0,,,,0,0,0,,,,,,,,0,0.305161939853847,0,,0,,0,,,,,,0,0,,0,0.280184369670778
0,0,2025,2025-02-23,299,Homburg,10,Saarland,zweitstimme,180479,147979,146668,1311,0.819923647626594,spd,,,,0.237277388387378,,,,,,,,0,0.0576812938064199,,,,0,0,0.00246815938036927,0.260499904546322,,0,,,,,,0,,0,,,,,,,0.0424291597349115,,,0.0170998445468678,,,0,,0.0658562194889137,,,,,,,,0.0668653012245343,,0,0,,,0.000463632148798647,,,,,0,,,,0,0,0.00279542913246243,,,,,,,,0,0.220429814274416,0,,0,,0.0206179943818693,,,,,,0.00551585894673685,0,,0,0.260499904546322
